 4.0974266  4.0974266  4.0974266 90.        90.        90.       
C  1.19474386 1.19474386 1.19474386
C  2.90268274 2.90268274 1.19474386
C  2.90268274 1.19474386 2.90268274
C  1.19474386 2.90268274 2.90268274
C  1.32822337 2.0487133  0.        
C  2.76920323 2.0487133  0.        
C  0.         1.32822337 2.0487133 
C  0.         2.76920323 2.0487133 
C  2.0487133  0.         1.32822337
C  2.0487133  0.         2.76920323
-77.67556796
40 bands 
kx ky kz  bandenergy1 bandenergy2 bandenergy3 bandenergy4 bandenergy5 bandenergy6 bandenergy7 bandenergy8 bandenergy9 bandenergy10 bandenergy11 bandenergy12 bandenergy13 bandenergy14 bandenergy15 bandenergy16 bandenergy17 bandenergy18 bandenergy19 bandenergy20 bandenergy21 bandenergy22 bandenergy23 bandenergy24 bandenergy25 bandenergy26 bandenergy27 bandenergy28 bandenergy29 bandenergy30 bandenergy31 bandenergy32 bandenergy33 bandenergy34 bandenergy35 bandenergy36 bandenergy37 bandenergy38 bandenergy39 bandenergy40
0.0 0.0 0.0 -11.92904259127364 -7.107403329608102 -7.107403329608097 -5.352185149132262 -5.352185149132226 -5.352185149096796 0.324141098215223 0.32414109821528214 0.3241410982164853 1.327729358930488 1.3682393795114132 1.3682393795114813 1.3682393795118994 3.925605057396106 3.925605057396153 6.0640931273209455 6.466285062584772 6.466285062584781 6.4662850625945385 7.653012331712355 7.653012331712456 7.65301233190708 14.540237162626706 15.32241469301734 15.322414693017384 15.32241576991714 17.52381478324897 17.523814783248994 17.52383376926381 18.726040175770258 18.90824653352157 18.908246533521574 23.144908405443907 23.144908405516894 23.17284295628464 24.86450628542741 24.864506285624312 24.918922318928995 26.912380806759256 26.912380807242943 
0.0 0.0625 0.0 -11.906882896860266 -7.264268649831312 -7.100426290169985 -5.351887638721505 -5.332378404448727 -5.19533608527868 0.2090739687748221 0.24067116361883661 0.3450615802155583 1.1965072928854223 1.3317393555257306 1.3954349613453745 1.4387748104661222 3.929624952867522 4.0273218049233375 6.051841660424034 6.363275088706687 6.574340444906596 6.696087868766184 7.631046847646065 7.649637924338778 7.677180089534931 14.527271775550519 15.183135803993034 15.218901684398059 15.424656273367097 17.442633433380863 17.46176354010297 17.538953545232836 18.740479494291424 18.846830130802203 18.920811366287285 22.90739055620831 22.99630510146606 23.231231833376448 24.574711536361885 24.645020192138706 24.988693827046724 25.097370751232038 26.058950253754364 
0.0 0.125 0.0 -11.840806392798303 -7.6248409936354795 -7.078191766573039 -5.330183828243221 -5.2919033131536075 -4.828631301964718 0.013927987565813649 0.02812877694269948 0.2879149496518233 0.9246022943117 1.2569905794973582 1.455329855010546 1.5526238415479015 3.9361962278224656 4.30509139622401 6.06887196823757 6.398342764304461 6.834083052172136 6.97624310690806 7.584223184692768 7.665358333282171 7.793895561974187 14.362581166881245 15.001148404929582 15.066145915368796 15.519826412248117 17.2408301797836 17.305001616365466 17.55752569375233 18.61137729577145 18.684299953260183 19.10847463034611 22.666318284963445 22.68154045816862 23.190435757382513 24.405638433838423 24.42833247359992 24.55525686407199 25.113690308035654 25.208736103858083 
0.0 0.1875 0.0 -11.731984694308021 -8.05780409208464 -7.042420158494317 -5.290254558536308 -5.2338241187911345 -4.378489812327315 -0.24929491568695 -0.22498546077860598 0.16406157908166602 0.5514966097730053 1.1801952107458265 1.5283893570072233 1.7181843119824833 3.9368137634141287 4.671515120343773 6.137086657406903 6.526591845075187 7.148008562073503 7.1577342897522795 7.539628395585399 7.762923744424803 8.134953855283603 13.873127873158866 14.772938559898959 15.090837301363143 15.61445493579006 16.957063463155944 17.039413820055323 17.58847218188852 18.404425075499642 18.48195744873867 19.353987747553447 22.359198393518334 22.569477066815054 23.135755547128564 24.1523153781674 24.36462668606455 24.44834431859628 24.929285036023657 25.02016217387459 
0.0 0.25 0.0 -11.584322457727083 -8.502879683499756 -6.999853903754706 -5.238233271817247 -5.165855017001295 -3.9009288381996723 -0.5386747109549204 -0.477318260404527 -0.011418075671249571 0.11206323351975185 1.1239314103400615 1.5955871337869596 1.9171407346123785 3.9184965112175987 5.026309968938093 6.24591282381847 6.664183902251186 7.17637511667805 7.4842372662634284 7.552977634688526 7.994466223226089 8.684902250686582 13.178576388547587 14.475416370920904 15.187341476740162 15.692041865868967 16.61077586403903 16.677806610419356 17.614889943987816 18.054991692723238 18.428224293525336 19.55488053746095 22.128926507836233 22.6173780092788 23.129536332298397 23.93838717384934 24.236709078153925 24.433843657644392 24.811993125529074 24.860832845317844 
0.0 0.3125 0.0 -11.404130165803569 -8.926988965216829 -6.954794493962947 -5.180696046495545 -5.095075227438466 -3.4140733006370363 -0.8006039777143745 -0.7070770162650634 -0.35716193665668017 -0.19990568278555929 1.0979767411020935 1.6600147774635226 2.137102393218444 3.880394198286562 5.279480776625809 6.415298400554184 6.745958509940303 7.131998272874469 7.68243055086519 7.829754562492794 8.342621143792018 9.337015740314875 12.396056202479588 14.118128157445591 15.25804441098742 15.736871587663494 16.291670031835963 16.314878196423532 17.645925804050982 17.64807598037428 18.526512790272466 19.673278583877615 21.983130143789463 22.72807117938297 23.23925203881306 23.762543574464836 24.02323877197521 24.473670714409323 24.748846626379425 24.784814188896576 
0.0 0.375 0.0 -11.207127394255117 -9.305333069297674 -6.915637195902596 -5.128819009825433 -5.033218520618725 -2.9283421384786608 -1.0285133959324286 -0.8934191303787273 -0.8201984565183474 -0.3675377981812622 1.0876212611161893 1.7078325502329987 2.3449135344134966 3.8206491631081363 5.3908824293970055 6.6347802449775 6.76258195766572 7.0677720937315325 7.870725101209632 8.174057419339157 8.768539037423754 9.994455513944914 11.58536608775789 13.694282075716846 15.225756366806955 15.65046635602728 16.103486221992586 16.134062817247308 17.216691061971602 17.667271380458807 18.7428540363317 19.67294801996774 21.891382027677505 22.810995954564092 23.44871689952549 23.617243441482653 23.80041068451292 24.520564907989154 24.68264006352727 24.78399832172695 
0.0 0.4375 0.0 -11.029464091445675 -9.593255025983614 -6.887714331579819 -5.09225605720653 -4.990043411191712 -2.455467784999768 -1.3722788248430653 -1.0832120993728218 -1.013464493721392 -0.48145246389612606 1.085625813177468 1.7384879826964739 2.502421398795874 3.762218872904595 5.421490384079701 6.757162881999244 6.824284001616839 7.020297035575109 8.023686089246471 8.421832998490139 9.299413580212224 10.55733533113905 10.798211875097197 13.286710498153626 15.113538060709976 15.474432621988216 16.075911529015723 16.21283993506874 16.814795215615742 17.680658768760768 19.0149909718873 19.56492727138766 21.844110117632447 22.86756116643669 23.501554253397565 23.531291477360686 23.787891555077515 24.56538496848659 24.649725194320556 24.791292659648473 
0.0 0.5 0.0 -10.949957789799194 -9.710565002298301 -6.878335020775658 -5.079247633081114 -4.975055613830731 -2.135828983962124 -1.6850628336348061 -1.1396025016388216 -1.0560377341003808 -0.5221510617697112 1.0850597465262153 1.7478518006532506 2.5607505760285907 3.7335472400700014 5.423931039314302 6.750710762344734 6.895386916856769 7.001700650615367 8.080668701412385 8.504886734968265 9.776437909591062 10.232213185872363 10.800271907735631 13.090825461698916 15.05562200163081 15.39726093951655 16.0779424730471 16.40715665587587 16.513057313479486 17.68423414454508 19.206355502105318 19.4290175283578 21.82605269482631 22.8923284120405 23.44827888547402 23.500094961759512 23.860039048193453 24.58577132649427 24.630811003240805 24.793925675531945 
0.0625 0.5 0.0 -10.926745717482778 -9.6980818254006 -6.977525277195246 -5.092032979269514 -4.901514562913801 -2.201766233941397 -1.726851230634426 -1.2447792800781408 -0.9762889435356695 -0.3312709278049722 0.9723318257534348 1.676928281784119 2.657045591192708 3.8246867640929523 5.428492129181474 6.636839658701754 6.71351048023887 7.262231768830391 8.018370164820755 8.57980111166771 9.809648549360908 10.284035202022924 10.803001129838831 13.083354565793268 15.012883175557528 15.413748478491538 16.054020962813393 16.384161830645454 16.537157577172827 17.68113456464369 19.11576103261736 19.407663222449163 21.77823810603376 22.60497152085187 23.464417959533968 23.46671900725308 23.87599111577273 24.536574998960283 24.698692467894677 25.110082443611667 
0.125 0.5 0.0 -10.857849505656763 -9.662520347622873 -7.235055363883787 -5.132770287691666 -4.717242625358768 -2.3648982297646093 -1.814779514862529 -1.3837345586836793 -0.7879725354504659 0.007417682427438419 0.7175818402444711 1.5393491074719785 2.86090006795403 4.047640993631118 5.44432041608765 6.349655157057863 6.610102072321269 7.569635604430886 7.89075973784457 8.739608816154956 9.889844953107922 10.439214402144039 10.832721786520606 13.034244005836372 14.879091527173955 15.476377147838997 15.997497312378796 16.312226117353706 16.58186098348674 17.67587731388881 18.86653236637479 19.361604109958243 21.655538297556127 22.021730176761697 23.368410922256132 23.52212379473209 23.955042608476145 24.45297954382884 24.881283394657434 25.62800103787127 
0.1875 0.5 0.0 -10.743609027829246 -9.606864591338407 -7.580819206906007 -5.20652873415312 -4.478205860139209 -2.5401977383544696 -1.9144432378923646 -1.4903020184145128 -0.5714727066830118 0.2553035195956624 0.4516589284873946 1.4987982043104626 3.056125605139973 4.324196591422496 5.473524247361353 6.102531523294395 6.4662561455841585 7.7530621324552955 7.894091320642594 8.935452295696628 9.971626585912224 10.688058098515251 10.939160553629389 12.884573903904911 14.649804275611476 15.599187925221186 15.915786250650683 16.206274316835845 16.61622683125331 17.6798925741789 18.513931300244796 19.330215640006397 21.419992342211323 21.508460805804646 23.241930956062188 23.604447656414383 24.027283827124176 24.372727808207788 25.10906262646434 26.35954615697581 
0.25 0.5 0.0 -10.584996858643969 -9.537404572370065 -7.967065332049893 -5.314564751277051 -4.218559435573787 -2.6563739701499673 -2.027775479243341 -1.595781143802553 -0.4410039374982395 0.28208880585534435 0.31046429078200244 1.6875569745712513 3.187188021415567 4.586973029194036 5.458139680665652 5.9748329082781995 6.304821459253178 7.616461211282353 8.242487835995806 9.145488210811568 10.009383646713417 11.000603728316856 11.16382365323786 12.610768222265245 14.346988983214088 15.68776057047673 15.779754148153499 16.163333641528997 16.6283694749674 17.69371749305233 18.124905465351684 19.33464615473556 20.901039841116525 21.37220675272545 23.110070103099947 23.758690278466734 23.954597030010646 24.376418645579474 25.255170153320453 26.368176157660717 
0.3125 0.5 0.0 -10.384694456529234 -9.46357841288403 -8.364901949240146 -5.443963634015257 -3.955251337164442 -2.6902074433108596 -2.1663629238404423 -1.723832644462023 -0.49031041747569276 0.17969159562571158 0.38981913386603617 2.0083247231030854 3.242546886268429 4.8040213211772125 5.308357503987209 6.057970077949137 6.1520933265232545 7.490478385008836 8.616618932262954 9.355626375164148 9.99902056779206 11.312181149131211 11.485134175942445 12.246016175520186 13.997426598426799 15.563450542610681 15.563641280034377 16.341426795052882 16.621715648118496 17.690726953266402 17.763867284541735 19.365587099157263 20.492819073192756 21.270194704434452 22.99454838343978 23.78098716092244 24.011228291819542 24.418101610667474 25.31282764942939 26.412861366782014 
0.375 0.5 0.0 -10.14706437111429 -9.396817964615476 -8.752398345017053 -5.568217158731453 -3.7002746349052282 -2.643615541303422 -2.3327688978501198 -1.8781055027262037 -0.6006537633219446 0.0742087942943236 0.5631954291918756 2.3171060314141974 3.2512450195341556 4.959382965999288 5.116069376370635 6.028439168703921 6.24784461969238 7.38764123808479 8.996860980512244 9.55672423275899 9.9661650869406 11.458831642347548 11.85603101566231 11.981302098392485 13.65709797792035 15.303567027421016 15.35962472169476 16.580512344659148 16.61197407374097 17.454151091270433 17.716321125251667 19.400013854846275 20.206593723413526 21.21731247234752 22.909508380368223 23.61013689828331 24.36026376236799 24.44056042812621 25.387462926968123 26.340197245993263 
0.4375 0.5 0.0 -9.885058385058743 -9.349337130824791 -9.107728777631365 -5.657294147114912 -3.485285335256925 -2.5477939806649763 -2.4988928828948276 -2.0361752691700272 -0.6796934850463258 0.004741417672158103 0.6999296555349933 2.5335763551818022 3.245996883164625 4.969322682126247 5.050268628965305 5.949755383370338 6.4162006779784555 7.32050086533684 9.321854955304884 9.724916973760147 9.919760403816365 11.239734314467228 12.042368144214365 12.190054257921782 13.380028175774124 15.069038300644246 15.194832585500592 16.603703429639697 16.708139276306817 17.343206934197767 17.686745025966577 19.421808367384138 20.03791070347184 21.1982860512552 22.859814596752834 23.479158230479225 24.441433534289803 24.744418664017612 25.51544470635736 26.13290798278108 
0.5 0.5 0.0 -9.704342461381367 -9.332594705256978 -9.320933540382159 -5.690607444115551 -3.3898062920114476 -2.5815073957705095 -2.484683154732175 -2.1227314732024767 -0.7071267437059238 -0.019877351072939062 0.7494582890188859 2.6106329906507155 3.2413128787218968 4.913971007243754 5.075221315799339 5.920634646272084 6.478127868611504 7.295251822683087 9.462098218644089 9.820094357136432 9.865123534071442 11.092460907876909 12.09989354755858 12.33595143963427 13.256409411593792 14.965621502833363 15.129008976502623 16.598887272184246 16.71665655440211 17.34989073472273 17.6592615457458 19.427277135362843 19.97927118104205 21.19356766816458 22.838825361668853 23.430167458616825 24.433833029513487 24.940136298491726 25.621824855163634 25.94913585914658 
0.46153846153846156 0.46153846153846156 0.0 -9.859187133134114 -9.308902946447901 -9.178404833437384 -5.66359756397461 -3.46547531483352 -2.5731409843324946 -2.4809912424503513 -2.0550873487283376 -0.6851180831078926 -0.00032534742237562983 0.7161229846883419 2.54800120855327 3.251303570825564 4.925055919902046 5.066450973880482 5.942492236636748 6.438041279176122 7.317461757891229 9.391085411778128 9.746220997409289 9.893565315211445 11.12007915674816 11.945844924811537 12.465788010415006 13.333278418533773 14.945702867761767 15.193137823287696 16.596890869146986 16.711094856423948 17.35665410874985 17.70000119478795 19.407335744497484 20.043079458343367 21.22517397310458 22.86582745242606 23.410524044362678 24.41094073760112 24.885086739653755 25.557019753128575 26.053319664190624 
0.4230769230769231 0.4230769230769231 0.0 -10.120083169221347 -9.255458449295968 -8.937734926706375 -5.589866012308647 -3.6460932137890905 -2.5776034102709944 -2.4727576868436585 -1.8690309159972938 -0.6248650713814589 0.05627038243742859 0.615181672996502 2.3884352508414253 3.270097046947502 4.915534148232009 5.062351529857067 6.003053492860617 6.325598482820576 7.35595579175381 9.248184767022774 9.569600750463714 9.863567652075726 11.143228519852617 11.78068905380779 12.628536702567729 13.542065734096477 14.921312417333125 15.318683469940327 16.574051438495346 16.694268794202547 17.401913431674974 17.802732214588648 19.363154647081988 20.20726289085226 21.312713931645547 22.939987772646006 23.36346163387472 24.329904411946046 24.765953879039913 25.449236195494613 26.19363142078629 
0.3846153846153846 0.3846153846153846 0.0 -10.391791465252739 -9.167199054784028 -8.695573575226897 -5.484483682555282 -3.866090432226195 -2.617863760134888 -2.4451207129961903 -1.6078229925653067 -0.5367076142328508 0.14595406015504894 0.46172921631334163 2.193041436929661 3.269562471553758 4.868541726120469 5.066525871743036 6.089275074502243 6.177016957246026 7.359570283702048 9.082076203748576 9.340038654671053 9.72502202893759 10.974663293967987 11.868653703647299 12.778431651658103 13.83274097827596 14.924631774863276 15.442821221138601 16.513253625967 16.708208844522595 17.521831852370898 17.935938837772422 19.315043467083655 20.440322234415444 21.44169073936598 23.050863193715507 23.332427670550146 24.198375901273483 24.654066617288514 25.34560814888613 26.24428974695283 
0.34615384615384615 0.34615384615384615 0.0 -10.656214244076134 -9.044293310485356 -8.463959334468182 -5.371243455572817 -4.0940489216750935 -2.70928848358439 -2.3672297268226483 -1.3078054377267663 -0.4329338920208021 0.24806402250190998 0.30365339632407234 2.0070337903908824 3.206317771013901 4.845276315071732 5.048046664490942 5.985503349579146 6.233982168637125 7.2922219973558295 8.841267787624963 9.129499407663308 9.510655050359329 10.658178416766233 12.167467047075107 12.93659115054249 14.157400064640026 14.970143178678947 15.531726201204414 16.469031112549843 16.774429203452623 17.700646314097654 18.07773485396989 19.271100171966363 20.723843144300638 21.601171905381545 23.17816410806462 23.366433789549276 24.05626064690015 24.556802968523446 25.25654740108497 26.111294286238408 
0.3076923076923077 0.3076923076923077 0.0 -10.905261305558058 -8.887743099794834 -8.244439953287634 -5.276557439318729 -4.315602509633076 -2.868348606802611 -2.2138590122237654 -0.9875809664693228 -0.3253177582696723 0.12464598093705023 0.41789550762925565 1.847530120274268 3.0536472920130477 4.8362470390041326 5.024934564742024 5.82915713032759 6.374695879827261 7.153315868015511 8.519315510905829 8.91435302192971 9.253630409357951 10.292578314116597 12.545689998392266 13.127379543340549 14.467241771005721 15.07184298396963 15.593751927367066 16.497979306333 16.879443969959116 17.90491177812356 18.203749200129028 19.230309871332107 21.042862179815746 21.76640464535246 23.304953027327517 23.478099128818336 23.94986073766049 24.457088421436122 25.201544196017043 25.81091546249133 
0.2692307692307692 0.2692307692307692 0.0 -11.134056863753807 -8.698796473822789 -8.036200189101022 -5.2184904699094 -4.524128961823543 -3.1078337518204995 -1.970118287006464 -0.657566678992055 -0.22866192873016833 0.042271782898960254 0.5782749779326274 1.719491799846683 2.819825152956985 4.755579282921318 5.030643742731904 5.747767607454083 6.508940511608464 6.98479286458778 8.171242091392672 8.64823629946808 8.96284881675535 9.884086506163467 12.958408565613729 13.369614367899267 14.71268503569475 15.207108672484173 15.714089604810832 16.61069906543578 16.997061463796477 18.10797900835688 18.300160264168312 19.199165642543722 21.376373554600818 21.91893780662247 23.42479190841482 23.616849598952758 23.912188514181153 24.366095876515967 25.136463290711163 25.45939240852587 
0.23076923076923073 0.23076923076923073 0.0 -11.338221152758257 -8.479642369451009 -7.838680468226961 -5.201030945668315 -4.716181833689903 -3.4237644349508196 -1.6407773901769818 -0.3303953418096147 -0.14804679465999412 0.052655854482763116 0.7467619629803216 1.619791087349582 2.5422695033909 4.61311246505671 4.959582725823561 5.81190231985831 6.58046932516303 6.863904966177713 7.831070600027593 8.347761523399855 8.649781131585549 9.410606255563504 13.381578501902199 13.661763901405699 14.875905021836255 15.305043825719828 15.983093951822184 16.78671558077067 17.104773959827146 18.297649034108193 18.367444622833766 19.18114120015248 21.69805485247943 22.048676022963363 23.432160186059907 23.80094930298109 23.93620763096187 24.35669797420676 24.90465257546332 25.35063190781005 
0.1923076923076923 0.1923076923076923 0.0 -11.515083267792784 -8.23320146718552 -7.653299041258769 -5.215748170572242 -4.8887173162128885 -3.7962557825122314 -1.2480480592797725 -0.10943088698482552 0.029305915405955354 0.13178812938713869 0.912410157593272 1.5448458769552196 2.2543581225550193 4.446443935901726 4.792817663511577 5.964039265646197 6.521385175487608 6.876165002715857 7.530900262888189 8.042461374117453 8.347940464907104 8.883939004534641 13.79468958399068 13.977162172818158 14.980411662864327 15.362088872690231 16.353002162168746 16.997440815545534 17.19009217004769 18.41170945498216 18.471629657755063 19.164219870112657 21.987769551270937 22.17086855721589 23.328524085489875 23.98028077117155 24.040008526999824 24.453404632048912 24.69277715016776 25.384182454871144 
0.15384615384615385 0.15384615384615385 0.0 -11.662279161197436 -7.9650259287397835 -7.482415920275132 -5.248850608923442 -5.040104130285099 -4.197397196120596 -0.8242734015418858 0.002478358356520253 0.17919217399100168 0.3800795537094006 1.0673442278657161 1.490458406245323 1.9829787630957436 4.280677426718359 4.580246015391342 6.063494586244133 6.461415304744531 6.914994059405856 7.298712327239392 7.77838356926882 8.086266689909817 8.359997701954416 14.149925015933997 14.304586299047848 15.063358428273045 15.394122102789495 16.73611749206573 17.20786959056014 17.265602093438538 18.481542309307155 18.613231795177864 19.122336042852588 22.243600780669652 22.316485152060164 23.22656890647679 24.053761441744697 24.279308977413816 24.503506667037055 24.674209138384278 25.404143613169964 
0.11538461538461536 0.11538461538461536 0.0 -11.778270374773367 -7.685875442509381 -7.333070899023068 -5.28780551273934 -5.167792212046071 -4.598413151611232 -0.41138715599320874 0.1237934644124195 0.24563826585414988 0.694922512352348 1.196898262454116 1.4494046507508935 1.7453737437266208 4.132181992172882 4.353437703918249 6.0663510198048884 6.41851520086823 6.888983465924683 7.121750492376951 7.618121563710717 7.850371063424929 7.953651514151914 14.381692620154585 14.646355540387447 15.138607476169824 15.407160836476882 17.065949761342388 17.333647187700826 17.381329189974732 18.586481957609905 18.729738158967145 19.036008078175474 22.47028054371625 22.521664713465313 23.184672638187116 24.184017775253263 24.4918165194689 24.52142160139502 24.800903910558098 25.393808620568507 
0.07692307692307687 0.07692307692307687 0.0 -11.861857897050609 -7.4157954562984845 -7.213951979017053 -5.322506707429697 -5.2669846101388424 -4.964310604500544 -0.05601263761271058 0.24069460613034466 0.2897196045391167 0.9845813286247398 1.2935932618803612 1.4154892412033426 1.5565436998186704 4.018436353337269 4.142124935673038 6.0501463830044555 6.365093545153094 6.7320232146432915 6.92197884976086 7.578393928059117 7.682633299818952 7.773684753119723 14.498587202539984 14.94598644440636 15.216018207406451 15.40871708206884 17.310013946091576 17.414701178914676 17.478759457635828 18.713452445337026 18.81964381371356 18.92101221013877 22.68966229097754 22.791439421068 23.20616693460566 24.343826293529187 24.661851676562023 24.731913602243544 24.942667590701838 25.473071585701938 
0.038461538461538436 0.038461538461538436 0.0 -11.912269792215355 -7.197704994337633 -7.135483449857887 -5.345118354807678 -5.330601392781648 -5.2423638460814965 0.19753312068595918 0.314358297517129 0.32455201323557514 1.2123477949448132 1.3486607676524165 1.3870742854733598 1.430196052151889 3.947634274772933 3.9843637196372628 6.053034836436575 6.366081527865691 6.548547629398086 6.663342969237096 7.62230962534316 7.650636221569787 7.684509067515292 14.535006506667074 15.175779791193458 15.28618948259151 15.390144252176814 17.46081360003779 17.489964360436552 17.519985615325847 18.758619731114877 18.874189895615782 18.8836797385787 22.935407615829977 23.027739215395385 23.23293894448879 24.560432275236796 24.75382077713594 25.01225082515263 25.421086569702382 25.86239860783083 
0.0 0.0 0.0 -11.92904259127364 -7.107403329608102 -7.107403329608097 -5.352185149132262 -5.352185149132226 -5.352185149096796 0.324141098215223 0.32414109821528214 0.3241410982164853 1.327729358930488 1.3682393795114132 1.3682393795114813 1.3682393795118994 3.925605057396106 3.925605057396153 6.0640931273209455 6.466285062584772 6.466285062584781 6.4662850625945385 7.653012331712355 7.653012331712456 7.65301233190708 14.540237162626706 15.32241469301734 15.322414693017384 15.32241576991714 17.52381478324897 17.523814783248994 17.52383376926381 18.726040175770258 18.90824653352157 18.908246533521574 23.144908405443907 23.144908405516894 23.17284295628464 24.86450628542741 24.864506285624312 24.918922318928995 26.912380806759256 26.912380807242943 
0.03125 0.03125 0.03125 -11.912435519901502 -7.166723790234919 -7.166167291472957 -5.366021534553994 -5.284288549136704 -5.26831360924359 0.19659134443643356 0.30825886279029646 0.33287688711077645 1.2076966628170644 1.36017332682071 1.386834745896789 1.4242367260340352 3.963054148071022 3.9681145136933074 6.052686581364228 6.365038431201379 6.548425027813597 6.662550071629357 7.615107893512399 7.662737343796429 7.680083199021504 14.536007872937937 15.172049664273686 15.304066346541726 15.375680880410247 17.46277527538535 17.49556475093241 17.51303170901325 18.765345570959752 18.875161244514974 18.876699727555277 22.936771944843354 23.005596519333974 23.246933394663237 24.564738126270907 24.62216110083608 25.013395606628166 25.392107033985187 26.14844429496196 
0.0625 0.0625 0.0625 -11.86232989912123 -7.317080306981807 -7.3138441748652605 -5.404593611142917 -5.089257224284855 -5.059185875279993 -0.037177382121632734 0.16246823053095982 0.35326485995323426 0.9499121511140758 1.3667949101701988 1.4170118732246237 1.5283842391069342 4.061147602530461 4.094361902698777 6.046841004881186 6.3628762971278645 6.70180661560477 6.943861028045507 7.573580927770022 7.726490146697734 7.7436552915716375 14.51380774756596 14.941658866319804 15.277125172189622 15.344625503009832 17.322146515581533 17.435968285647245 17.452101025399607 18.794232216669442 18.805820483771555 18.86124886019613 22.681166720525063 22.80817266395577 23.194703730311108 24.302189866149142 24.62936054970684 24.800693617330637 25.319045151379235 25.655786513132632 
0.09375 0.09375 0.09375 -11.779543120204885 -7.513151900150596 -7.506008663120773 -5.4647379553511195 -4.816630076200217 -4.777351490533019 -0.3350954983396552 -0.07333133964110734 0.31378727234517656 0.6581066177336118 1.3845732755728635 1.4533005150059035 1.680550920018285 4.1887681563207515 4.276387414713071 6.041808851814738 6.443930785920979 6.712041870119633 7.250082804748678 7.717237270682282 7.844301935876882 7.885894405497944 14.449320040289333 14.641293051636817 15.232096911585268 15.242188318042546 17.081468606477877 17.334834155412654 17.370369206265433 18.673889994670716 18.711804240799665 18.969965196576112 22.433921631338162 22.629490809181334 23.097646374786443 24.102463170714362 24.601860257037448 24.604579451971038 25.384819797847157 25.430304318477766 
0.125 0.125 0.125 -11.66403729883799 -7.722785582878817 -7.711240563628977 -5.541910769878441 -4.508994827769245 -4.464557762971015 -0.6509235657684295 -0.3486049505203281 -0.026708420740766337 0.6184343925850037 1.413268273732779 1.4989156236145633 1.8734978554241533 4.325949759582856 4.480472632300239 5.969299109441451 6.5868180870385 6.58752777113949 7.489533578935364 7.986528391866154 8.088402515342743 8.212135395475435 14.295585682715616 14.335410807917473 15.054162228869043 15.205693266445728 16.74948991477775 17.16560958921997 17.317995835503385 18.53576166260808 18.611646472922704 19.06603554738562 22.2044521373952 22.50111255008913 23.018032116899462 23.966143525601723 24.469814386068897 24.488417306976967 25.186635026268362 25.655393833373797 
0.15625 0.15625 0.15625 -11.51681661103784 -7.927828818698389 -7.912319849006737 -5.631409721603866 -4.202164903323462 -4.157530825437845 -0.9407073379853111 -0.6117004870151336 -0.5186447671984463 0.711886408448986 1.450035330533939 1.5528242833485002 2.0929140448671286 4.463226108042208 4.686939914620067 5.723921370482546 6.5623843159026745 6.763490227060208 7.661005903197646 8.168819426802253 8.548450882171107 8.675512874872762 13.924936682420457 14.174123110202615 14.824007330566605 15.169075691019218 16.35275258897581 16.956488571763305 17.269252392395533 18.39829587798602 18.50900068185344 19.155002691861448 21.974092864202255 22.401837883862026 22.942636965668527 23.877351301397486 24.323907341365306 24.388469853585 25.032613755971767 25.921351448147934 
0.1875 0.1875 0.1875 -11.339189294578906 -8.119677101475299 -8.100179299140652 -5.729004279489705 -3.937298487355636 -3.8967181123723793 -1.1573310641511674 -1.047217941052708 -0.8102441009877013 0.8442980062996531 1.4927734899200784 1.6142431109830848 2.3170769314906337 4.596909461123378 4.8798350201143705 5.358900444971452 6.6565478640698394 6.947821274739091 7.817309493908924 8.382131522015294 9.014903440177326 9.186401139373363 13.546145618347278 13.97735509199946 14.54905733401122 15.14368888429711 15.935609827134057 16.730592018873846 17.206055977795458 18.263840917296292 18.389764870015284 19.25206742156398 21.718883218646337 22.296583597410688 22.813597643602666 23.832495239403954 24.168637217987314 24.27151052027535 24.930710359677217 24.973907455445474 
0.21875 0.21875 0.21875 -11.132697645863077 -8.293349242831503 -8.271643266292354 -5.832292111581211 -3.7635047188521535 -3.7282050800522195 -1.5825392319483602 -1.2480545078497656 -0.8907145120203692 1.000694900708428 1.539950183103433 1.682126259440842 2.511979494542155 4.722532930187291 4.9850057090343824 5.053609371465822 6.8142951062274335 7.121813373278339 7.980139466107746 8.60987874398763 9.441073756539568 9.674076438397048 13.181146385908397 13.75993329029044 14.241538334571384 15.14418477257467 15.54706038714531 16.52197051575531 17.131365687872645 18.1270973476799 18.248592359930452 19.349857554975095 21.42315062894335 22.14534014984216 22.61816933077965 23.833809385949245 24.043874099418982 24.252659685430004 24.895471804887546 25.174724681339946 
0.25 0.25 0.25 -10.899493137077181 -8.4466485212625 -8.424056709810776 -5.939392649174711 -3.7184657552365175 -3.682794201615327 -2.1099342302356074 -1.1737888196525688 -0.8206862769105955 1.172855909412344 1.5908173933275818 1.7562786928373288 2.6325114400749543 4.674742243558993 4.8384054844142215 5.197370752805751 7.011772445014483 7.276684999337299 8.147498263183966 8.831896028532004 9.784977796833198 10.082216299507966 12.84211097146553 13.544225195726277 13.911246107663924 15.17479609250313 15.239658293819728 16.357373347810462 17.068279242131016 17.98386934850045 18.086901718134744 19.41956965585352 21.099986798624585 21.951550183322624 22.353101960843983 23.860577583889427 23.989564348018444 24.191998370794536 24.933281271973613 25.432157652052307 
0.28125 0.28125 0.28125 -10.64181502158187 -8.578684628609864 -8.556033346193445 -6.050819729856582 -3.789468297292993 -3.749912527873422 -2.6171919668304517 -0.942994533737916 -0.6086699178857794 1.3573139215028855 1.6414451887730346 1.8373288469238283 2.6314911442791304 4.490591219836551 4.93846286344068 5.298017222638944 7.237602086742055 7.411114816919947 8.308339064527585 9.038848325835703 10.0357887685057 10.375846340046659 12.542348398235463 13.356077266195188 13.56732402358611 15.055997594225033 15.22022358670027 16.248958653003452 17.04623565644645 17.834178100511124 17.916998694955044 19.435742477717504 20.776174985870373 21.727535424777844 22.045425169346185 23.880073526144017 24.016793628223617 24.10601852955339 25.042753538935365 25.571277481710297 
0.3125 0.3125 0.3125 -10.364062636526894 -8.689962371404262 -8.668250668155045 -6.169927734084125 -3.9301276166721877 -3.887519232052599 -3.091860421796334 -0.6069488927089284 -0.3039848253409035 1.545887121333449 1.6928402049431954 1.9268766989912434 2.4994325526213435 4.445511436531232 5.017750420624907 5.33893790323962 7.472574248371171 7.526869965871516 8.439311380326814 9.236053819463917 10.189944997912866 10.550989836558292 12.28759719168173 13.207116238949274 13.215014188819678 14.997681114508497 15.26237062450946 16.18565471396891 17.085229149579845 17.678357335970507 17.75405419855025 19.400974668326867 20.479786629321868 21.47910064889927 21.726954968432146 23.878465576387654 24.009256043963088 24.116085805178002 25.187300989245013 25.504644511304758 
0.34375 0.34375 0.34375 -10.072190888022543 -8.78017749140122 -8.76029240769298 -6.300986256780196 -4.0942481030802345 -4.05264896924898 -3.5197379529370463 -0.2164514983442096 0.041605915689881895 1.7302691980092242 1.7468500079530824 2.0275389467397114 2.2915736022752875 4.496328697800884 5.068999083221091 5.30803177979641 7.632239642774688 7.697729378247914 8.511073100784518 9.438945027444586 10.282095256731857 10.655948059369344 12.082171996171416 12.861367010409209 13.095173920500827 15.028715858614401 15.292858516814182 16.137000306826778 17.16930246381196 17.53524755673406 17.62234208963941 19.359075383845123 20.247255532865193 21.218300856160123 21.427816105587045 23.867251152823364 23.921753887051914 24.263790972983813 25.315917354772225 25.35059889095992 
0.375 0.375 0.375 -9.774293394668982 -8.851501073520602 -8.83437514839172 -6.44884519827123 -4.252918290180317 -4.21575560422067 -3.8888807784571444 0.18388485838297997 0.3788617830161116 1.8079823682631748 1.881220538020918 2.0850355921449752 2.139108398991869 4.580642744886316 5.078968877980243 5.202785099174199 7.732237719256912 7.881841792264585 8.501919117438765 9.655964704590707 10.351228208342302 10.744244771951236 11.923804858033883 12.510453451297671 12.997975931767586 15.084418323344561 15.314316214970965 16.05653464020826 17.25166035109176 17.417052797010104 17.524431301837083 19.362322707165127 20.110101065197405 20.95117767524434 21.17028970200162 23.86000507183069 23.864652718944846 24.424302608007906 25.21121605158363 25.40159976502242 
0.40625 0.40625 0.40625 -9.484985970165202 -8.904664479422808 -8.891088433768584 -6.612984551317469 -4.38815398062932 -4.3587552123310775 -4.185768684678332 0.5539059501622366 0.6696388969243064 1.816903968193001 1.8862880198715462 2.0942738741871985 2.253605062934297 4.664660669407908 5.042943975030069 5.047030863962105 7.828578479983161 8.004865418901916 8.421651223613235 9.895464534168216 10.435887503089758 10.841524438652991 11.81168579335723 12.176024627853698 12.900159077976303 15.126859965810477 15.329721379854416 15.916283119504234 17.293297997943498 17.336502891282837 17.45232615517971 19.429261333876134 20.08357093163017 20.710258466314496 20.959343069109604 23.856775032247757 23.87381801368114 24.578109898713667 25.125176937828765 25.45307335799427 
0.4375 0.4375 0.4375 -9.226249724062608 -8.940640038886208 -8.931222001801169 -6.779015631130525 -4.488863418679353 -4.468629908342049 -4.398517197658245 0.8465487279893142 0.890740083127038 1.6680227786115434 2.0029963632927563 2.204515023661857 2.3490955724061977 4.733153139292727 4.8918664851446065 4.964987186308485 7.920918301119992 8.069534011093051 8.310268451054581 10.157170467735193 10.549114029303844 10.914482924100906 11.738390480833806 11.890946567403478 12.804605599034263 15.16918707520497 15.344667079056777 15.72741922056784 17.29930086390628 17.304479653089057 17.393578214091303 19.5151674208995 20.15965894086022 20.54227931668457 20.786244373045715 23.89608355916125 23.91123582029904 24.72714318923195 25.107165556212145 25.472445349464316 
0.46875 0.46875 0.46875 -9.037055893910722 -8.960699500789447 -8.955682974013342 -6.913281748933216 -4.549277203410155 -4.538872233574468 -4.524849371530852 1.0224112600837965 1.028195205844153 1.5703214982761202 2.158560735291276 2.2802841471617428 2.378867202265009 4.776611517111702 4.794006078893438 4.865652153715663 8.008591131304224 8.09352736892181 8.19852449062606 10.431535906934302 10.649888004456907 10.877469448956813 11.693159015796093 11.715992431541446 12.72850255986979 15.238013510916849 15.353135386891381 15.527192899185062 17.292086720001546 17.306868272448206 17.34396933316442 19.557192077863828 20.300425571467816 20.47438472109092 20.62961825704839 23.956422056683753 23.957362384590642 24.860173771443538 25.43048929147869 25.461750176282937 
0.5 0.5 0.5 -8.964209258237672 -8.964209258237641 -8.964209258126052 -6.965799946359996 -4.563025117175848 -4.563025117175745 -4.563025117112902 1.0861477452521968 1.0861477452522157 1.541564081460124 2.3099053291221447 2.309905329122171 2.3099053291284704 4.7992485630605355 4.7992485630605435 4.79924856306247 8.1047800370873 8.104780037087323 8.10478003720418 10.699319300340456 10.699319300340541 10.699319303560221 11.686710844331994 11.686710844331994 12.704596410560068 15.365205704878825 15.365205704878829 15.365205747531903 17.315058393216955 17.315058393217097 17.315072110559804 19.566397391331392 20.472857418045738 20.472857418045855 20.47411273797373 23.990308043757018 23.99030804375718 24.95596236116228 25.324618310424874 25.324618310458586 
0.4642857142857143 0.5 0.4642857142857143 -9.019627185942422 -8.976278639616647 -8.95027019863578 -6.919742449497096 -4.556027367375123 -4.538307227291403 -4.528260314772055 1.0150099123825966 1.0504404382457102 1.5671009900949535 2.162220008306587 2.2926564451528963 2.3741712207284205 4.775267909091442 4.796592875971107 4.860468324471123 8.015625779394355 8.090629284197137 8.194522843181609 10.455402484925767 10.639650814835065 10.883579732780037 11.686375650153915 11.71028792860204 12.72641360390309 15.240623272922699 15.3610514504155 15.511420485954563 17.291117911000768 17.308756733485758 17.341361504391383 19.55912422179527 20.31068463284235 20.472806929351876 20.62046603410767 23.921908308267618 23.999579783178937 24.871703672469046 25.41574537927152 25.45722194644705 
0.4285714285714286 0.5 0.4285714285714286 -9.164843385301563 -9.00774999396099 -8.905838450950228 -6.796447854824813 -4.524532138904365 -4.460867691388045 -4.415391186679211 0.8284602831820636 0.9704412633524935 1.6519847455247987 1.9857365607538098 2.2468839897020696 2.348145517158349 4.782202880053665 4.8106048591336785 4.9814171071985776 7.9243628556313395 8.070258624341196 8.30572979442952 10.202613765623424 10.519914987210539 10.98268217552142 11.701309245424527 11.841423013736405 12.804360906380255 15.162970424467519 15.369558682913102 15.688805846058045 17.27494170675978 17.32194065293903 17.38859730750822 19.526959027769955 20.170994025278105 20.516669682546663 20.77484397905342 23.767297922169284 24.06268063493355 24.752268351457833 25.14250752928799 25.46275907633015 
0.39285714285714285 0.5 0.39285714285714285 -9.364557818031843 -9.057275415499742 -8.831507002241752 -6.6323444299845855 -4.473242973177403 -4.339204579708223 -4.2199163919076 0.5288799590132753 0.84797610388536 1.7738604743572048 1.8281129896311188 2.1509889815383967 2.267125732908261 4.763745507694094 4.862004903879282 5.139382331867306 7.8112613280472925 8.041285251074209 8.418346485295991 9.952451095773005 10.402621765882726 11.000744118483393 11.684446322791196 12.071285062171865 12.929158393649038 15.117459926473423 15.382203287665005 15.85511512017754 17.251004825145454 17.35602883468508 17.453185308401544 19.45802873730275 20.074429822653965 20.63240317061622 20.959296774560997 23.582507155440876 24.171046152549007 24.6207933251165 25.13771904369329 25.4584194531034 
0.35714285714285715 0.5 0.35714285714285715 -9.588694922437005 -9.12201404371738 -8.728070098236493 -6.455026310319274 -4.406521447733205 -4.182529853321442 -3.9449785258866252 0.14767833717245393 0.6900215101070639 1.6408420279855624 1.9401556028935167 1.9916853744693768 2.2001009587426044 4.715092378494653 4.925405659044738 5.308376967297102 7.675604002760101 7.998606229147547 8.492595641908958 9.722866369118702 10.320626321131934 10.988596084662626 11.623194384788077 12.345941717440395 13.093112262190857 15.08859032567158 15.388139454083198 15.973267943672509 17.20685600540212 17.392419579099183 17.536164973262593 19.387920199555076 20.051281219546055 20.798320010294347 21.196051261647504 23.406180136521886 24.28515058888295 24.522511437889555 25.1614780449134 25.470171912840293 
0.32142857142857145 0.5 0.32142857142857145 -9.816440914489974 -9.197644675476564 -8.596177473595594 -6.276684003592492 -4.330096246324836 -3.9969076704033166 -3.60069356799716 -0.2734100849948343 0.5073671917501889 1.4677820866474367 1.7516594270157815 1.9966392671130608 2.2895155728059122 4.639463243471148 4.984531721159373 5.474705734952497 7.532897569612433 7.935830923468866 8.494020076118527 9.54476550143785 10.271880411679534 10.979263246718165 11.526351969356968 12.616717373223993 13.306714599989647 15.07536029253556 15.383744902742606 16.032855095132536 17.14015776433356 17.43441962692478 17.640119839476384 19.35959787307097 20.125157978243266 20.986779400113534 21.48844652300608 23.260375946357144 24.245516755481663 24.589240282252064 25.186105598680914 25.51072267732871 
0.2857142857142857 0.5 0.2857142857142857 -10.036032632195596 -9.279517823692299 -8.437034140967254 -6.099948001942997 -4.254124506428598 -3.7867095817023495 -3.205147266572187 -0.6956178804725055 0.31092569454215957 1.2737907148562255 1.5021976542915578 1.9143290813288365 2.514846186388658 4.545869144769852 5.022701368679961 5.628177965782312 7.400509122572231 7.853794821785714 8.417140444709899 9.43247271848828 10.229745933476577 10.964980614920933 11.406334656361782 12.850288222785926 13.574744162828859 15.08564541330387 15.370468339557755 16.044324690809574 17.061167031469388 17.482068466716722 17.753429157908407 19.375230623942965 20.296505137982383 21.18417598649179 21.821650551268576 23.14331479523019 24.09552445531443 24.748648521660325 25.215879069521904 25.565234221106177 
0.25 0.5 0.25 -10.239526043949452 -9.36333986061611 -8.252989165641674 -5.9245451460500105 -4.196254503778493 -3.5581782747547814 -2.7843601520655215 -1.086305701482696 0.11296107160198568 1.0600037676378946 1.2342421029250004 1.817928759804709 2.7462248640033535 4.450333686944033 5.033215030507919 5.7622298567516586 7.2898517979935455 7.753390078246652 8.297552808329781 9.360037479664488 10.166480064685928 10.915393139085085 11.275174318397134 13.025804950983353 13.881380600638437 15.127214904568683 15.361418000083132 16.030283020366035 16.980560021614103 17.543359102516185 17.8675404599623 19.411658823554145 20.539824779615195 21.375932522800905 22.173693350229172 23.038247747961606 23.956175536834927 24.89282207606433 25.222201514427177 25.631238917231958 
0.2142857142857143 0.5 0.2142857142857143 -10.42206310155949 -9.444684954817232 -8.045578387089563 -5.749060351088855 -4.179589926651279 -3.3141737495890533 -2.372698664384421 -1.4052781940342243 -0.06660775870986431 0.8416816768750315 0.9530365511656865 1.7280400329760581 2.929412349813091 4.376066728148717 5.027668535440829 5.87955848955307 7.202237230958827 7.641845316743683 8.185413133667366 9.28528989354535 10.085212889068458 10.828401271353073 11.143058137071863 13.141951713804492 14.205346108659816 15.18921768873023 15.388832926219651 16.019916373423282 16.89992997345398 17.62210455124926 17.998174521799204 19.45104152181183 20.826261048733727 21.55980559136866 22.51199724964447 22.958719182697703 23.897146280680197 25.002975120305393 25.15373009186655 25.708820026269773 
0.1785714285714286 0.5 0.1785714285714286 -10.579982024845933 -9.51959516456289 -7.81908123105724 -5.575951657373058 -4.230789810672362 -3.058486622758923 -2.02070093272493 -1.6173154758391013 -0.20529738630796268 0.6520283484855144 0.6609843096156239 1.6534402763102203 3.0190396258662053 4.321427427799641 5.043206338934081 5.986193228860108 7.125020175322399 7.53641139673677 8.10698993066865 9.172272066732786 10.001476066617405 10.719954013641164 11.015538911687818 13.196254455507907 14.51418073228832 15.24267707988345 15.47875719323155 16.045710038650473 16.814275495635073 17.687089253585427 18.18492817856568 19.474175131603943 21.11617138802271 21.748216846784377 22.697780667733145 23.055973084046673 23.93505813916625 24.972777290314422 25.061244994229284 25.76738241273754 
0.1428571428571429 0.5 0.1428571428571429 -10.711468364129702 -9.584981976068706 -7.579294887653396 -5.410224458515103 -4.364374646654105 -2.8000828170907788 -1.797157643980311 -1.6918794494907172 -0.30841707157146636 0.3599078260071344 0.559281147631632 1.5971407337046013 3.004619466387171 4.239855248276355 5.122800936567033 6.096115681379112 7.04544775995888 7.4458679617114045 8.06233716544965 9.013395713910489 9.929273877613063 10.6016914564056 10.909925283019609 13.196924996790491 14.765396740771008 15.284629060876087 15.60779124527321 16.125723659055367 16.72210922484258 17.711938637553757 18.438110361159218 19.47171046940854 21.36936108100959 21.971038766796216 22.74080272493752 23.332635792114793 24.049581636163595 24.725901870381144 24.999881004875466 25.763787133501395 
0.10714285714285715 0.5 0.10714285714285715 -10.81528117711835 -9.638649351285437 -7.337757113410746 -5.261515010980862 -4.561763337679256 -2.549584322852034 -1.7298351875612412 -1.6301828651484667 -0.4439120000426024 0.06143039293859241 0.6403084376118588 1.5673584272930479 2.9168343702185417 4.099850019817257 5.2452026752018694 6.235416041132421 6.96553608802662 7.362334333216786 8.046669770375711 8.829939322334395 9.870757026844755 10.472775351543032 10.841041596606983 13.166180121700451 14.931387450928908 15.320158358054737 15.760947998204317 16.237860920526064 16.632427457015456 17.704629447434005 18.723913863564256 19.448721055384286 21.55804361008626 22.245930375971753 22.829486372693996 23.57535935188256 24.208368693353307 24.418733482163972 24.85428962744381 25.642765171515062 
0.07142857142857145 0.5 0.07142857142857145 -10.88989738808674 -9.67814757220317 -7.11450781662438 -5.14278837607553 -4.775543208286102 -2.3305844603763224 -1.7128194128637617 -1.5046798685286014 -0.6405998601794919 -0.2149168898428876 0.8479599293127658 1.5872595749389529 2.7863755486541857 3.928173621104791 5.3486698688337 6.421292750066227 6.898658615511597 7.261263698295992 8.05386702751221 8.66403611709942 9.82260357738614 10.349768402547484 10.809278568628235 13.128817626622597 15.015324605809509 15.356975945986916 15.916218178954262 16.342038254396368 16.556832633851776 17.691357621480286 18.9841556452045 19.42481044001502 21.695127141269825 22.544477222659314 22.990569579310204 23.729356488123038 24.09432344504133 24.39596711742469 24.689064807951727 25.36573118441013 
0.035714285714285754 0.5 0.035714285714285754 -10.93488392481233 -9.702330794121416 -6.944335153599632 -5.077120809493007 -4.936057214388327 -2.183171496248561 -1.7002907639260165 -1.319444678819889 -0.8653159751968574 -0.43283334918971184 1.0260140648022944 1.6760273672599604 2.6402734810713215 3.7886040322963215 5.4071548606165045 6.635515668939641 6.8651105990767425 7.126777798921831 8.0708211145828 8.54848412796904 9.789238977125292 10.264027650047133 10.802356183558818 13.101391322022629 15.047833771856185 15.386022914532834 16.033206300727183 16.3993260634011 16.51799131622612 17.684171077631138 19.154874548672986 19.420904489743616 21.790089838982883 22.79104098504219 23.210056006463795 23.721194816743637 23.875319308612724 24.531314029234746 24.604849233933354 25.009981776561634 
0.0 0.5 0.0 -10.949957789799194 -9.710565002298301 -6.878335020775658 -5.079247633081114 -4.975055613830731 -2.135828983962124 -1.6850628336348061 -1.1396025016388216 -1.0560377341003808 -0.5221510617697112 1.0850597465262153 1.7478518006532506 2.5607505760285907 3.7335472400700014 5.423931039314302 6.750710762344734 6.895386916856769 7.001700650615367 8.080668701412385 8.504886734968265 9.776437909591062 10.232213185872363 10.800271907735631 13.090825461698916 15.05562200163081 15.39726093951655 16.0779424730471 16.40715665587587 16.513057313479486 17.68423414454508 19.206355502105318 19.4290175283578 21.82605269482631 22.8923284120405 23.44827888547402 23.500094961759512 23.860039048193453 24.58577132649427 24.630811003240805 24.793925675531945 
