 4.0974266  4.0974266  4.0974266 90.        90.        90.       
C  1.19474386 1.19474386 1.19474386
C  2.90268274 2.90268274 1.19474386
C  2.90268274 1.19474386 2.90268274
C  1.19474386 2.90268274 2.90268274
C  1.32822337 0.         2.0487133 
C  2.76920323 0.         2.0487133 
C  2.0487133  1.32822337 0.        
C  2.0487133  2.76920323 0.        
C  0.         2.0487133  1.32822337
C  0.         2.0487133  2.76920323
-77.67556796
40 bands 
kx ky kz  bandenergy1 bandenergy2 bandenergy3 bandenergy4 bandenergy5 bandenergy6 bandenergy7 bandenergy8 bandenergy9 bandenergy10 bandenergy11 bandenergy12 bandenergy13 bandenergy14 bandenergy15 bandenergy16 bandenergy17 bandenergy18 bandenergy19 bandenergy20 bandenergy21 bandenergy22 bandenergy23 bandenergy24 bandenergy25 bandenergy26 bandenergy27 bandenergy28 bandenergy29 bandenergy30 bandenergy31 bandenergy32 bandenergy33 bandenergy34 bandenergy35 bandenergy36 bandenergy37 bandenergy38 bandenergy39 bandenergy40
0.0 0.0 0.0 -11.929042603495157 -7.1074033522235345 -7.10740335222347 -5.352185159217758 -5.352185159217756 -5.352185159182339 0.32414108984051754 0.3241410898405616 0.32414108984180584 1.3277293490799815 1.3682393641748851 1.3682393641749093 1.3682393641753914 3.9256050469829256 3.9256050469829438 6.064093078812991 6.466285047866983 6.466285047867002 6.466285047876778 7.653012327566872 7.653012327566936 7.653012327761481 14.540237135381384 15.322414668104877 15.322414668105038 15.322415745004722 17.52381475968077 17.523814759680832 17.52383374569539 18.72604015496316 18.908246494411266 18.908246494411387 23.144908387507904 23.14490838753805 23.172842939607275 24.864506259764863 24.864506259850415 24.918922289458507 26.912380796828792 26.91238079706392 
0.0 0.0625 0.0 -11.906882909123702 -7.2642686711751345 -7.100426312872124 -5.351887648729936 -5.332378414633846 -5.1953360965953435 0.2090739603598713 0.24067115564496291 0.34506157113863073 1.1965072787830278 1.3317393402018725 1.3954349468211504 1.4387747991387758 3.9296249423091294 4.027321793942473 6.051841615707287 6.36327507466731 6.574340427216956 6.696087854217825 7.631046843388967 7.649637919501189 7.67718008451141 14.527271749163138 15.183135779480954 15.218901658786983 15.424656248000769 17.442633410166057 17.46176351633651 17.538953521335156 18.740479469758146 18.846830092062923 18.920811331272372 22.907390535531746 22.996305083898232 23.231231818804652 24.57471151790333 24.645020163434463 24.988693828695183 25.09737071209538 26.058950222873573 
0.0 0.125 0.0 -11.840806405187067 -7.624841012935645 -7.078191789502466 -5.330183838186109 -5.291903323452807 -4.828631315137225 0.013927978438207199 0.028128769924871826 0.2879149395962434 0.9246022787301822 1.256990564758053 1.455329841866033 1.5526238311266731 3.936196216956728 4.305091383842419 6.068871928325998 6.398342751557292 6.834083032698743 6.976243094998674 7.584223179719602 7.665358325853461 7.793895553342424 14.362581142688065 15.001148380835645 15.066145888114223 15.519826386488006 17.24083015761496 17.305001591402874 17.557525669679922 18.61137726549989 18.684299916257938 19.108474601057143 22.666318264836807 22.68154043962765 23.19043574312682 24.40563839431202 24.4283324571955 24.555256852335845 25.113690274004885 25.208736085218426 
0.0 0.1875 0.0 -11.731984706909808 -8.057804109719985 -7.042420181768871 -5.290254568423531 -5.233824129205799 -4.37848982684305 -0.24929492151898236 -0.22498547066987581 0.16406156805890798 0.5514965934011232 1.1801951968725624 1.5283893451467763 1.7181843016377345 3.936813752300551 4.671515105887329 6.137086621770123 6.526591834642558 7.148008555057061 7.15773427225201 7.539628388556093 7.7629237314901385 8.134953840956232 13.873127849383668 14.772938536367803 15.09083727502878 15.61445490960142 16.957063442884337 17.03941379355416 17.588472157727846 18.40442503938811 18.4819574188871 19.353987718260814 22.35919837015065 22.569477048444565 23.135755533636623 24.15231533901296 24.36462667394903 24.448344302324088 24.92928499597662 25.02016214017952 
0.0 0.25 0.0 -11.584322470640531 -8.502879699811789 -6.999853927461168 -5.238233281658513 -5.165855027539139 -3.900928853583843 -0.5386747156734553 -0.4773182709250011 -0.011418087452844597 0.11206321667477587 1.1239313972650644 1.5955871228452625 1.9171407240038185 3.9184965001061562 5.026309951663602 6.245912793092316 6.664183895403746 7.176375113114098 7.484237251428451 7.552977623452377 7.994466203726772 8.684902232883799 13.178576364577863 14.475416348088556 15.187341452911582 15.69204183896964 16.610775845843207 16.677806582531222 17.614889919676692 18.054991658048284 18.428224263244964 19.55488050699406 22.1289264820336 22.617377991938763 23.129536319573976 23.93838713559959 24.236709069879225 24.433843634443868 24.81199308537463 24.860832812036396 
0.0 0.3125 0.0 -11.404130179141886 -8.92698898038714 -6.954794518132866 -5.180696056296311 -5.09507523809663 -3.4140733165208856 -0.800603981697904 -0.7070770272068823 -0.35716195356767705 -0.19990569500151278 1.0979767285982964 1.660014767175619 2.1371023821268675 3.8803941875670525 5.279480756294989 6.415298374552011 6.745958506477884 7.1319982709699605 7.68243053597111 7.8297545469145575 8.342621121358874 9.337015720484132 12.396056178518618 14.118128135638969 15.258044391067365 15.73687155935989 16.291670014215704 16.31487816815929 17.645925779685037 17.648075947756578 18.526512758447048 19.673278551943895 21.9831301160736 22.72807116348056 23.239252028118266 23.762543537893247 24.02323875947703 24.473670690580192 24.748846596031843 24.784814146653723 
0.0 0.375 0.0 -11.207127408158309 -9.305333083433217 -6.915637220488137 -5.128819019593684 -5.033218531377512 -2.9283421545359802 -1.0285134020179636 -0.8934191415900548 -0.8201984708763584 -0.36753781057916557 1.0876212489147397 1.7078325403263939 2.3449135226651747 3.8206491531139615 5.390882407175995 6.634780221340186 6.762581955944541 7.067772092335419 7.870725084866857 8.174057401135961 8.76853901504685 9.994455492452893 11.585366064029547 13.694282055200636 15.225756352716846 15.650466324990632 16.103486195033017 16.134062796865145 17.21669103139269 17.667271355987893 18.742854002833933 19.67294798682185 21.891381998718554 22.810995940681536 23.448716891143846 23.61724340664251 23.80041066520809 24.520564885516578 24.682640035332692 24.783998278409992 
0.0 0.4375 0.0 -11.029464106017276 -9.59325503917831 -6.887714356461225 -5.092256066950307 -4.9900434220210546 -2.455467800607613 -1.3722788422918009 -1.083212102568085 -1.0134645050855244 -0.4814524763575364 1.0856258011210878 1.7384879730008738 2.5024213863542037 3.762218863753323 5.421490361182928 6.75716288098043 6.824283978308326 7.02029703436212 8.023686072530873 8.421832978548982 9.299413558278566 10.557335308025785 10.798211851735248 13.286710479200902 15.113538051182166 15.47443258950986 16.075911502533653 16.21283991114215 16.81479518727106 17.680658744211122 19.014990936735895 19.564927237870236 21.84411008804083 22.86756115610238 23.501554236451113 23.531291443821342 23.787891539479048 24.56538495028117 24.649725164780133 24.79129261587095 
0.0 0.5 0.0 -10.949957804759219 -9.710565015019268 -6.87833504576417 -5.079247642818484 -4.975055624686954 -2.135828997547876 -1.6850628542196964 -1.1396025036302428 -1.05603774551211 -0.522151074247802 1.085059734515349 1.7478517910159288 2.560750563263897 3.7335472313065097 5.423931016275548 6.750710761499578 6.895386893436478 7.001700649438797 8.080668684642516 8.504886714604446 9.776437888112863 10.232213162253055 10.800271883637198 13.09082544368653 15.05562199350104 15.397260906692468 16.07794244653168 16.407156628623706 16.513057288075018 17.68423411995168 19.206355464810848 19.429017496229367 21.826052665025156 22.892328404109293 23.448278862587564 23.500094928707263 23.86003903524291 24.585771314617162 24.63081096858279 24.793925631545218 
0.0625 0.5 0.0 -10.926933873573304 -9.697839260055503 -6.980885918909223 -4.99916360329972 -4.99012449154531 -2.2052750502341847 -1.7027635794925575 -1.4203892938607066 -0.6850707146627245 -0.4694193425271144 1.0408694812039576 1.578884710938047 2.709978880884149 3.808240149138401 5.372439205493612 6.6085984798910085 6.938260965614906 7.0673862150068265 8.121846402059623 8.552979050430146 9.783050121997938 10.277130672924487 10.804144194620223 13.128177889839844 15.074973578219913 15.346753957784541 15.965220469195954 16.422149829428488 16.488245623242495 17.688115347268987 19.156078884568135 19.41075657628417 21.763122531358995 22.887666941122525 23.043613052171622 23.869882727438853 23.920849668512954 24.483954983216904 24.51532667387705 25.069124054665973 
0.125 0.5 0.0 -10.858170021805439 -9.661329183273264 -7.2440257164155115 -5.039677316118093 -4.799470166637043 -2.3892108271017523 -1.7504703129798629 -1.5962920020363722 -0.3265780295020933 -0.31135227051818143 0.9822486418607407 1.251525993944762 2.973122142047711 4.003247831562912 5.243756759319098 6.4626739709814505 6.7741023447386475 7.273408554545982 8.262451662639185 8.676806237853546 9.797619868454484 10.38996702154972 10.827492618043904 13.237350369015257 15.099763281544499 15.214979766091929 15.65012726383601 16.44616159378606 16.45964082865427 17.697652284568953 19.006161895788818 19.362100581054992 21.587724190624066 22.75551238250832 22.81319850404705 23.856586148658852 24.072248281303136 24.33060439474223 24.736250829794287 25.402534853366348 
0.1875 0.5 0.0 -10.74424754414652 -9.604322716779901 -7.592850882712986 -5.128894677965337 -4.542316895874539 -2.587022502394669 -1.8224590473642002 -1.6835080479520614 -0.15463245432369468 -0.12491710949717914 0.9116056239044679 1.1024746136267631 3.202927354175035 4.255136297707145 5.106690438325537 6.362069228589858 6.56764427412781 7.411317543675747 8.511704653278942 8.834577007112237 9.818275484849059 10.513647578078347 10.930551739849305 13.409683161270237 14.893058225161093 15.168709090125558 15.225341993226603 16.437996316283567 16.503835760829606 17.680569597678705 18.780307827473504 19.309411565257157 21.32658383902097 22.575366792853544 22.63302571579922 23.688442844121077 24.042098010597577 24.435467819578168 25.152635813677847 25.629904932536085 
0.25 0.5 0.0 -10.586097471150289 -9.532664123778394 -7.980148250419217 -5.257322834899092 -4.264364143250161 -2.716616488282836 -1.923065867900974 -1.749715628386806 -0.24774667037516382 0.0822765613333136 0.6263155401925845 1.4565087637954115 3.3373198185717903 4.501752353347086 5.023690270780535 6.305563781443422 6.35701363509719 7.4656191179074245 8.844996327852078 8.995274733676188 9.846548201637782 10.608995814207379 11.131830764932293 13.596994473512405 14.576895073440758 14.608374101173013 15.28048708365033 16.477934009764322 16.539110467493238 17.632642077020684 18.50212157513667 19.273137186135223 21.003544164215043 22.209535097702947 22.67210052920278 23.451971767014214 24.059798332673907 24.747125188019066 25.29918910255916 25.903682304869914 
0.3125 0.5 0.0 -10.386421293120486 -9.456518162877448 -8.377253383034159 -5.40880322285476 -3.9836100855804766 -2.754685300900182 -2.060426239987883 -1.8313560551824988 -0.42506895629158786 0.17405856054872726 0.5069885839899715 1.8781432241307852 3.359500858261897 4.701378754955708 5.015249584858636 6.170959352311353 6.300284194010773 7.454138400985427 9.143226681213866 9.202095384606 9.87845608128811 10.70928006565073 11.377886389945903 13.648058001452057 13.931155347507248 14.480400419066031 15.300911937643994 16.55105606870684 16.561256128472145 17.55283385353121 18.202374484755033 19.270440875304992 20.658460175897844 21.818215962129514 22.84238479681591 23.22164532642125 24.13713513531192 25.096665302148086 25.233613571154457 26.113230081616138 
0.375 0.5 0.0 -10.148962592816243 -9.387084156123201 -8.762856375731054 -5.551308091390907 -3.714197501419809 -2.712285672339662 -2.2307589706566104 -1.939330815706426 -0.579346120152309 0.08763245380003022 0.6075104487668659 2.256502189801109 3.3156236567538615 4.833128307603101 5.043767113468544 6.032894191619046 6.355078166949073 7.400199685904196 9.283268405629933 9.527543470225375 9.899843738087863 10.85124743865974 11.621015987019886 13.289481518970623 13.491073496948594 14.620288288660207 15.27479475717332 16.579202142161844 16.6353533582397 17.459884889099826 17.93208344777222 19.311502481012422 20.33838242935124 21.492617672031027 23.0246487957238 23.09336276238611 24.25399806983452 25.1172761206874 25.391854050060775 26.131605280071735 
0.4375 0.5 0.0 -9.886941682801833 -9.337993411896285 -9.118024835741041 -5.652940972420055 -3.48829405183299 -2.630002496007183 -2.4016978748298135 -2.0590632072039856 -0.6748987374128608 0.008239724561964956 0.7123685126798606 2.51777733363374 3.2638478188481277 4.897705460855357 5.070808249954634 5.949903045599208 6.438191844075145 7.331232848760545 9.406056267669957 9.746081393555526 9.886799506642124 11.014096297538432 11.869174589601098 12.712444118489907 13.323395894092302 14.8388506443659 15.204087698412438 16.593425087264627 16.69892420244524 17.383987460820723 17.734704070884163 19.38397741707002 20.087461113376637 21.273623670370224 22.89140503026634 23.331789087180088 24.377418013739742 25.001359186486365 25.568440841967817 26.022739155512575 
0.5 0.5 0.0 -9.704342479456532 -9.332594720652777 -9.320933556086894 -5.6906074474039 -3.3898063160279888 -2.581507407257282 -2.484683166120834 -2.1227314877090304 -0.7071267491130726 -0.019877356184941665 0.7494582710299905 2.610632982754747 3.2413128692833846 4.913970985320841 5.07522130140112 5.920634648815213 6.478127846640798 7.295251806411721 9.462098201264128 9.820094335443606 9.865123509435808 11.092460875762164 12.099893536944192 12.335951412148098 13.256409398267841 14.96562148278448 15.129008958339874 16.59888724328681 16.71665652393443 17.349890708003226 17.65926151500714 19.42727710732793 19.97927115877001 21.19356765657061 22.83882536055108 23.43016742775151 24.43383299366134 24.940136268460876 25.621824804961378 25.949135826059983 
0.46153846153846156 0.46153846153846156 0.0 -9.859187150196641 -9.308902962015239 -9.178404849924924 -5.663597567486775 -3.465475337544218 -2.57314099636844 -2.4809912547456134 -2.0550873627664172 -0.6851180886902637 -0.00032535266437483287 0.7161229668203928 2.5480012004547894 3.251303561137414 4.925055898674689 5.066450959557679 5.942492239051856 6.438041257778584 7.317461741281352 9.39108539337397 9.746220975207136 9.893565291226636 11.12007912569769 11.945844910774442 12.465787986978981 13.333278404295879 14.945702847594887 15.193137805160658 16.596890840406985 16.71109482606288 17.35665408199133 17.700001163901455 19.407335716848863 20.043079435657486 21.22517396113565 22.865827451002264 23.410524013898016 24.41094070271012 24.88508670896246 25.557019705795522 26.05331962937343 
0.4230769230769231 0.4230769230769231 0.0 -10.120083185374538 -9.255458464947798 -8.937734943869733 -5.5898660164915785 -3.6460932343350163 -2.5776034224423565 -2.4727577004474792 -1.8690309299069099 -0.6248650774214501 0.05627037678839938 0.6151816555503479 2.3884352422936512 3.2700970365425728 4.915534129894454 5.062351514566277 6.003053494849499 6.325598462835658 7.35595577435792 9.248184747172157 9.56960072813981 9.863567628217167 11.143228492117872 11.780689038092058 12.628536680616374 13.542065717909193 14.921312396857 15.318683451700217 16.574051410407456 16.694268764018986 17.401913404552655 17.802732183329603 19.36315461997541 20.207262867518203 21.312713918703523 22.93998777014241 23.36346160460127 24.32990437959668 24.765953847070108 25.44923615025467 26.193631386072028 
0.3846153846153846 0.3846153846153846 0.0 -10.391791480687889 -9.167199070576466 -8.695573592785644 -5.484483687784294 -3.86609045104544 -2.6178637724816114 -2.445120726471573 -1.6078230070283437 -0.5367076208471756 0.14595405378098572 0.4617291997912171 2.1930414278611683 3.269562460034187 4.868541710756356 5.066525855766579 6.089275073612845 6.177016941212283 7.359570265340846 9.082076182273726 9.34003863391569 9.7250220052496 10.974663271306865 11.86865368421916 12.778431629974424 13.832740960339466 14.9246317540327 15.442821202164817 16.513253599178185 16.70820881457959 17.521831824606622 17.935938806071817 19.315043440211806 20.440322210715316 21.441690725218944 23.050863188713045 23.33242764372769 24.19837587159045 24.65406658511945 25.345608104235026 26.244289713032884 
0.34615384615384615 0.34615384615384615 0.0 -10.656214258883923 -9.04429332647566 -8.463959352301663 -5.371243462083588 -4.094048939202344 -2.7092884965239876 -2.367229739158954 -1.307805452872985 -0.4329338992781483 0.2480640113562129 0.30365338518119794 2.0070337807730954 3.206317758383923 4.845276301409415 5.048046648686396 5.985503333833323 6.233982168566595 7.292221978044638 8.84126776404409 9.129499390770707 9.510655027117497 10.658178395987031 12.167467025958802 12.936591128457893 14.157400045212302 14.97014315742617 15.53172618085021 16.469031087600577 16.774429173871965 17.70064628563704 18.077734821794007 19.271100145106722 20.72384312051612 21.601171890047986 23.17816409700322 23.366433768591087 24.056260618921144 24.55680293734975 25.256547356103987 26.111294253250627 
0.3076923076923077 0.3076923076923077 0.0 -10.905261319813608 -8.88774311604777 -8.244439971377412 -5.276557447121903 -4.3156025261312765 -2.868348620488447 -2.213859023202093 -0.9875809822177593 -0.3253177664103512 0.12464596744444566 0.41789549991021346 1.8475301101144672 3.0536472788359874 4.836247025865014 5.024934548795908 5.829157116470092 6.374695878806191 7.153315848357318 8.519315486919485 8.914353007642644 9.253630387757088 10.292578293436579 12.545689976398466 13.12737952057001 14.467241749907302 15.071842962230123 15.593751905786311 16.497979283011137 16.87944394095855 17.90491174894939 18.203749167415523 19.230309844480345 21.042862156188065 21.76640462890498 23.30495301065117 23.478099113040756 23.949860711074017 24.457088390675132 25.201544151326168 25.81091543167814 
0.2692307692307692 0.2692307692307692 0.0 -11.134056877523838 -8.698796490416537 -8.036200207503637 -5.218490478771893 -4.524128977425833 -3.107833766157889 -1.9701182968236142 -0.6575666951821489 -0.22866193834263784 0.04227177207198305 0.5782749692191862 1.719491789179923 2.8198251398626963 4.755579269737956 5.0306437258909655 5.747767595452156 6.5089405078713245 6.984792846602732 8.171242067994681 8.648236285643822 8.962848798434782 9.884086485262081 12.958408542917203 13.369614344556357 14.71268501273623 15.207108649731046 15.714089583034772 16.61069904291924 16.997061435667362 18.10797897841516 18.300160230823003 19.19916561592051 21.37637353137981 21.918937789069496 23.42479189455601 23.616849578085404 23.91218849072578 24.36609584392191 25.13646325194649 25.459392376703367 
0.23076923076923073 0.23076923076923073 0.0 -11.338221166110205 -8.479642386469319 -7.838680487048646 -5.201030955229643 -4.716181848449478 -3.4237644496414372 -1.6407773991814376 -0.33039535805315207 -0.14804680590338945 0.052655845993461715 0.7467619532568976 1.619791076224479 2.5422694907684495 4.613112452027762 4.959582709067855 5.811902306344975 6.580469313457525 6.86390495627885 7.831070577742114 8.347761508898769 8.649781117129018 9.410606234766005 13.381578478625705 13.661763877803859 14.875904997601236 15.305043801276254 15.983093930185197 16.786715558210084 17.104773932812652 18.297649003269516 18.367444588881614 19.181141173945065 21.698054829914696 22.04867600439384 23.43216017387649 23.800949275867985 23.9362076100912 24.356697939640295 24.90465255201012 25.350631866862308 
0.1923076923076923 0.1923076923076923 0.0 -11.515083280797324 -8.23320148475199 -7.653299060640048 -5.2157481805032795 -4.888717330108349 -3.7962557971665136 -1.2480480678088284 -0.1094308992942884 0.029305901498095695 0.1317881201159368 0.9124101468445891 1.5448458653435315 2.254358110462994 4.446443923202066 4.792817648162367 5.964039245208238 6.521385160059769 6.876164999077468 7.530900242331853 8.04246135913805 8.347940453852871 8.88393898449118 13.794689560466423 13.977162149153573 14.980411637731896 15.362088846977642 16.353002140070473 16.997440792427273 17.190092144132368 18.411709421070295 18.471629625475597 19.164219844362616 21.987769529546387 22.17086853792273 23.328524070685916 23.980280752960358 24.040008494702576 24.453404596878716 24.692777134360114 25.384182414325867 
0.15384615384615385 0.15384615384615385 0.0 -11.662279173918826 -7.965025947012811 -7.482415940361114 -5.248850619001998 -5.040104143261967 -4.197397210348858 -0.8242734098331619 0.0024783473094856213 0.17919216615307454 0.38007953760496255 1.0673442160772522 1.4904583940877922 1.9829787514842934 4.280677414492209 4.580246001495302 6.063494554757846 6.461415293844384 6.914994054650407 7.298712309324368 7.778383555741682 8.086266680577245 8.359997684272713 14.149924992796697 14.304586274940739 15.063358402078286 15.394122076586502 16.736117469340616 17.207869567188883 17.265602068104478 18.481542275021024 18.613231761843707 19.12233601745196 22.243600759627405 22.316485132520043 23.22656889021375 24.05376142077595 24.27930894544298 24.50350663902059 24.67420912013355 25.404143575376608 
0.11538461538461536 0.11538461538461536 0.0 -11.778270387276732 -7.685875461718478 -7.3330709199248005 -5.287805522852751 -5.167792224056828 -4.598413165045739 -0.41138716418134075 0.12379345410122386 0.24563825797628605 0.6949224962552528 1.196898249588358 1.4494046378987082 1.745373732408558 4.132181980514505 4.353437691270173 6.066350982088063 6.418515189113082 6.888983455409204 7.12175047858151 7.618121552938059 7.850371051235548 7.953651505617711 14.381692596758192 14.646355515941739 15.138607449263999 15.407160810442246 17.06594973813903 17.333647164384594 17.381329165003287 18.58648192318346 18.729738123983267 19.036008052897014 22.47028052264457 22.521664693967526 23.1846726220138 24.18401775362874 24.491816490306316 24.521421577465514 24.800903886196036 25.393808586386996 
0.07692307692307687 0.07692307692307687 0.0 -11.861857909397056 -7.415795476735465 -7.213952000746027 -5.3225067175348215 -5.266984621218595 -4.964310616767982 -0.056012645782850624 0.2406945965419305 0.2897195963933721 0.9845813132322028 1.2935932479183079 1.4154892274944422 1.5565436885435704 4.018436342277332 4.142124924098107 6.050146341912942 6.365093531401912 6.732023197716185 6.921978836120414 7.578393920159372 7.682633292746608 7.773684748346982 14.498587177564822 14.945986419891035 15.216018181027241 15.408717056387141 17.310013922653912 17.41470115550573 17.478759433243535 18.71345241221049 18.819643776905107 18.921012183312403 22.689662269467355 22.791439402415225 23.20616691940424 24.34382627305795 24.661851651514958 24.73191357756854 24.94266756412875 25.473071551741697 
0.038461538461538436 0.038461538461538436 0.0 -11.912269804467842 -7.19770501619174 -7.135483472227266 -5.345118364894422 -5.330601403147509 -5.242363856945767 0.19753311249448072 0.3143582891434174 0.32455200440873944 1.212347781011052 1.3486607525760679 1.387074270845975 1.43019604037777 3.9476342641611026 3.984363708885273 6.0530347910101305 6.36608151352237 6.54854761267069 6.663342954367615 7.622309620417244 7.650636217098538 7.6845090631611095 14.535006480025308 15.175779766557808 15.286189457229364 15.3901442268721 17.460813576568313 17.489964336951346 17.519985591394146 18.758619708955283 18.874189857754917 18.883679700144423 22.93540759485606 23.027739198800987 23.232938928951153 24.56043225427077 24.753820761229793 25.012250787334924 25.421086554404123 25.862398595396968 
0.0 0.0 0.0 -11.929042603495157 -7.1074033522235345 -7.10740335222347 -5.352185159217758 -5.352185159217756 -5.352185159182339 0.32414108984051754 0.3241410898405616 0.32414108984180584 1.3277293490799815 1.3682393641748851 1.3682393641749093 1.3682393641753914 3.9256050469829256 3.9256050469829438 6.064093078812991 6.466285047866983 6.466285047867002 6.466285047876778 7.653012327566872 7.653012327566936 7.653012327761481 14.540237135381384 15.322414668104877 15.322414668105038 15.322415745004722 17.52381475968077 17.523814759680832 17.52383374569539 18.72604015496316 18.908246494411266 18.908246494411387 23.144908387507904 23.14490838753805 23.172842939607275 24.864506259764863 24.864506259850415 24.918922289458507 26.912380796828792 26.91238079706392 
0.03125 0.03125 0.03125 -11.912435532153822 -7.166723812336353 -7.166167313586585 -5.3660215446320185 -5.284288559689296 -5.268313619937491 0.19659133627726383 0.308258853979115 0.33287687869381904 1.2076966488704663 1.3601733114637036 1.3868347312589753 1.4242367145563242 3.9630541373981782 3.96811450300836 6.0526865358946145 6.365038416829826 6.548425011263347 6.662550056656947 7.615107888392622 7.662737339607613 7.680083194575192 14.536007846278439 15.172049639643504 15.304066321231007 15.375680855062683 17.46277525198906 17.495564727349645 17.513031685102224 18.765345549809766 18.875161205864117 18.876699688907514 22.9367719241272 23.00559650035029 23.246933379892624 24.56473810409711 24.622161091204802 25.013395565962067 25.392107000948748 26.14844425691733 
0.0625 0.0625 0.0625 -11.862329911466189 -7.317080328003053 -7.313844195946035 -5.404593621190193 -5.089257235902639 -5.059185887124964 -0.037177390179395274 0.16246822133247954 0.3532648512750321 0.9499121360728752 1.3667948952578453 1.4170118596283507 1.528384228370752 4.061147591267505 4.094361891346676 6.046840963554534 6.362876283163726 6.7018066004284895 6.943861013345336 7.573580917812541 7.726490141685145 7.743655286543996 14.513807722446023 14.941658841908465 15.277125145948196 15.3446254772603 17.322146492268708 17.43596826197301 17.452101001185618 18.794232179338604 18.80582044641713 18.861248838217428 22.6811666993637 22.808172645080994 23.194703714856804 24.302189844090528 24.62936053813831 24.800693581387446 25.319045117924283 25.655786473853595 
0.09375 0.09375 0.09375 -11.779543132704525 -7.513151920129496 -7.50600868322241 -5.4647379653632875 -4.816630088832991 -4.777351503458944 -0.3350955062776548 -0.0733313489390719 0.3137872609955559 0.658106604719764 1.3845732612059518 1.4533005022478367 1.6805509091836381 4.188768144319847 4.276387402529349 6.041808814444931 6.443930772459374 6.71204186090673 7.250082792174308 7.717237251800294 7.844301929981488 7.885894397510578 14.449320016834758 14.641293027346478 15.232096885424944 15.24218829104055 17.08146858323602 17.334834130964467 17.370369182264145 18.67388995896093 18.711804205086683 18.96996517360329 22.433921611017727 22.629490790365388 23.09764635683646 24.102463148330038 24.601860228744556 24.60457943404546 25.384819758979198 25.43030428968903 
0.125 0.125 0.125 -11.664037311549873 -7.722785602052097 -7.711240582979463 -5.54191077987464 -4.508994841116208 -4.4645577766521685 -0.6509235735736941 -0.3486049597649935 -0.026708436041380207 0.6184343832801232 1.4132682598493218 1.498915611456916 1.8734978441718004 4.325949746783872 4.480472619221189 5.969299080781493 6.586818074194288 6.5875277588399 7.489533570147686 7.986528384820366 8.088402492021816 8.212135382573495 14.295585658588127 14.335410785352934 15.054162202461777 15.20569323952939 16.749489891904894 17.16560956478344 17.31799581116026 18.535761628300733 18.61164643869437 19.06603552339004 22.204452118019866 22.5011125312074 23.018032097007477 23.96614350355959 24.469814360373423 24.488417284505033 25.18663498623554 25.655393806941326 
0.15625 0.15625 0.15625 -11.516816624022358 -7.927828837289989 -7.912319867817656 -5.631409731635271 -4.202164916959546 -4.157530839414847 -0.9407073458136163 -0.6117004963467476 -0.5186447830410985 0.7118863997479664 1.4500353170508986 1.5528242716101195 2.0929140330728813 4.46322609443012 4.686939900659655 5.723921353915442 6.562384294165886 6.7634902149102 7.661005896436245 8.168819418396714 8.548450857554116 8.675512858549931 13.92493665858723 14.174123087719533 14.824007304146088 15.16907566484265 16.352752566881506 16.95648854757668 17.26925236785687 18.398295844584425 18.50900064873681 19.155002666861098 21.97409284567085 22.401837865064323 22.94263694539863 23.877351280526458 24.32390731658468 24.388469826893118 25.032613714373202 25.921351420341892 
0.1875 0.1875 0.1875 -11.339189307897444 -8.11967711966723 -8.100179317575424 -5.7290042896466025 -3.9372985006547 -3.896718125989706 -1.157331072444422 -1.047217956732291 -0.8102441108801229 0.844297997771213 1.4927734767605607 1.6142430995618107 2.3170769192107725 4.596909446699612 4.8798350052469 5.3589004343772935 6.656547837954366 6.947821263194494 7.81730948762131 8.382131512266398 9.014903415330862 9.186401120923932 13.546145594977714 13.977355069217179 14.549057307889735 15.143688858942978 15.935609806154305 16.730591994958836 17.206055953151992 18.263840884305807 18.3897648376012 19.252067395781477 21.718883200770808 22.296583579065576 22.813597624277687 23.832495219705255 24.168637191356844 24.27151049416165 24.93071031700075 24.97390742290032 
0.21875 0.21875 0.21875 -11.132697659574355 -8.293349260760627 -8.271643284485513 -5.832292121987943 -3.7635047309648724 -3.728205092473101 -1.5825392471012099 -1.248054517354019 -0.8907145232268545 1.0006948922801968 1.5399501702454765 1.6821262483049373 2.5119794821751062 4.722532914869917 4.985005700348609 5.0536093556394395 6.8142950790576196 7.121813362039296 7.980139459492318 8.609878733088458 9.441073731854422 9.674076418387191 13.181146363319936 13.759933267111427 14.24153830906339 15.144184747897592 15.547060367498514 16.521970491932937 17.131365662808985 18.127097314814613 18.24859232791081 19.349857529003575 21.423150611615036 22.145340132102337 22.61816931327896 23.833809366682605 24.043874071554033 24.252659656214266 24.895471762019415 25.1747246513919 
0.25 0.25 0.25 -10.89949315123871 -8.446648539046999 -8.424056727863093 -5.939392659999553 -3.718465765467966 -3.6827942121851795 -2.1099342445766824 -1.173788830988477 -0.8206862900323284 1.172855901056584 1.5908173807892774 1.75627868198653 2.6325114286147637 4.6747422342814176 4.838405468123716 5.197370735908307 7.011772418140511 7.276684987937476 8.147498255659789 8.831896016806857 9.78497777240704 10.082216278355391 12.84211095003701 13.54422517218316 13.91124608312939 15.174796068573984 15.23965827559258 16.357373323770112 17.06827921591766 17.98386931568474 18.086901686226653 19.419569630773964 21.099986781841046 21.95155016618054 22.353101945361647 23.86057756357082 23.989564318407083 24.191998340892802 24.93328122986777 25.432157620505087 
0.28125 0.28125 0.28125 -10.64181503624822 -8.578684646337061 -8.556033364181648 -6.050819741305179 -3.789468305593477 -3.7499125365115438 -2.6171919800737293 -0.9429945469273343 -0.6086699329780465 1.3573139132415535 1.6414451765675309 1.8373288363911173 2.631491135206917 4.490591207795102 4.938462846060736 5.298017204558156 7.23760206089548 7.411114804876942 8.308339055578214 9.038848313628126 10.0357887443316 10.375846318447573 12.542348378402716 13.356077242117445 13.567324000335027 15.055997577410746 15.220223563898358 16.248958628466855 17.04623562800936 17.83417806774524 17.91699866280818 19.43574245482313 20.776174969759253 21.727535408040435 22.04542515593853 23.88007350345195 24.016793596233217 24.106018500054947 25.042753498048825 25.571277447560973 
0.3125 0.3125 0.3125 -10.364062651746137 -8.689962389145954 -8.668250686142953 -6.169927746404299 -3.9301276234229094 -3.8875192390820463 -3.0918604336184186 -0.6069489073949299 -0.3039848420697133 1.5458871131926861 1.6928401931356771 1.926876688836991 2.499432546547549 4.445511420688108 5.017750402041435 5.338937883890556 7.47257422400443 7.526869952800638 8.439311369399425 9.236053806961284 10.189944973954551 10.550989815511754 12.287597173783265 13.207116213952133 13.215014167031596 14.997681098969608 15.262370603301258 16.185654688935767 17.08522911807992 17.67835730321603 17.754054165759207 19.400974648698362 20.479786613964873 21.479100632466526 21.726954956915133 23.878465550813857 24.00925601484397 24.116085770240847 25.187300948713634 25.504644475663728 
0.34375 0.34375 0.34375 -10.07219090383675 -8.780177509205915 -8.760292425718793 -6.300986270219174 -4.094248108671296 -4.052648975046662 -3.51973796303005 -0.21645151420653166 0.0416058977442837 1.730269190087628 1.7468499966594833 2.027538937035142 2.2915735985731254 4.496328678587959 5.068999063317403 5.308031759143606 7.632239628455029 7.697729355560559 8.511073087501508 9.43894501465301 10.282095233008597 10.65594803978516 12.08217198041399 12.861366990261404 13.095173894032198 15.028715844222532 15.292858497293564 16.13700028176239 17.169302429257787 17.535247523820246 17.622342055877596 19.359075367804337 20.247255518259962 21.21830084015879 21.42781609552585 23.867251124667256 23.92175385782373 24.263790934847012 25.315917313435268 25.35059885511783 
0.375 0.375 0.375 -9.774293411102397 -8.851501091417685 -8.83437516647696 -6.448845213008825 -4.252918294913254 -4.215755609089577 -3.8888807866337167 0.18388484151522086 0.3788617642569171 1.8079823576751057 1.8812205312500516 2.0850355890975716 2.1391083898009566 4.5806427230543925 5.078968856616841 5.2027850771364905 7.732237703665843 7.88184177124465 8.501919101924443 9.655964691304968 10.351228185116295 10.744244753940176 11.923804844374352 12.510453433042992 12.997975903144926 15.08441830984147 15.314316196893987 16.056534616004647 17.25166031459187 17.417052763610375 17.524431267036963 19.362322693947313 20.110101051204733 20.95117765996011 21.170289692648872 23.8600050415012 23.86465268893039 24.424302566696344 25.211216016180117 25.401599722620357 
0.40625 0.40625 0.40625 -9.484985987225002 -8.904664497428067 -8.891088451923387 -6.61298456733729 -4.388153984734171 -4.358755216526349 -4.185768690970353 0.5539059323172217 0.6696388777360579 1.8169039667738747 1.886288010223031 2.094273866996514 2.253605054343402 4.664660645618744 5.04294395211696 5.0470308404526 7.828578463254981 8.004865399233495 8.421651206521338 9.895464520092817 10.435887480919472 10.841524421393078 11.811685781549382 12.176024611951089 12.900159046576611 15.12685995276786 15.329721362825135 15.916283097087987 17.293297961127458 17.336502857199036 17.452326119732366 19.429261322034073 20.083570917925897 20.710258451993482 20.959343059586494 23.856775000842937 23.873817981523413 24.57810985454079 25.125176903322966 25.453073315148504 
0.4375 0.4375 0.4375 -9.226249741689294 -8.940640056992425 -8.93122202000952 -6.779015648165265 -4.488863422344087 -4.46862991206316 -4.398517202366362 0.8465487092858576 0.8907400638454144 1.6680227782876862 2.0029963547091705 2.2045150162123446 2.349095564441891 4.733153114125604 4.891866460179564 4.964987161928415 7.920918283559359 8.069533992289916 8.310268433165836 10.157170452537548 10.549114008727457 10.914482906252449 11.73839047047519 11.890946554567636 12.804605564584739 15.169187062009469 15.344667062788773 15.727419200464258 17.299300829262485 17.304479616952836 17.393578178492742 19.515167409458027 20.159658927278638 20.5422793032949 20.786244362640318 23.896083525993323 23.9112357866173 24.727143142286252 25.107165522786357 25.472445307421133 
0.46875 0.46875 0.46875 -9.037055911970091 -8.960699518973243 -8.95568299224823 -6.9132817665572395 -4.549277206817881 -4.53887223700883 -4.524849375211694 1.0224112409434147 1.0281951866101249 1.5703214983947487 2.158560727520128 2.2802841397567217 2.378867194801062 4.776611491118683 4.794006052844467 4.865652128122203 8.008591113246997 8.09352735056634 8.198524472431558 10.43153589031265 10.649887985543224 10.877469430109766 11.693159006428804 11.715992421700161 12.728502522818513 15.23801349685731 15.353135371102917 15.527192881458781 17.29208668500831 17.306868236980264 17.343969297723916 19.557192066674492 20.300425558154238 20.474384708282358 20.629618245502115 23.956422021785137 23.957362349666003 24.86017372219537 25.43048925230441 25.46175013756886 
0.5 0.5 0.5 -8.964209276457986 -8.964209276457858 -8.964209276346295 -6.96579996415774 -4.563025120493195 -4.5630251204931085 -4.563025120430387 1.0861477261077723 1.086147726107779 1.5415640817485512 2.3099053217584458 2.3099053217584617 2.309905321764745 4.799248536770874 4.799248536770906 4.79924853677283 8.104780018872404 8.10478001887242 8.104780018989299 10.699319282211675 10.699319282211706 10.699319285431407 11.686710835481634 11.686710835481664 12.704596372432787 15.365205689327256 15.365205689327269 15.36520573198042 17.315058358030985 17.315058358030992 17.315072075373397 19.56639738030964 20.472857405428805 20.472857405428915 20.474112725392047 23.99030800840414 23.99030800840425 24.95596230833255 25.324618275463486 25.324618275475107 
0.4642857142857143 0.5 0.4642857142857143 -9.019627204060223 -8.976278657747958 -8.950270216892378 -6.919742467147748 -4.556027370749997 -4.5383072308695755 -4.528260318267393 1.0150098931648814 1.0504404190654142 1.5671009902220097 2.162220000592528 2.292656437732051 2.374171213286157 4.775267883047045 4.796592849920141 4.860468298742732 8.015625761308954 8.090629265955489 8.194522824923808 10.455402468169385 10.639650796227022 10.883579713742689 11.686375640895768 11.710287918838423 12.726413566745798 15.240623258789773 15.361051434637279 15.511420468402928 17.291117875951922 17.30875669810066 17.341361468961665 19.55912421062228 20.310684619567727 20.472806916533344 20.620466022510758 23.92190827360349 23.999579747897517 24.871703622851857 25.415745340774304 25.457221907894784 
0.4285714285714286 0.5 0.4285714285714286 -9.16484340313656 -9.007750011819525 -8.9058384692765 -6.796447871976818 -4.524532142412427 -4.460867695614671 -4.415391190772288 0.8284602641054463 0.9704412442682988 1.6519847452702288 1.985736552423903 2.246883982151705 2.3481455092870784 4.782202854953398 4.810604834143574 4.981417082254109 7.924362837982968 8.07025860602047 8.305729776159003 10.202613750074601 10.519914967557716 10.982682156679093 11.701309235029289 11.841423001391355 12.804360872010987 15.162970411234461 15.369558666636895 15.688805826293745 17.27494167156785 17.321940617426698 17.388597271885473 19.526959016295727 20.170994011734116 20.516669669194314 20.7748439686364 23.767297889376678 24.062680599852804 24.752268304316043 25.142507497146116 25.462759034788565 
0.39285714285714285 0.5 0.39285714285714285 -9.364557835494821 -9.057275432928664 -8.831507020683699 -6.6323444462777355 -4.473242976922595 -4.339204584763866 -4.219916397123478 0.5288799404116186 0.8479760849675723 1.773860471270866 1.8281129825539202 2.1509889735725074 2.2671257248154646 4.763745483905262 4.8620048806803124 5.139382307716985 7.811261311132322 8.041285232629281 8.418346467280005 9.952451080912875 10.402621745084485 11.000744099894854 11.684446310615169 12.071285046869425 12.929158363049591 15.117459913627009 15.38220327062245 15.855115098115945 17.25100478961464 17.35602879945194 17.45318527274225 19.4580287253891 20.074429808972507 20.632403156520024 20.95929676524507 23.582507124328785 24.171046117460783 24.620793281467872 25.137719009899822 25.458419411108856 
0.35714285714285715 0.5 0.35714285714285715 -9.588694939505718 -9.122014060605865 -8.728070116845348 -6.4550263255106595 -4.406521451846819 -4.182529859287014 -3.9449785326749423 0.14767831928937938 0.6900214914175864 1.6408420182716645 1.9401555980310419 1.991685367402922 2.2001009517596413 4.7150923564260765 4.925405637835915 5.308376943860905 7.675603986631225 7.9986062107536835 8.49259562469946 9.722866353947788 10.320626299364614 10.988596065612745 11.62319437079861 12.345941699876763 13.093112235158113 15.088590312754675 15.388139436040845 15.973267919490036 17.206855969712414 17.392419544793793 17.53616493782214 19.387920186643385 20.0512812054571 20.798319995436287 21.196051253019565 23.406180106632533 24.285150552105154 24.52251139892601 25.161478010146585 25.470171872244748 
0.32142857142857145 0.5 0.32142857142857145 -9.816440931175281 -9.197644691754782 -8.596177492425419 -6.276684017628992 -4.330096250969444 -3.996907677307851 -3.600693576597837 -0.27341010198856247 0.5073671733792998 1.467782076198595 1.7516594180232468 1.9966392592552362 2.2895155691106264 4.639463223303285 4.9845317021432205 5.474705712134482 7.532897554191461 7.935830905488762 8.494020060416407 9.544765484733729 10.271880389108881 10.979263226820036 11.526351953976553 12.616717354224255 13.306714575491755 15.075360279216614 15.383744883495675 16.032855069404306 17.140157729186022 17.434419593929714 17.64011980471172 19.35959785834775 20.125157963178125 20.986779384260256 21.488446514751633 23.26037591720925 24.245516718164318 24.58924024710503 25.186105563154598 25.510722638893885 
0.2857142857142857 0.5 0.2857142857142857 -10.036032648526081 -9.27951783933415 -8.437034160077694 -6.099948014944215 -4.254124511835289 -3.786709589543861 -3.205147277085036 -0.6956178963277401 0.3109256765946206 1.2737907039639333 1.5021976452139267 1.9143290723911313 2.5148461819265893 4.545869126633745 5.022701352059941 5.628177943525021 7.400509107819677 7.853794804673929 8.41714043042957 9.432472699593934 10.229745910252396 10.96498059419213 11.406334640019118 12.850288203228 13.574744139629097 15.085645399327845 15.370468318950472 16.044324664393667 17.06116699750306 17.48206843522954 17.753429123893582 19.375230606808707 20.296505121373755 21.18417596913513 21.821650543195453 23.14331476640153 24.095524422528833 24.748648486059505 25.21587903330389 25.56523418495 
0.25 0.5 0.25 -10.239526059958308 -9.363339875636498 -8.2529891851116 -5.924545158217033 -4.196254510270277 -3.558178283528629 -2.7843601645269023 -1.086305715882004 0.11296105419163441 1.0600037566203646 1.234242093895631 1.8179287504073671 2.746224857564178 4.450333670864456 5.033215016395241 5.7622298350156935 7.28985178417343 7.753390062368184 8.297552794306227 9.360037458887367 10.166480041015525 10.91539311773915 11.275174301268397 13.025804931518817 13.88138057798315 15.127214889411503 15.361417978189706 16.030282994064542 16.980559989085954 17.543359072486187 17.867540426364002 19.411658803728894 20.539824761191074 21.37593250371588 22.17369334171515 23.038247719657654 23.956175509267663 24.89282203965644 25.22220147775382 25.631238882495083 
0.2142857142857143 0.5 0.2142857142857143 -10.422063117290772 -9.444684969263328 -8.045578407009874 -5.749060362624681 -4.179589934596697 -3.314173759277874 -2.372698678856234 -1.4052782065539837 -0.06660777549008026 0.8416816661445882 0.9530365421959992 1.728040023245662 2.9294123408618566 4.376066713964006 5.027668523700748 5.8795584684546 7.202237218778581 7.641845301793754 8.185413118903991 9.285289871541545 10.085212865353553 10.828401249619164 11.143058119066847 13.141951694773002 14.205346086734057 15.18921767033131 15.388832904526463 16.019916347745053 16.89992994237412 17.622104522402466 17.99817448828561 19.451041499172565 20.826261028408222 21.559805570935694 22.511997237821863 22.95871915813075 23.897146257238482 25.00297508376769 25.15373005549606 25.708819991236314 
0.1785714285714286 0.5 0.1785714285714286 -10.579982040340468 -9.519595178500929 -7.819081251548749 -5.575951668453928 -4.2307898202712355 -3.058486633337201 -2.020700949243894 -1.6173154861691956 -0.20529740245245104 0.6520283382391909 0.6609843008971747 1.653440266351923 3.019039614586003 4.321427415047951 5.043206328700875 5.986193208804056 7.125020165695321 7.536411381798176 8.106989914974527 9.172272044167077 10.001476043263528 10.719953991660194 11.015538892479839 13.196254437023185 14.514180712101384 15.242677056031479 15.47875717324989 16.04571001356629 16.81427546590192 17.68708922559339 18.18492814493328 19.474175106136215 21.116171365494665 21.748216826220947 22.69778064372822 23.05597307259825 23.935058118155343 24.972777257710636 25.061244955351064 25.767382376370495 
0.1428571428571429 0.5 0.1428571428571429 -10.711468379430663 -9.584981989574707 -7.579294908868098 -5.410224469268689 -4.364374657636161 -2.800082828539079 -1.7971576617053964 -1.691879458275757 -0.3084170870808888 0.3599078167401506 0.5592811385823324 1.5971407236333741 3.004619453763734 4.239855236701445 5.122800925454798 6.096115663197953 7.045447753139378 7.445867946261835 8.062337149135375 9.013395691483915 9.929273854837534 10.601691434359225 10.909925262217504 13.196924978703247 14.76539672368227 15.284629032817818 15.607791224971232 16.125723634050335 16.722109196267454 17.71193861030377 18.43811032705648 19.471710441319455 21.36936105575403 21.971038747992832 22.74080269806897 23.3326357842223 24.04958161640562 24.72590183915131 24.999880966692494 25.763787095604933 
0.10714285714285715 0.5 0.10714285714285715 -10.815281192271804 -9.63864936445186 -7.337757135544595 -5.261515021496205 -4.561763349317899 -2.5495843351195475 -1.7298352036078775 -1.6301828750408138 -0.4439120142111916 0.06143038321195287 0.6403084282527861 1.5673584172484119 2.9168343571514606 4.099850009440413 5.245202660470096 6.235416025916274 6.965536083192169 7.362334317931703 8.046669753739252 8.829939300564382 9.870757004579193 10.472775329325366 10.841041574234513 13.166180103799347 14.931387437598149 15.320158327725906 15.76094797556616 16.237860895052222 16.632427429484025 17.70462942102718 18.72391382866459 19.44872102520554 21.55804358249647 22.245930360048966 22.829486345730494 23.575359343552687 24.2083686735405 24.418733453686986 24.85428958951092 25.64276513252554 
0.07142857142857145 0.5 0.07142857142857145 -10.889897403133826 -9.678147585122536 -7.114507839894023 -5.142788386388797 -4.7755432197857415 -2.330584473324384 -1.712819431598541 -1.5046798752783241 -0.6405998721809806 -0.21491690043174488 0.8479599186856654 1.5872595651234753 2.786375535595973 3.928173611649502 5.348669849723747 6.421292737998978 6.898658611264858 7.26126368441492 8.05386701076125 8.66403609609763 9.822603555518922 10.349768379791891 10.80927854520203 13.12881760873145 15.015324595438411 15.356975914351708 15.916218154084234 16.342038228144443 16.556832607284605 17.691357595969375 18.984155609271536 19.424810408531734 21.695127112349915 22.544477209972218 22.990569552217025 23.729356477539927 24.09432341638348 24.395967101277236 24.689064770324432 25.36573114473562 
0.035714285714285754 0.5 0.035714285714285754 -10.934883939794304 -9.702330806893002 -6.944335178028205 -5.077120819499967 -4.936057225423221 -2.1831715096483295 -1.7002907839986539 -1.3194446841601644 -0.8653159848962775 -0.4328333609776327 1.026014053101358 1.676027357643547 2.6402734681973516 3.7886040233816463 5.407154838541514 6.635515660217902 6.865110591994769 7.126777788094433 8.070821097796541 8.548484107465036 9.78923895553876 10.264027626692995 10.802356159624942 13.10139130404801 15.047833763176325 15.386022882037523 16.03320627460792 16.39932603634648 16.517991290587243 17.68417105279766 19.15487451171334 19.420904457795704 21.79008980940818 22.791040975523803 23.21005597950666 23.721194792456618 23.87531929276838 24.531314013706638 24.604849197826553 25.00998173641948 
0.0 0.5 0.0 -10.949957804759219 -9.710565015019268 -6.87833504576417 -5.079247642818484 -4.975055624686954 -2.135828997547876 -1.6850628542196964 -1.1396025036302428 -1.05603774551211 -0.522151074247802 1.085059734515349 1.7478517910159288 2.560750563263897 3.7335472313065097 5.423931016275548 6.750710761499578 6.895386893436478 7.001700649438797 8.080668684642516 8.504886714604446 9.776437888112863 10.232213162253055 10.800271883637198 13.09082544368653 15.05562199350104 15.397260906692468 16.07794244653168 16.407156628623706 16.513057288075018 17.68423411995168 19.206355464810848 19.429017496229367 21.826052665025156 22.892328404109293 23.448278862587564 23.500094928707263 23.86003903524291 24.585771314617162 24.63081096858279 24.793925631545218 
