 4.11229628  4.11229628  4.11229628 90.         90.         90.        
C  0. 0. 0.
C  2.05614814 0.         0.        
C  0.         2.05614814 0.        
C  0.         0.         2.05614814
C  1.33400263 0.         2.05614814
C  2.77829365 0.         2.05614814
C  2.05614814 1.33400263 0.        
C  2.05614814 2.77829365 0.        
C  0.         2.05614814 1.33400263
C  0.         2.05614814 2.77829365
-63.291615
40 bands 
kx ky kz  bandenergy1 bandenergy2 bandenergy3 bandenergy4 bandenergy5 bandenergy6 bandenergy7 bandenergy8 bandenergy9 bandenergy10 bandenergy11 bandenergy12 bandenergy13 bandenergy14 bandenergy15 bandenergy16 bandenergy17 bandenergy18 bandenergy19 bandenergy20 bandenergy21 bandenergy22 bandenergy23 bandenergy24 bandenergy25 bandenergy26 bandenergy27 bandenergy28 bandenergy29 bandenergy30 bandenergy31 bandenergy32 bandenergy33 bandenergy34 bandenergy35 bandenergy36 bandenergy37 bandenergy38 bandenergy39 bandenergy40
0.0 0.0 0.0 -11.033653425617096 -6.660496216829627 -6.6604962168296264 -3.7605926799323397 -3.760592679932334 -3.760592679932327 -2.196720423695467 -1.5759189212327285 -1.5759189212326916 0.4089379508894153 0.4089379508894154 0.40893795088943774 2.6022547420672235 4.782628903930621 4.782628903930673 4.782628903930682 9.07600030358149 9.076000303581491 9.076000303747547 10.11053382386314 10.11053382386315 10.110533823863172 12.429701587460992 12.429701587461064 12.429701587492358 13.55869342527166 13.558693425271672 13.558693425271692 16.464654178899902 17.57864131589493 17.578641315894934 17.578641315894977 18.197678208771183 18.19767820877123 18.19767820877123 18.804129115920425 18.804129115920468 23.504812768035194 28.0502295285963 28.050229528596837 
0.0 0.0625 0.0 -11.009465309301653 -6.74987315865267 -6.642415748333123 -3.774768453579443 -3.7564419391326904 -3.751294058653893 -2.1629277315573234 -1.6490061177211477 -1.5832678390104984 0.38239280346876076 0.4187135372201244 0.5628342713492698 2.511284767182448 4.666437342966955 4.767759163926286 4.919400272286124 9.067746759254309 9.094547453214497 9.19482506748888 10.014662149851931 10.025972945374177 10.091845645912855 12.379644366611195 12.492025588639558 12.524263802756034 13.388647881466863 13.605722846583735 13.687887134899729 16.39464397050274 17.337317392168327 17.548760496142986 17.57584030187584 17.92738072504159 18.157502939242605 18.171954675233234 18.94592865175256 19.234823445580588 23.5638080899313 28.06366392126451 28.955718460414936 
0.0 0.125 0.0 -10.936691355420969 -6.994293853381625 -6.586831015850552 -3.794234059819758 -3.7301362759675354 -3.709640495505878 -2.2556158454867226 -1.685180460299117 -1.511031183337105 0.3085633643892185 0.4561223219744718 0.9161989736867016 2.345091827582419 4.369304430907599 4.7422311362615135 5.261926560529132 8.911173248694846 9.158986868300227 9.42263928575674 9.88113987404287 10.006730726196112 10.047718733024832 12.254939164736433 12.613004623377032 12.748059254497818 12.964773203997359 13.789953013494546 14.093244133190357 16.054450982848202 17.00358670850992 17.48839127453308 17.58793497397679 17.658636881148958 18.070346239417024 18.127838724054776 19.19440227225245 19.947137833425487 23.74938025865221 28.08056630879168 29.042243308899046 
0.0 0.1875 0.0 -10.816367399851552 -7.344511942601473 -6.496303857268535 -3.8214700585673147 -3.690100670391236 -3.6449428042492746 -2.5267006461990844 -1.744562182852793 -1.1959644420294515 0.19212133754100708 0.517109357817889 1.205383470831643 2.345531330183908 3.975181920799525 4.732940274696512 5.68231038304178 8.504776175868907 9.26337341041495 9.276970884965525 9.995451533089874 10.192529132776611 10.253328108174621 12.059564851014342 12.376369806870745 12.715804491421526 12.96539656962828 14.113237546374544 14.666941431659346 15.468508315465865 16.57443818584655 17.39674067697409 17.58424934881206 17.724581593275357 17.953887142575937 18.060239252749454 19.411472831827883 20.644878858203985 24.073247653576974 28.0903208187639 29.18642974173944 
0.0 0.25 0.0 -10.64970301074675 -7.749885448804609 -6.374180919738553 -3.88796569840908 -3.640749076079615 -3.562792104314651 -2.7621500012593283 -1.8504741230132364 -0.7990561113757368 0.047520024561440534 0.6009243756527399 1.2078541121769288 2.7409149770734875 3.557678973910319 4.766801050730957 6.081588520481641 8.005767895490232 8.98827981834328 9.408195344978335 9.93227147013902 10.641707138418324 10.703925561467715 11.769260059525056 11.819007112091327 12.815467235303371 13.142694629174027 14.531649917945195 14.807486841930439 15.285130562332597 16.049432628776263 17.297699021130832 17.496634391236668 17.923299615195017 17.978208032254006 18.008290617585033 19.5703222744865 21.23378843558504 24.548699392981845 28.068260770685495 29.27434219800939 
0.0 0.3125 0.0 -10.440852940843055 -8.171843922650336 -6.229108742221113 -4.03538729999714 -3.589238523766744 -3.472871907529319 -2.861425786889979 -1.990571458655603 -0.41768165684803776 -0.10654200483365868 0.7010307215321157 1.0688665890501783 3.168364561997755 3.378074966500416 4.858740789949563 6.350656747603054 7.508504847145515 8.72297302198214 9.584350103844875 9.808362233408502 11.054047091934477 11.206735098613548 11.343549042871256 11.55023660735821 12.929140438859903 13.285485205139498 14.12740333146096 14.96690798110571 15.540513255818222 15.838818213063075 17.210814224066844 17.290977905539933 17.887855517094525 18.039534401795123 18.36555151648777 19.660920581343444 21.67654852786677 25.15174887568437 28.0082504413364 29.029800344534635 
0.0 0.375 0.0 -10.19864305974998 -8.580352263591157 -6.0784224395499775 -4.241002431079552 -3.5442281483447773 -3.3895404814739467 -2.8245288452059256 -2.1595028027370256 -0.24695377033275598 -0.09968116937096527 0.8044318795826867 0.9268007523302852 2.8386520426347865 4.09597741189068 4.990090301457081 6.378769710625421 7.067053270334561 8.517032498410902 9.553919112109089 9.77815041994411 11.28103861505526 11.306989942718175 11.396831519923513 11.617342620048364 13.062549040121889 13.400179184149469 13.44500984193572 15.130014885032493 15.335748625385829 16.250069188959436 17.05066614021844 17.155256871058878 17.797809620309067 18.24442852366564 18.719592477885826 19.679352561417744 21.971542860481463 25.775686071765584 28.579202840092282 28.81937763197994 
0.0 0.4375 0.0 -9.948227614529381 -8.933931912138565 -5.951559173698259 -4.420526619105362 -3.514019287783447 -3.330790875457526 -2.7032321904879755 -2.343029601475333 -0.34524330196728287 0.11195646389732092 0.8269971933143092 0.8888427310344816 2.610919430808151 4.825714830246787 5.126296329873377 6.125318555263466 6.73767230071363 8.385930420966417 9.315804370848202 9.954402582174765 11.049723345669722 11.612876678822527 11.61830223332303 11.88861733584996 12.77172207343114 13.188554570043202 13.474479529678437 14.857914786578482 15.578253505082447 16.49477487595547 16.838521176964854 17.129815567460827 17.72868112024334 18.451386881789773 19.009908080202887 19.637248020281103 22.14250902441018 26.29113146085338 28.261175947670253 28.69372087569744 
0.0 0.5 0.0 -9.807457249566562 -9.109874754101766 -5.89919755166713 -4.49348007444905 -3.5021188418587608 -3.3082160265318965 -2.5665629179118477 -2.4975192346744977 -0.3795507480619067 0.19458748319574165 0.7906185816550777 0.9243778468890161 2.528285750689575 5.19112021872463 5.339428713022653 5.774457443936143 6.608979073732345 8.341580210280611 9.228121787778253 10.037069595727207 10.950686910190958 11.692427458585739 11.985154435323043 12.068149722285948 12.211529081609928 13.241655660147043 13.505374250534237 14.764234331974004 15.661885489210018 16.60199109392898 16.727389612813116 17.12760814991913 17.706511438155594 18.54604506280618 19.1397335784684 19.595116243406235 22.199730408071527 26.49662034757632 28.14962177444096 28.627212638935514 
0.0625 0.5 0.0 -9.783669049809069 -9.089958598150274 -5.957230083024864 -4.5552831028562535 -3.6328983341411325 -3.3042309667127046 -2.5253274319762022 -2.368696661239396 -0.3528550658221895 0.1208842925236617 0.6175017563473703 1.1209465245727919 2.7415184652791047 5.050499896125028 5.337643700309846 5.778841639108265 6.549689616334835 8.266808946296264 9.208416944235935 10.180209271804328 11.034610113915951 11.627351144471284 11.706878233776424 12.211994375987464 12.476715291437706 13.244817563331825 13.35074204871529 14.766351293285103 15.58748850016903 16.588747712996998 16.70997758160915 16.966965068114444 17.59117176635034 18.521174714017377 19.203838539386346 19.915200342076993 22.211946009833383 26.526766683453133 27.914020511003862 27.958362400161036 
0.125 0.5 0.0 -9.712404011318734 -9.02997945028144 -6.13035755368784 -4.732783239710357 -3.8345208052990265 -3.292435267404294 -2.5860155515098913 -1.9685961179285052 -0.2622261358221301 0.02385237688044255 0.2563641630783322 1.5805561553583705 3.2332729766461217 4.685938870587619 5.3461594382588915 5.806057627264404 6.398500303957438 8.082529823439323 9.147153718849808 10.554799655147773 11.270251188649851 11.291394304328657 11.772751947239964 12.217079543765571 12.959106700248409 12.971087693782874 13.2626357365697 14.690354725702734 15.416917164560301 16.552684473009545 16.55894160651151 16.6759743976634 17.51234105372821 18.463919080592504 19.377606226642893 20.60205700924178 22.256180312914854 26.60826754517624 27.236433673930854 27.56720200928726 
0.1875 0.5 0.0 -9.593753077635872 -8.933568062085875 -6.407987471816489 -5.0025466878601375 -3.9631672038245247 -3.274168166049278 -2.6447790164609737 -1.5578066041482044 -0.11254967125317496 -0.11153349493107698 -0.039416664537222715 2.164980899696086 3.823152895007867 4.186574676915626 5.367367906831398 5.860123172998145 6.191302720765281 7.847249316629952 9.027159221707493 10.97722759916957 11.023883572907463 11.612013536800658 11.890737839020106 12.226767586721438 12.443913229807835 13.293248114078176 13.347482657783384 14.447452309571814 15.300940238743868 16.09319452904645 16.491781169057212 16.644533992988432 17.582493314718175 18.37862235151359 19.617138936658606 21.370898664622107 22.320037459492607 26.715608364986952 26.88847151555431 27.346970673148725 
0.25 0.5 0.0 -9.428863569499098 -8.805959721328135 -6.761191357858782 -5.326091700955606 -4.006210852430997 -3.252775873901707 -2.6844488473197723 -1.28088797916812 -0.34090824023076866 -0.06949197989778029 0.0973268019478545 2.7956277616895706 3.628877655747293 4.431130594711315 5.416408416945997 5.971193093159796 5.974052338225141 7.614115289196985 8.848542375924852 10.674200969671984 11.445606682570174 11.798091719579453 11.997970402611356 12.078101985252387 12.242778226468353 13.348024668624172 13.44006401441413 14.099548821321344 15.482665895154975 15.661424391018317 16.40483937665293 16.647469903348345 17.760550599309294 18.261854172361804 19.867786788454378 22.09409592839245 22.38257229244244 26.743574796841248 26.850363914700015 27.24428327292793 
0.3125 0.5 0.0 -9.22012415879893 -8.658300473794421 -7.151179832295602 -5.659307421997169 -3.985760101719283 -3.232309571184702 -2.7038291542346986 -1.3109968741933797 -0.2644097768696521 -0.08224680121726445 0.36447460029046047 3.061764701975597 3.3918193132954535 4.9434339012369 5.532723796367199 5.7697410459596 6.223039874976135 7.417313415947016 8.595389960295632 10.386072653117314 11.065241883752662 11.731641880963616 12.272322484859055 12.304776233331477 12.381987038065565 13.254082941481563 13.438061460349632 13.737416304138545 15.286351043169478 15.968772201229035 16.30192891065932 16.728919571869245 17.980709454603076 18.11730176975994 20.101195673423724 22.379108423076904 22.68534667758694 27.01401798897335 27.238645734714094 29.040364914131715 
0.375 0.5 0.0 -8.970247944637268 -8.509704215960706 -7.545101801157982 -5.956812830910024 -3.9327553568491873 -3.2132149901128244 -2.7097310149337552 -1.4990817639835514 -0.08561134229625854 -0.04537705911817194 0.6876000775564208 2.5109932302767812 3.855354157836861 5.244122384906175 5.609985931360351 5.754777419570902 6.690324295707902 7.29142225277839 8.253674044645965 10.146407932409637 10.295559274952408 11.920990172128302 12.314390014219812 12.460438353964085 12.721335597314205 13.009180946732528 13.426656157754966 13.559292969424247 14.995953700079625 16.196900940421273 16.52102443369927 16.901282522813528 17.947844867251117 18.183527240641578 20.29186948353493 22.267589451293446 23.104578685862727 27.153411230484757 27.359692900837665 27.43743477259888 
0.4375 0.5 0.0 -8.689737470405507 -8.392442636835911 -7.918820212903696 -6.169076620307751 -3.8821096860134343 -3.200314279087458 -2.7101410566889457 -1.6552232850684387 -0.08530496088593853 0.126724639522543 1.0626924381490754 1.994748078947767 4.118738773877888 5.370400539012999 5.509054232329995 6.070465666013689 7.263591623473719 7.2703771059933615 7.8428252526519975 9.5855619008412 9.996398995031377 12.041533569875288 12.361557935190653 12.517229319309479 12.82718668344465 12.952690764826468 13.206276829066708 13.658978392922025 14.813458607054041 16.113748702809247 16.960749553669675 17.14279327556248 17.745822667484443 18.322872423721403 20.421050684405714 22.09740771837417 23.33486343162481 27.20398610409823 27.562303542382843 27.74776993307889 
0.5 0.5 0.0 -8.480587912687758 -8.346366313951819 -8.159834776178053 -6.2479450006168875 -3.8599085285849357 -3.194563214464647 -2.7093613137661947 -1.71280403029473 -0.0872450308491821 0.18848683884589745 1.4104846234311974 1.6016334210477121 4.1989957443113255 5.403895921683557 5.475619467675215 6.248006986147553 7.360394930846981 7.540124424642666 7.6051649277186115 9.2174227331245 9.94294638104544 12.088417794876156 12.385891697688283 12.52486640473814 12.763890366592308 13.040590620937012 13.122971599163394 13.700360298076017 14.752319790484544 16.08367710013143 17.127568773000753 17.318901059227336 17.595526368376017 18.36942414681704 20.469582436530924 22.011468568621943 23.40610152598435 27.220076246670985 27.661198783178154 28.097212911823288 
0.46153846153846156 0.46153846153846156 0.0 -8.652556995544048 -8.390040748270055 -7.952925266143083 -6.190526348788141 -3.869409704184126 -3.201122816576973 -2.735798784589655 -1.645201418093425 -0.11343310262296671 0.16850612987633307 1.2247020680299905 1.8062449894725645 4.180467639434542 5.106723850621048 5.521286554667172 6.428499050113809 7.131854549933384 7.5218899621485455 7.780832496968198 9.371781914591184 9.926660775615627 12.058354157135145 12.465979085536183 12.475609493400396 12.765891570016805 13.009667474074645 13.20102345054865 13.678520882453977 14.764159066619456 16.12979722780984 17.077627893357814 17.228652727562775 17.627134221461226 18.302890716119133 20.44614633516813 21.982073768473146 23.44934877097373 26.9733166377643 27.61254040135795 27.993406181272253 
0.4230769230769231 0.4230769230769231 0.0 -8.970126699563348 -8.347714344067471 -7.701657308080456 -6.019892082474658 -3.89729591983347 -3.224971584797167 -2.7883030147126813 -1.4684211733552521 -0.19849363609533197 0.10604514426401254 0.993710468549905 2.0936988427810843 4.11096152700397 4.580264321085092 5.658179808994507 6.571233580982599 6.692413763496107 7.78080787111825 7.912542068790113 9.603426404982136 10.028482903280468 11.967369854652844 12.324887938271507 12.641938849598219 12.831954960373881 12.938211215364413 13.405901211342243 13.613329028148693 14.797322407286298 16.242703523857394 16.940387080185992 17.040189243992877 17.654597025984465 18.107195599433453 20.37277477685664 21.90710474238186 23.52508987681917 26.514734951088577 27.496750122466203 27.851342266926512 
0.3846153846153846 0.3846153846153846 0.0 -9.293951434490694 -8.26747802543714 -7.492441315882216 -5.7495799498696725 -3.944347003876804 -3.2594771029936913 -2.8219019624125834 -1.2317676803231317 -0.33759229799286367 0.017481315597832812 0.7935849251188449 2.391310192184743 3.8902952573873275 4.093853520587041 5.882608266483348 6.221756521135551 6.603076473148691 7.829526769200924 8.327893518991736 9.67440886505538 10.405990755492805 11.810953070446505 12.082958873136391 12.786745768282735 12.862476809440398 13.068154893710412 13.514120546020521 13.703116025452493 14.845395009409481 16.346554130218188 16.75324337102127 16.866622632601185 17.646496554077608 17.81424116375078 20.243110184227536 21.79901883409255 23.515440992412728 26.153641618190512 27.404105924979515 27.705991940463953 
0.34615384615384615 0.34615384615384615 0.0 -9.603130780209174 -8.155348099900978 -7.32193011646451 -5.404401715650979 -4.004255782711771 -3.305148540989071 -2.8139062724002075 -0.9805664838258071 -0.530084832846808 -0.0754018629509127 0.6323162041636373 2.691754701897404 3.4007748925283368 3.7908103717818458 5.858356177923718 6.187941894718733 6.5501196329528835 7.754778874761667 8.830597996845405 9.778296425417688 10.818525843269885 11.586144575275508 11.776714110779634 12.787614209685897 12.933910617326266 13.388739917207404 13.388894601470493 14.051208962691476 14.913165734254939 16.244441331590526 16.5588999778036 16.887721204042148 17.4715970841864 17.617717984715934 20.048720682995363 21.65492946524028 23.351143204631086 25.871706230014745 27.351233936461195 27.598146175759158 
0.3076923076923077 0.3076923076923077 0.0 -9.89045765729513 -8.01334798024 -7.178449091766617 -5.017410137692437 -4.063759576485828 -3.3627544186277896 -2.761596733850727 -0.8222642063229719 -0.7408027761711491 -0.10055944432151877 0.5106994609836772 2.8941715542762854 2.9902237164762697 3.4362513527059018 5.586037524464145 6.441975530632816 6.56207187424577 7.708600695739486 9.25073235707606 9.981295955705573 11.193448546341282 11.293182692296115 11.441516099847725 12.714685643408737 13.063175603532002 13.252481730772157 13.733257190138968 14.384432827143282 15.060265158034989 15.96245236657097 16.38374143225381 17.061433702910765 17.165451080350635 17.593018893424272 19.78728497406515 21.46062169771468 23.03544195364332 25.58721178009267 27.18369258243091 27.813783814531995 
0.2692307692307692 0.2692307692307692 0.0 -10.150541721422107 -7.844210847074441 -7.053510673246997 -4.621842478131397 -4.103818288429748 -3.430158288532332 -2.6712151760090626 -1.0557445095625988 -0.782906445652095 0.047996352401574724 0.42753003943294854 2.425703507510256 3.0249319293128245 3.2872212750789793 5.380121203427746 6.248198801301656 6.991754943150876 7.791798499656848 9.497947093932856 10.295458750539739 10.953830519697721 11.08021561126207 11.53359413871828 12.647976515937382 13.052732257855538 13.114268005269444 14.065206867845173 14.66855402306153 15.367104507381333 15.618240959860122 16.189900200363528 17.007578676392832 17.23874473002058 17.601168028758014 19.46709534786469 21.21219315112786 22.599405276829405 25.25760142149897 27.098936911839964 28.211739219611278 
0.23076923076923073 0.23076923076923073 0.0 -10.380188309439284 -7.652883640283149 -6.944639451731193 -4.2795659119631 -4.082664739204919 -3.5001900744025747 -2.5504736413047286 -1.338486299739198 -0.9322674125427313 0.3208411577534402 0.3797462552052543 1.9998213081724105 2.611194365882303 3.5799209754121275 5.216491954873734 5.986718987669868 7.458526911429887 8.0149708732203 9.588958226632803 10.608513612251217 10.626842318910088 10.703390510515483 11.856168751139391 12.586378225279962 12.89508267319415 12.981084837009323 14.315307983067106 14.980923672759143 15.245739287049394 15.733638367779767 16.07909157586432 17.02923544133202 17.37065183294224 17.661497615330408 19.112258675015063 20.910697318624507 22.072341083662064 24.88832529624944 27.170580175134766 28.657714615615717 
0.1923076923076923 0.1923076923076923 0.0 -10.577279679463928 -7.444677319326382 -6.852751656776104 -4.153942632947803 -3.864539354371568 -3.569294927532188 -2.4085809095592188 -1.5936200932260505 -1.136893819040903 0.36021141418379377 0.5942928318045188 1.614596687095399 2.2656803234580796 3.8668216396628257 5.081547742907006 5.7006814915792985 7.94325201146644 8.34890526495353 9.591447230518533 10.29334448063503 10.319596271248287 10.815609019980482 12.140957223696958 12.533882663452657 12.77428096669565 12.860418957777217 14.354916521620352 14.862943462869923 15.326190290695019 15.93081797744671 16.3675325036534 17.156932228315473 17.441004483640302 17.78380898224948 18.75983054036957 20.56457551410881 21.48898778887964 24.52143864189546 27.334255347498175 28.999973477377726 
0.15384615384615385 0.15384615384615385 0.0 -10.740424367780527 -7.2288847565759875 -6.7793412733488765 -4.085766874174251 -3.659685168603421 -3.6339771763219373 -2.257512708046585 -1.7667299930909541 -1.35370748807209 0.36015124383000524 0.7514032825201535 1.2640834563382952 2.088781540361914 4.138427278146578 4.970796083635392 5.421912168233458 8.409370589953507 8.744336433490451 9.541266434875988 9.941024603896627 10.03636759933668 10.752199650873656 12.348436982843797 12.492410599113638 12.744165793252677 12.875115071233852 14.157995044328569 14.482779493677404 15.683516517721944 16.20909217504066 16.794848337647768 17.313420973746805 17.48375646216335 17.91524773017268 18.449933614071952 20.181201019220694 20.871011848566518 24.181432317903706 27.543054268655077 29.123559477722107 
0.11538461538461536 0.11538461538461536 0.0 -10.868422171656004 -7.019467859444406 -6.725054437920697 -3.994963771518252 -3.688941807780058 -3.59565623171778 -2.1241289059037336 -1.8161069854359164 -1.5379607086209601 0.37225851909675334 0.7151053416676474 0.9450083627668112 2.151490761600186 4.385948499814719 4.884466450818673 5.170051779092849 8.800995421472962 9.136715809695035 9.477227734390713 9.600735125489095 9.881614808907655 10.51889656594552 12.459037487383503 12.503579153290723 12.636513511847893 13.105721646806288 13.874346401060627 14.126438171167276 16.019339858274424 16.590581348538016 17.166403802239127 17.47640535657397 17.520061165748018 18.030631905695056 18.23574846130233 19.772164818076167 20.24578829643006 23.896381067121663 27.746252990610532 29.088147286936525 
0.07692307692307687 0.07692307692307687 0.0 -10.960202764999412 -6.836681136183929 -6.688682222342177 -3.8899511688528876 -3.7305588789196875 -3.6479060082510615 -2.091555583159669 -1.745910003519497 -1.6172017099136011 0.3880085573050978 0.5778681172222295 0.670944049224745 2.3479352445830086 4.591287861438893 4.825454009900157 4.966221674028557 9.02114829543592 9.225684592795753 9.322642043723862 9.669146427917822 9.897364693619584 10.292447109389158 12.437796513021162 12.537386352855332 12.559052253777804 13.332454497838729 13.651652334452821 13.824855233173412 16.279532700871275 17.010164521608438 17.399558011056428 17.546550620406197 17.70687698987324 18.11617331229897 18.14491475412054 19.359487389280197 19.64086438477183 23.681664406754685 28.041206023923426 28.18031420471986 
0.038461538461538436 0.038461538461538436 0.0 -11.015443442115124 -6.708147284159762 -6.667984867686535 -3.8012969989958036 -3.756774741219617 -3.729278936693945 -2.16103070443121 -1.6307144506413005 -1.5978829151482374 0.4006274918245474 0.4537992019452377 0.4772500623542428 2.5279112542663786 4.7299744544398425 4.790886854122537 4.829519757502317 9.071956872749194 9.122001108087208 9.137986026547411 9.97864642773618 10.034407349257872 10.15226700882928 12.426178898381885 12.456494043941568 12.483409977318939 13.48926668794383 13.5597286219457 13.618709836639235 16.422316985988207 17.393979204403752 17.523364728752867 17.564116540859875 17.994276370050876 18.151009127050518 18.169362334890128 18.98739907226488 19.098771247718933 23.5484553218467 28.038340429966944 28.07724144271567 
0.0 0.0 0.0 -11.033653425617096 -6.660496216829627 -6.6604962168296264 -3.7605926799323397 -3.760592679932334 -3.760592679932327 -2.196720423695467 -1.5759189212327285 -1.5759189212326916 0.4089379508894153 0.4089379508894154 0.40893795088943774 2.6022547420672235 4.782628903930621 4.782628903930673 4.782628903930682 9.07600030358149 9.076000303581491 9.076000303747547 10.11053382386314 10.11053382386315 10.110533823863172 12.429701587460992 12.429701587461064 12.429701587492358 13.55869342527166 13.558693425271672 13.558693425271692 16.464654178899902 17.57864131589493 17.578641315894934 17.578641315894977 18.197678208771183 18.19767820877123 18.19767820877123 18.804129115920425 18.804129115920468 23.504812768035194 28.0502295285963 28.050229528596837 
0.03125 0.03125 0.03125 -11.015622854010267 -6.687903029179689 -6.687903029175018 -3.811249710099008 -3.7382768989781496 -3.7382768989766717 -2.1590043991956414 -1.6154056531635392 -1.6154056531634342 0.43155897666968596 0.4502359816878198 0.4502359816883145 2.527693892272639 4.78178636040849 4.78178636040851 4.787185046354852 9.096841277182545 9.096841277239282 9.13869897770669 9.941441350778042 10.111824304397736 10.111824304430602 12.447698458931562 12.447698458948343 12.469924201629848 13.536849806524568 13.536849806634923 13.593601351766724 16.42516820557276 17.44638977243526 17.446389800191007 17.582142520740614 18.052204261618922 18.05220452447157 18.21623168289391 19.0421608670181 19.042160990339806 23.547777605908532 28.018530576183302 28.048042672584142 
0.0625 0.0625 0.0625 -10.960873189729314 -6.761678019177415 -6.761678019154235 -3.9325668707730146 -3.6707532399550185 -3.6707532399535783 -2.0493937639096877 -1.7065395363638243 -1.7065395363632718 0.5006117955460565 0.5754018077623948 0.5754018077625251 2.3369444178643257 4.791706241572344 4.791706241572404 4.806438706627904 9.148053460350202 9.148053460404562 9.264261216563098 9.576929545011817 10.1453166390885 10.145316639195677 12.499149213789117 12.49914921382592 12.534324876602467 13.530394045416074 13.530394045529908 13.74646148090762 16.312443691082105 17.148851976160348 17.148852049009278 17.597907086050423 17.837754598497614 17.83775541384649 18.32431341379693 19.50333192400136 19.503332809864343 23.67773962503284 27.924265421567526 28.253449957291846 
0.09375 0.09375 0.09375 -10.86979667343332 -6.868439805866115 -6.868439805815951 -4.0991045999054645 -3.602927394291792 -3.6029273942907105 -1.9028779625172667 -1.8012191743472403 -1.8012191743462644 0.5752760012291569 0.7627956101553582 0.7627956101555873 2.099097745658352 4.815753583027605 4.815753583027636 4.836258264283101 8.874080569547788 9.179591936793212 9.179591936850667 9.678977130138707 10.248921201563682 10.24892120177757 12.519935415307529 12.51993541546662 12.5250688785923 13.578456885027794 13.578456885170393 13.98657726672417 16.12756510027661 16.80471191412816 16.804712011126302 17.583302933845047 17.58330439925858 17.590206954602046 18.5494543800287 20.026483887231784 20.026489093535474 23.88139497419326 27.776007634846213 28.403877121189698 
0.125 0.125 0.125 -10.742863229232546 -6.992038090953109 -6.9920380908792685 -4.285063556454125 -3.5947964091876137 -3.5947964091863724 -1.836057714608315 -1.8360577146066674 -1.7471129677643495 0.5604860159712749 0.9967185501294105 0.9967185501297494 1.9386801816824815 4.86070133253151 4.860701332531593 4.868521377802705 8.264967192904162 9.160415415971839 9.160415416025842 9.968662049881784 10.433189954561342 10.433189954952885 12.45699528480591 12.46011776154832 12.460117762103417 13.71871796218266 13.71871796252425 14.261722876655453 15.881832435526388 16.48433330952912 16.484333418561018 17.270217895825628 17.270219829255392 17.552337116636206 18.895620855711837 20.570204032143838 20.570227807446177 24.139875741512967 27.597739385415085 28.36091333522874 
0.15625 0.15625 0.15625 -10.580725205818224 -7.118920623668494 -7.118920623668462 -4.4737052094847005 -3.6896915808662514 -3.6896915808662114 -1.766170576918952 -1.766170576918948 -1.601233071539889 0.3546295996907785 1.2705222375770795 1.2705222375771064 1.9858718398687973 4.899275368238615 4.9317720449128215 4.931772044912824 7.646500222073766 9.101013436205731 9.101013436205776 10.217861505124363 10.639661335101609 10.639661335101646 12.343141526820748 12.343141526820807 12.373328508045406 13.93744413359966 13.937444133599683 14.539462961841524 15.59546001024419 16.22044296170208 16.220442961702116 16.908384517438474 16.908384517438524 17.503772020037047 19.33795492752481 21.114199623399696 21.114199623399813 24.42869757865359 27.406307214957824 27.406307215082787 
0.1875 0.1875 0.1875 -10.383869440170754 -7.238401120462659 -7.238401120462632 -4.655196937765941 -3.8834863582905834 -3.8834863582905546 -1.5981803771690806 -1.598180377169075 -1.4896271264644982 0.009876316734628122 1.5860312735684399 1.5860312735684532 2.219391666447731 4.9194592343514945 5.037579443213934 5.037579443213959 7.078571677944497 9.029802108304049 9.029802108304077 10.350472850204948 10.778088813091912 10.778088813091928 12.226721548582084 12.226721548582086 12.322406518939163 14.198211029094601 14.198211029094606 14.775646334333633 15.314631557430351 16.03423628074886 16.03423628074887 16.52466808676864 16.52466808676868 17.480241278860703 19.843309853319074 21.64067924710889 21.640679247109016 24.724445106145065 27.218894296282578 27.218894296324503 
0.21875 0.21875 0.21875 -10.154497127704937 -7.343864574060317 -7.343864574060273 -4.825424467015966 -4.1432787312596 -4.143278731259559 -1.4698081127809122 -1.373574162561442 -1.3735741625614106 -0.33756942644677074 1.9412342716644035 1.9412342716644193 2.53915098019887 4.909233050072131 5.169373808092732 5.1693738080927405 6.6091190508211435 8.958521154153908 8.958521154153983 10.316693027239523 10.760089676264194 10.760089676264215 12.130967987010177 12.130967987010179 12.309922420679335 14.481765975034717 14.481765975034767 14.779048711979554 15.245790118208365 15.865403691187822 15.86540369118786 16.2197241567842 16.219724156784217 17.510750988615445 20.371415388553547 22.122647690675418 22.122647690675716 24.986084810547993 27.055281134279383 27.055281134400772 
0.25 0.25 0.25 -9.892806152382404 -7.431007361062505 -7.431007361062492 -4.983505722622852 -4.435693826372651 -4.4356938263725905 -1.646998541144555 -1.128511593322591 -1.1285115933225636 -0.5284764832750319 2.344340167465759 2.3443401674658015 2.865772540559042 4.857578293565323 5.331426025096151 5.331426025096172 6.307046214467565 8.89579496463106 8.895794964631076 10.133064930248896 10.599951877113146 10.599951877113154 12.00053023214607 12.000530232146076 12.293065667165472 14.508359200784149 14.774463907584774 14.774463907584781 15.432659719827667 15.547956378716432 15.54795637871644 16.194792916206815 16.194792916206826 17.627973349497182 20.89673766928977 22.539922644542845 22.539922644543317 25.198036461999358 26.943396071586488 26.943396071641928 
0.28125 0.28125 0.28125 -9.601424247207895 -7.49668558950416 -7.49668558950414 -5.128474213178817 -4.737120560037606 -4.737120560037545 -2.0264262476562678 -0.8895375448668629 -0.8895375448668623 -0.5335498611870664 2.79507443269212 2.7950744326921693 3.10095682926989 4.819889553800408 5.520498358520113 5.520498358520126 6.202542996404052 8.842363476240287 8.842363476240303 9.845911431455544 10.355144935494287 10.355144935494328 11.775898007794364 11.775898007794371 12.21089290763712 14.222176514821774 14.879884310283124 14.879884310283133 15.403582852299598 15.403582852299602 15.641139647826762 16.32062794745292 16.320627947452973 17.848028878345463 21.392280736087166 22.88136618032651 22.881366180327227 25.351811217800662 26.909898367365724 26.909898367421416 
0.3125 0.3125 0.3125 -9.28375562980555 -7.540323863975679 -7.540323863975655 -5.263402233632005 -5.032844779714458 -5.032844779714393 -2.492506687438824 -0.6703119102871962 -0.6703119102871573 -0.4561308266515973 3.138270246269455 3.2927333114158084 3.2927333114158244 4.9256572220342445 5.732503486008156 5.732503486008164 6.25961308212342 8.786885312821926 8.78688531282196 9.502545968778703 10.069394646336857 10.069394646336875 11.446316455215312 11.446316455215326 12.01291979939616 13.976852397813593 14.575667584451777 14.57566758445184 15.714847778200847 15.71484777820086 15.83776440325728 16.481793869883163 16.481793869883163 18.152938224962767 21.83641051779558 23.14642767531604 23.146427675316993 25.438497189549057 26.978044915879636 26.978044915927256 
0.34375 0.34375 0.34375 -8.94318888642329 -7.56153388866696 -7.561533888666917 -5.392686560262307 -5.310684476735447 -5.310684476735412 -2.970782368046955 -0.479233584734057 -0.4792335847340346 -0.3535381907933764 2.995755304169669 3.835976888222753 3.835976888222787 5.200006632925561 5.959850221825991 5.9598502218260005 6.445642140225303 8.715361716859947 8.715361716859958 9.124314206660543 9.779334111965557 9.779334111965595 11.046186955445894 11.046186955445895 11.693602211799366 13.784422540963918 14.231232310283731 14.231232310283765 16.02988550510536 16.097602058108077 16.09760205810811 16.636680944125096 16.63668094412518 18.5054464207278 22.218626590230887 23.36403446825217 23.36403446825285 25.398563316133277 27.13325547974803 27.13325547981805 
0.375 0.375 0.375 -8.588599552183574 -7.563830758796503 -7.563830758796453 -5.562389792891903 -5.562389792891853 -5.526869930122391 -3.4246874214713885 -0.3206638466416169 -0.3206638466416126 -0.25441062289252286 2.779810121505952 4.416167513537802 4.4161675135378085 5.551063613114524 6.193989243982888 6.193989243982898 6.730655016483368 8.58477410642885 8.584774106428885 8.734258624546014 9.51522112818411 9.515221128184125 10.609483475503522 10.609483475503522 11.273326537081974 13.637827983242463 13.930368663467725 13.930368663467803 16.219336121347133 16.421621928728523 16.421621928728538 16.784969557568143 16.784969557568175 18.860522864100528 22.53811452144783 23.565947939498866 23.56594793949993 25.1798409875815 27.344507754951945 27.344507755007665 
0.40625 0.40625 0.40625 -8.229580822205637 -7.551396651302852 -7.551396651206937 -5.777295186158886 -5.777295186090856 -5.6761742004487585 -3.8193463727041874 -0.19943950319563805 -0.1994395031956107 -0.1667387213721705 2.570398257828566 5.021206673620884 5.021206673621776 5.910422418387312 6.424470760224455 6.424470760227408 7.080992215206421 8.339551845342669 8.339551845351918 8.377460386086513 9.326425985332845 9.326425985393314 10.18878053939177 10.188780539426347 10.782923124499602 13.527393835538055 13.69218109226084 13.692181094980855 16.39490793983076 16.600693550407563 16.600694013730244 16.968971208579834 16.968971294899887 19.17574029037794 22.803120607312017 23.768904754235702 23.778957601048628 24.727118124688122 27.57532608666015 27.80094106485424 
0.4375 0.4375 0.4375 -7.889022077289949 -7.530410354056519 -7.530410353964364 -5.944337779324443 -5.944337779283934 -5.846273687998665 -4.1224154809870965 -0.11068318727432984 -0.11068318727429181 -0.09699899689268988 2.4052917405195435 5.642936414159275 5.64293641415931 6.2611062242970785 6.629121347413566 6.629121347416291 7.351746028414564 7.9587089335844565 7.9587089335905405 8.173996451926412 9.226692548184026 9.226692548194858 9.836254035625144 9.836254035645261 10.270702837343276 13.449748839671203 13.52217202887944 13.522172029090058 16.543265652287605 16.660986641370247 16.660987189335188 17.15782166459803 17.157821751577846 19.42716577202482 23.025428729923295 23.96249610036912 23.968772331010737 24.474910876093958 27.792603229337466 27.915635570736523 
0.46875 0.46875 0.46875 -7.6165498131923774 -7.511674856216102 -7.511674856103687 -6.052285136245599 -6.052285136231905 -6.0121275127089 -4.309858850702888 -0.05873321003410069 -0.058733210034014494 -0.05544359649573636 2.300775780088639 6.259063352783851 6.259063352784144 6.604158531627491 6.776536506472849 6.776536506474169 7.251790428612686 7.46931210826747 7.469312108269175 8.355291584243691 9.177325696085537 9.177325696085967 9.598501554271891 9.598501554302176 9.783382782479636 13.402558803858945 13.420542907990288 13.420542912967939 16.63836074329074 16.672294367049084 16.67229457370583 17.283890183929532 17.28389021932365 19.58058863381152 23.197942173649913 24.107022259292155 24.10862204920353 24.257282834176863 27.94733894168077 27.983350298618245 
0.5 0.5 0.5 -7.504620049843098 -7.504620049842985 -7.504620049676376 -6.090475316263134 -6.090475316263119 -6.090475316263105 -4.373176187193466 -0.04541050508370673 -0.04541050508367203 -0.045410505083668104 2.2637745245671095 6.699675214096198 6.699675214096219 6.919382845215784 6.919382845215849 6.919382845218295 6.961538324765373 6.961538324765378 6.961538324765437 8.560039390795472 9.153190084533714 9.15319008453376 9.51181193399849 9.511811933998532 9.511811934060983 13.385234806420161 13.385234806420165 13.385234816279771 16.66208933317931 16.662089333179328 16.662089333179345 17.317376713122687 17.317376713122705 19.616579580620726 23.27086030896483 24.15766901190387 24.15766901190444 24.157669011904854 27.996517467662933 27.996517467664805 
0.4642857142857143 0.5 0.4642857142857143 -7.583907790621211 -7.549814453786279 -7.49026183772151 -6.076743404342821 -6.036068145708947 -6.021821329189039 -4.317913132037941 -0.06427031784744427 -0.06320159585776282 -0.04264355352141008 2.2959545624173576 6.220902846582314 6.460362452794801 6.487352945868277 6.737385127250704 6.942952997704439 7.161578153192221 7.381643998074151 7.494571206635227 8.378131648514232 9.146022918174916 9.201671258439188 9.550931637017912 9.603685638060806 9.770727823991484 13.395617029738542 13.408246941797925 13.428373588286334 16.63116197816458 16.66325314018799 16.68890033968812 17.272080898479953 17.30474567346509 19.586447405129526 23.205983286790268 24.10494678102902 24.11676971875327 24.251992348442194 27.935615499507563 27.993392464755107 
0.4285714285714286 0.5 0.4285714285714286 -7.7831402668005865 -7.670730644297301 -7.449317321991502 -6.037031967715195 -5.893396803324655 -5.859866339177395 -4.1560870759845825 -0.1285902777349459 -0.1251441524722867 -0.04327907454329081 2.3876436271862755 5.570590697793648 5.953700645397452 6.167607579162794 6.528832466452356 6.8848844185920015 7.4837219269985376 7.742628224569165 7.772466901352403 8.320674422350516 9.100428004876683 9.324998327243199 9.664975221658844 9.845273024862061 10.258909174997887 13.422622784067105 13.473781158407023 13.553459738419294 16.52553873447674 16.62965929692281 16.735412764386364 17.119809735445415 17.240090216603388 19.458323280208642 23.048776143448173 23.940960832932422 24.00512329930796 24.479429572937992 27.85459193585006 27.98357208719557 
0.39285714285714285 0.5 0.39285714285714285 -8.036928671721789 -7.8339728053648265 -7.382473811826545 -5.972729488451355 -5.694194481897189 -5.664415383196154 -3.8945262547718156 -0.2333228766457125 -0.22615030337310146 -0.04447092915650608 2.5341833074993017 4.909950992938284 5.439567845612146 5.81580448835586 6.270410181205526 6.802247771379234 7.512429280938434 7.816053393395019 8.004753843382098 8.782858660770605 9.025079781398455 9.512360418436257 9.861670844487985 10.183789090430983 10.79293139753034 13.46806528872743 13.58431704284827 13.757328190590863 16.363988868515484 16.5478480773345 16.723220221624075 16.950525699209173 17.129503612881297 19.252096430213523 22.84276057513675 23.706129927928753 23.83849414335449 24.790442632766116 27.73105526545955 27.94597487074448 
0.35714285714285715 0.5 0.35714285714285715 -8.304735994539188 -8.013492543073246 -7.289725302868983 -5.883673131379385 -5.462885042536941 -5.462726529734499 -3.5488020526533086 -0.3765521489988237 -0.3639084471659685 -0.04858436957373809 2.724049955953023 4.255687607697564 4.939471727969783 5.424550684424017 6.014048143387277 6.709288453456826 7.210956672634534 8.156416889258132 8.158053459167233 8.94324025300394 9.292959941458182 9.738748668772347 10.133129611945154 10.576553090636004 11.3150548725362 13.534214600915584 13.74030852859362 14.033074150846367 16.168127201691874 16.388750568811812 16.426969740115613 16.97466059979765 17.000563746411206 18.993419140774186 22.60057612033805 23.429350326702497 23.641198124678695 25.19431632223882 27.617090859124918 27.89137404520899 
0.32142857142857145 0.5 0.32142857142857145 -8.567809444067068 -8.195901857031934 -7.173330445229643 -5.771223289160752 -5.258738056020384 -5.213424402388948 -3.1427969066021118 -0.5547989152971351 -0.5315135351049874 -0.04917770295648857 2.925710409769148 3.611217188394225 4.484034277765008 5.01160667440794 5.789231793786982 6.6198828866939685 6.939611276456151 8.201400649323269 8.509814115532476 8.890598833182263 9.777096382303897 9.981960497526549 10.442566976149042 10.987685035199902 11.77286685450335 13.624229568109868 13.940127026130419 14.372139885921472 15.963327897341005 16.0121533667786 16.144681289356097 16.797227375014135 17.136022782771633 18.71734244887673 22.32451788760538 23.121873919603875 23.42982235674606 25.696094488857366 27.494132562959937 27.81849721055032 
0.2857142857142857 0.5 0.2857142857142857 -8.814154455529993 -8.370723311514654 -7.034420220235384 -5.636605351074613 -5.048024075960631 -4.954023853206734 -2.7052022342233792 -0.7610131002928842 -0.7147863737869715 -0.045655036088407715 2.989400204033059 3.0510083314232417 4.164597406431975 4.601262875407195 5.597031236305035 6.5455206021890975 6.701518001882772 8.153022763326213 8.872806160881714 8.89396992067856 10.229378868889537 10.230525465504174 10.75314513085462 11.395474305481905 12.128244956764407 13.738318967460406 14.177102755124439 14.76075505641605 15.57418022671504 15.71669672069139 15.866485078021489 16.60555424362211 17.297486486806278 18.445737936439816 22.014947303286057 22.779102397308247 23.20503542411596 26.22406384250926 27.368754274488953 27.717768290328074 
0.25 0.5 0.25 -9.039560637745863 -8.534031541372023 -6.877320049814803 -5.484346628218124 -4.829513894719252 -4.69284712211737 -2.2816420411282845 -0.9922005397210948 -0.8867654345797971 -0.04139042446568755 2.3883247432926646 2.924009597836308 4.135547165370896 4.205724708096716 5.437876792562184 6.491489156172762 6.49301474675842 8.047952785248546 8.93296758075441 9.239423706839615 10.474755727781066 10.618957833020312 11.020392503924654 11.768395103055699 12.33019173053648 13.863393320936527 14.43066225032845 15.149498942168359 15.212164187306813 15.319352218924685 15.699159652519072 16.43014165300887 17.465039916535325 18.196437838326606 21.66435476088801 22.391671151309787 22.96701631467597 26.58976259110654 27.256052587824925 27.574898303112782 
0.2142857142857143 0.5 0.2142857142857143 -9.239043091348096 -8.68079205763433 -6.704838416774242 -5.315247403217447 -4.5982769061390725 -4.432305754895984 -1.9666302580494417 -1.242580759674046 -0.9568845526530034 -0.03183592698294454 1.8215302800000412 2.5882336081314676 3.8407907820933307 4.349840704188967 5.314234652415645 6.312411119494517 6.466940801275445 7.935463238975418 8.99467231479814 9.618563207520074 10.716767903654162 10.917552054987388 11.232766418652666 12.058365831330818 12.43138224008085 13.949309288049754 14.550752688013208 14.911795486957423 14.985783607734263 15.605735149827543 15.614104695668479 16.309358633654345 17.607454071111626 18.012330619653447 21.272245892655686 21.964162168116033 22.745192381894732 26.875465714171877 27.193096064074595 27.412928582101937 
0.1785714285714286 0.5 0.1785714285714286 -9.41067791965753 -8.808678305205204 -6.523971704385294 -5.136590223199465 -4.359466603479769 -4.178458203007605 -1.9154213634405644 -1.504279577658248 -0.7806787003496098 -0.014829537208618083 1.2972620541219642 2.2001224546687275 3.509353984387718 4.632068911130151 5.226554873409834 6.158634614146953 6.475054394212403 7.8531085925719655 9.05944889926342 10.00188343872947 10.945408482396799 11.034574654082522 11.359884140705093 12.180640842054022 12.611637118231299 13.920164546650135 14.132619890370115 14.801951310043144 15.15272072397371 15.601736096541181 16.007847430924734 16.280997297987224 17.62457013746561 17.998450593917557 20.841704960375043 21.496838754066115 22.55189327507875 27.059062426509755 27.138002396292713 27.30373914935709 
0.1428571428571429 0.5 0.1428571428571429 -9.552151996132944 -8.915385587760005 -6.342928232673643 -4.955152368598763 -4.118286471750531 -3.935502999056425 -2.0578109640157973 -1.7667089315794988 -0.4397505625695596 0.01670391933005065 0.8372427899705985 1.8229428762596238 3.214689416082977 4.895480067969668 5.177108751269366 6.029945860232884 6.513120310808625 7.83550888218961 9.123626274558102 10.390034073603166 10.898951095375978 11.16300295059631 11.39926023271476 12.284070153986917 12.86512711984147 13.587529075174329 13.768053838239444 14.795230291451755 15.393473861597455 15.705789774204653 16.330606451355127 16.39264596440426 17.546683504451426 18.132268557122348 20.393486362842406 21.009901932858664 22.405022670214105 26.965529046623402 27.222005574469733 27.406052070540614 
0.10714285714285715 0.5 0.10714285714285715 -9.663439700219167 -8.999800912564789 -6.173202229382051 -4.781978609446308 -3.88751454143598 -3.711408199104992 -2.2453153870251645 -2.020073825647586 -0.1426680955644298 0.05888940378719637 0.5114251075764961 1.483276125933604 2.9566636642316593 5.101493765435323 5.158700449966124 5.924645442441603 6.559839182725176 7.911466447483011 9.174810849682872 10.614465333137668 10.780852528239887 11.303889371781311 11.410731435574455 12.404303373023177 13.071404301004128 13.099462397948688 13.559573043589632 14.809448625124201 15.524506434452121 15.964717947883367 16.4795040868116 16.687497474303626 17.514901219767985 18.287499601286473 19.94995438232134 20.52492527960233 22.305678951671673 26.783809316760806 27.504865290203306 27.607925379023694 
0.07142857142857145 0.5 0.07142857142857145 -9.743218513581075 -9.060855715766765 -6.030771640534654 -4.633644394632577 -3.6900204365119245 -3.517172677764401 -2.414212996059388 -2.2490150858269726 -0.15319469284775392 0.11048484072201196 0.5286999691888022 1.199458881066821 2.7423600589275066 5.166297244034293 5.2377638654922505 5.84406879462204 6.592043524467817 8.075366864399125 9.210095294659189 10.322590971664257 11.1587135888244 11.183899031768906 11.593083674760537 12.438095443126452 12.634281879588661 13.275720827438095 13.393779199617452 14.800425855593549 15.597261080817955 16.26532873688792 16.614381934399102 16.922338529229062 17.55239306295705 18.414823162293594 19.549417870990688 20.077109408943347 22.2418416856638 26.632747938116943 27.85902256965941 27.89729511089879 
0.035714285714285754 0.5 0.035714285714285754 -9.79145689550255 -9.097713333791596 -5.933895246071726 -4.5308344600518335 -3.5525604205384593 -3.36927675574201 -2.527513908537129 -2.4265212391385473 -0.3135464158814694 0.1643512589411607 0.709899390553097 0.9988030107418991 2.586874221803317 5.181866703897656 5.311984412559258 5.79090939624985 6.605184934598778 8.25713437408301 9.224214299897483 10.112104491955062 11.024148910217034 11.501999191008368 11.795757813323775 12.293480235656599 12.328211664759689 13.257592950970082 13.454204856584346 14.776294694610177 15.644449817292873 16.505528778264555 16.69889299336762 17.07370054990138 17.64815676564933 18.507647763042904 19.25298943126348 19.73232220895394 22.208362125774254 26.531222835637614 28.067650067874215 28.36458152084925 
0.0 0.5 0.0 -9.807457249566562 -9.109874754101766 -5.89919755166713 -4.49348007444905 -3.5021188418587608 -3.3082160265318965 -2.5665629179118477 -2.4975192346744977 -0.3795507480619067 0.19458748319574165 0.7906185816550777 0.9243778468890161 2.528285750689575 5.19112021872463 5.339428713022653 5.774457443936143 6.608979073732345 8.341580210280611 9.228121787778253 10.037069595727207 10.950686910190958 11.692427458585739 11.985154435323043 12.068149722285948 12.211529081609928 13.241655660147043 13.505374250534237 14.764234331974004 15.661885489210018 16.60199109392898 16.727389612813116 17.12760814991913 17.706511438155594 18.54604506280618 19.1397335784684 19.595116243406235 22.199730408071527 26.49662034757632 28.14962177444096 28.627212638935514 
