 4.11235011  4.11235011  4.11235011 90.         90.         90.        
C  0. 0. 0.
C  0.         2.05617506 2.05617506
C  2.05617506 0.         2.05617506
C  2.05617506 2.05617506 0.        
C  -3.40835339  0.          2.05617506
C  3.40835339 0.         2.05617506
C   2.05617506 -3.40835339  0.        
C  2.05617506 3.40835339 0.        
C   0.          2.05617506 -3.40835339
C  0.         2.05617506 3.40835339
-62.9647388
40 bands 
kx ky kz  bandenergy1 bandenergy2 bandenergy3 bandenergy4 bandenergy5 bandenergy6 bandenergy7 bandenergy8 bandenergy9 bandenergy10 bandenergy11 bandenergy12 bandenergy13 bandenergy14 bandenergy15 bandenergy16 bandenergy17 bandenergy18 bandenergy19 bandenergy20 bandenergy21 bandenergy22 bandenergy23 bandenergy24 bandenergy25 bandenergy26 bandenergy27 bandenergy28 bandenergy29 bandenergy30 bandenergy31 bandenergy32 bandenergy33 bandenergy34 bandenergy35 bandenergy36 bandenergy37 bandenergy38 bandenergy39 bandenergy40
0.0 0.0 0.0 -10.900150996298013 -6.570680348367833 -6.570680348367432 -3.378766830096395 -3.378766830095994 -3.3787668300947935 -2.731893290632384 -2.196412986256024 -2.196412986255615 0.63893390671708 0.6389339067176547 0.6389339067178924 3.040339528426501 5.116085861346509 5.116085861346654 5.116085861346692 9.004881923980061 9.00488192398009 9.004881923980127 9.537476590196333 9.537476590196443 9.537476590196546 12.22314745321373 12.223147453213732 12.223147453213748 13.95782208518495 13.957822085184963 13.957822085206573 16.454096956368716 17.362037877718528 17.36203787771853 17.3620378781518 18.745865027030757 18.745865027030856 19.099892380299924 19.09989238029999 19.099892392439845 21.69150168457461 30.49459913047659 30.494599130478093 
0.0 0.0625 0.0 -10.875448983441062 -6.657474136123441 -6.549665641745151 -3.4742884220300936 -3.3723863448807476 -3.368016153979036 -2.6272468541033445 -2.2368766162338596 -2.2017917676436185 0.6142317698838885 0.6438651895849706 0.7681319845542082 2.9390223201839594 5.006214975184758 5.087391803857923 5.243819425300877 8.919455931025695 9.024175229294837 9.066632885011058 9.493167159177297 9.524660566187997 9.560714153389034 12.17248117837366 12.338493204808062 12.34789601326751 13.81424155480929 13.9885891479448 14.021312804339983 16.422481148597775 17.190624389507324 17.334111652251845 17.352272091178783 18.31830042014957 18.849698577239554 19.047758873460186 19.053480238524756 19.55949563910828 21.788009787493507 29.24661752395316 30.102364772571992 
0.0 0.125 0.0 -10.801418096021536 -6.897003179474705 -6.484597559897794 -3.609488987887458 -3.3422048774066258 -3.3243278260785174 -2.731514386764442 -2.2394662836624 -1.997012855018493 0.5515740463618931 0.662725950918517 1.0985452968475595 2.7274768115276147 4.7335158730327445 5.023264184486037 5.561322072455101 8.596216102215362 8.979807470428282 9.090603695024466 9.49955975388467 9.656507036081363 9.764263237411088 12.047857001282713 12.611556821718018 12.676571987259644 13.43183034522191 14.099242971117084 14.243561609695547 16.16251809108735 17.020470653518178 17.28695012294132 17.353029812187078 17.852540028869726 18.940241561390703 18.96400745829103 19.05008925865784 20.119626800826076 22.114529199474205 28.247167704334498 29.59581375975673 
0.0 0.1875 0.0 -10.678650947305842 -7.244764904260831 -6.376257393887331 -3.7178614053292907 -3.2964910849386615 -3.255870482541479 -3.03636246560216 -2.2792719145986355 -1.5626702551424474 0.4485816634941445 0.691042430434623 1.4573863943523186 2.591284689601568 4.379434889339285 4.967372081478655 5.936007472495043 8.117244629608141 8.682947768489955 9.198888650282578 9.475658778853168 10.08704309626905 10.128665744139944 11.85154152571757 12.895953098842348 12.89939458679853 13.083724398215496 14.288315479190675 14.625818067949261 15.632890376929998 16.84714278293863 17.22849543013224 17.35095979394663 17.6637322741043 18.760999141127684 18.81430535382595 19.224469822113846 20.533040845574963 22.7001210724726 27.643412700444223 29.068434599601687 
0.0 0.25 0.0 -10.50810638479885 -7.651481577307504 -6.224915537814383 -3.8690045507264363 -3.28748395412093 -3.239847106298534 -3.168502990047818 -2.336814893289997 -1.1087543725320277 0.3173034527866231 0.7276461924540719 1.5772941349919 2.7951175612669577 4.019653402075261 4.9637255879013535 6.270078184311386 7.598279161186206 8.367859840146275 9.350974020067795 9.478804955151505 10.553344733769386 10.579309747290413 11.607070523982802 12.327988743245635 13.150088718437633 13.475359876513329 14.5608738827577 15.043239435450033 15.1275226749938 16.391117861003288 17.190263000003927 17.346530215627812 17.87931767862868 18.51732095868076 18.612046219877733 19.344291129315028 20.80623342683988 23.467532286429588 27.048333621333082 28.523793411072038 
0.0 0.3125 0.0 -10.292401135909232 -8.079539281361026 -6.032100152355354 -4.152863046804679 -3.3690761493208496 -3.1807693884305874 -3.0735070244021294 -2.407346189747753 -0.6987173579719158 0.17224910449548178 0.7645591998478198 1.469780989241071 3.307911337140354 3.6969629176482277 5.033671127659785 6.4781421703639825 7.07920966589447 8.08530879421094 9.484765296088703 9.539618485057112 10.955627374496235 11.044602040819047 11.328347010170491 11.856453884870422 13.39874490959369 13.801550533198848 14.477089524214687 14.882738433505478 15.668748230355211 15.865759373492581 17.201269481788124 17.33445842958772 18.218059260366708 18.232962526077056 18.366548373119258 19.4061299271906 21.002776648306938 24.268734837999837 26.436976441521605 28.052123823022832 
0.0 0.375 0.0 -10.036919219056267 -8.50071654794767 -5.801049310832976 -4.5067460011508516 -3.346069228019255 -3.1268516797690316 -2.9832818676464683 -2.482126033115257 -0.3697610181328388 0.03796489497948671 0.7975211179747267 1.3321231892202117 3.4448293713808744 3.895648596751125 5.18791777961468 6.511234710790983 6.594720037765985 7.872106642669503 9.437418088222946 9.757164174739632 11.038184935299668 11.27433043327242 11.418958204331792 11.627467639156018 13.651460073956127 13.969901380261854 14.050186039499971 15.195422201188425 15.40839098565305 16.18151960268699 17.2819523738227 17.31563260236523 17.880614622713562 18.094422418222134 18.598370796718026 19.39962689891274 21.159681872952547 24.923462010299733 25.899029688603083 27.790813455860626 
0.0 0.4375 0.0 -9.757407700555698 -8.883406437729574 -5.535645594671792 -4.858247665089551 -3.3019089770485297 -3.09086202331281 -2.9200753339884047 -2.545736705048989 -0.16097755897451563 -0.058162900849929026 0.8194363368042905 1.2366813501904246 3.2826940277970054 4.4087864802921155 5.415920457576114 6.1578091937074255 6.4180240638407415 7.733542616062285 9.335184420500887 9.979695199432582 10.761896965462785 11.470936196097359 11.650437630355466 11.658000625244924 13.5639943197003 13.856473607208452 14.199534416175597 15.086521330624143 15.427092473117659 16.605414498979933 17.279196015692044 17.403206954353923 17.556719295956412 17.841388716156104 18.91460397711319 19.322559767769775 21.273156374399203 25.28996295317769 27.873156926241993 28.848471758238173 
0.0 0.5 0.0 -9.57225471853363 -9.103760044010915 -5.312290019395002 -5.111931735026714 -3.280607703411608 -3.076929860690901 -2.8958593662940735 -2.5713867153958394 -0.09158785657881413 -0.08171449613651063 0.8283076778766938 1.204632318106146 3.227659661217037 4.634874893373874 5.628819155145806 5.876064632531932 6.343158749947481 7.686239818141731 9.284480991016812 10.109140896083886 10.616290715905924 11.538418764005408 11.712818779869659 11.748222230294397 13.389827275044496 13.939740456636477 14.249190677360248 14.972423544169143 15.515312497434312 16.83507550228836 17.237489166817095 17.391884004270292 17.498084398641996 17.705187460243415 19.12472918272348 19.197803767812317 21.312724375651847 25.378794478016204 28.128352949968463 28.499751731166388 
0.0625 0.5 0.0 -9.54866476375016 -9.082216136075427 -5.379239469627346 -5.154897100327675 -3.5942845613992866 -2.8914647326951273 -2.685233666807364 -2.6400501834613914 -0.08679216045155048 -0.0641952554083628 0.9679000321281717 1.039864561409355 3.4337795638765245 4.636806514993818 5.477688594011904 5.821746351239181 6.334275846410167 7.652594585840069 9.28011319936732 10.254989747250855 10.699873819848953 11.180980877720161 11.554073975102366 12.28420068508498 13.38082193314296 13.947737282056181 14.101123156793875 14.92588231542518 15.523078904356113 16.838339683801397 17.214327643514086 17.224265930518822 17.359874728284417 17.662494356560064 19.248238010090613 19.44280151379196 21.355089808730835 25.236147237803944 28.17393889453171 28.22959888956899 
0.125 0.5 0.0 -9.477349317618483 -9.017429325780633 -5.585474463557661 -5.283490124695136 -3.860614605313565 -2.8782783980270565 -2.800505528567291 -2.1765708995761472 -0.08466018675469632 0.026547050497532226 0.6780294129844097 1.3568752962306965 3.9260803068410994 4.650973854627153 5.091951140796538 5.682689979389066 6.328431192879915 7.566324501417003 9.257665208255847 10.624005515819912 10.68517713484212 10.93661309419832 11.629518254518878 12.80690164358013 13.351115404766597 13.705897241597409 13.98249482502834 14.836370441475767 15.50281592123852 16.720692093938805 16.858920696727264 17.161056793297515 17.273885249186357 17.60601009682958 19.386130631456208 20.065319038335527 21.473080390674763 25.048079360415798 28.110738785296583 28.30869662019555 
0.1875 0.5 0.0 -9.359456327384448 -8.91219672471743 -5.915058908606606 -5.494463464451035 -3.986357924033781 -2.972928726401349 -2.857856986752087 -1.6790904047868627 -0.09558153052629084 0.17742161290454186 0.28350925485822714 1.8914038934840407 4.541927615588943 4.571352288201534 4.685458028003109 5.489283154207214 6.331721294691904 7.453681607131938 9.146151016638548 10.291190929847376 11.051452134583949 11.286269889904922 11.77230630204775 13.032072586899014 13.182075867715016 13.377478883869 14.05815817513414 14.760183415194243 15.453833132922309 16.208246062453362 16.870555193536667 17.094525254462262 17.157389823645087 17.631229349995476 19.580200683041863 20.688171057382583 21.63472175694538 25.08400668735152 28.333720765883537 28.752289298236843 
0.25 0.5 0.0 -9.196976332032877 -8.770905518538513 -6.318620420850611 -5.769933644195238 -4.009263886135937 -3.109891784020789 -2.833606503022687 -1.2262713659999611 -0.2120111065474598 0.03008574479866902 0.3871875558486319 2.4728576007010648 3.9977303690377726 4.764483079035099 5.176485185401873 5.2804773394736 6.3929979118618565 7.3491124833408366 8.854037612529517 10.083358004971194 11.386939340462396 11.690845531709794 11.98743336552663 12.29892388482356 13.2796571981592 13.333096098290842 14.199759810834921 14.6093412473771 15.628152957906016 15.727752011790093 16.790758403394413 17.039477369401823 17.096719059317255 17.759553957696014 19.7857259269319 21.17491715877411 21.835417365688368 25.389778421314265 27.504811880767495 28.69116522405529 
0.3125 0.5 0.0 -8.992860147433175 -8.60275025323053 -6.743693211204367 -6.077263038873496 -3.975062323263517 -3.2025287125508575 -2.810460176828351 -0.9036834719183345 -0.430171244045009 -0.004252013966114735 0.655025380883583 2.9981615867731723 3.4184227161690224 4.944912336578199 5.088833343420713 5.658030135181897 6.655672262210193 7.264531263516702 8.393837695631063 10.034271607309298 11.476532492813469 11.606528043985664 12.107034494829287 12.202590779858191 13.128604792427295 13.309156737197968 14.359595729599048 14.418565941861367 15.29833896016554 16.093894163471777 16.60046904106071 17.014580345742043 17.117283734974922 17.927385144305013 19.97643031786502 21.487681282791925 22.061301626996162 25.933335228908454 26.500778943493945 28.815324938751697 
0.375 0.5 0.0 -8.754958729915197 -8.42554581774498 -7.151146212545947 -6.373112309762362 -3.9193085091525197 -3.255764844429317 -2.7888432709235573 -0.928619825001394 -0.3533625400098112 -0.003678802823228134 0.9770243188346713 2.8609642721082214 3.3687730014515194 4.937739879896261 5.297977148485253 5.848345092387656 7.185104216787306 7.25246566895842 7.871196209192009 10.052290397392488 10.617952096611116 11.765825788087001 12.323831904275224 12.48165935890205 12.878990051595837 13.298787858844095 14.141939905179933 14.663183058743165 14.952605270123952 16.389600731121217 16.640047823926295 17.047633217233912 17.158442197984662 18.07017264738747 20.12880237429765 21.672372259175322 22.300070514854127 25.604846544386476 26.643898888474816 28.924900998840037 
0.4375 0.5 0.0 -8.509126506080715 -8.275875349482218 -7.5045118526017465 -6.600776820558634 -3.870769304899697 -3.2824170123744607 -2.774375116743334 -1.065897336586299 -0.18636134744629554 -0.0030180024042782755 1.3393286823354307 2.351302862682285 3.5530626739041704 4.841107374142156 5.822265500202192 5.899009155199566 6.968551160151762 7.462368350507155 8.02363651835979 9.751758424254268 10.083538272033838 11.88078715048622 12.355557332771582 12.663616129853274 12.747469815154618 13.293982890402884 14.007719918629421 14.724139032707836 14.846560767522849 16.22199726413343 17.08177610670755 17.109008562257586 17.185265702935784 18.14217627941941 20.222481925907935 21.75750319426838 22.519616773983493 24.934296879609114 27.317102081540366 28.986475569662502 
0.5 0.5 0.0 -8.370705654945567 -8.213378382193568 -7.678666598367665 -6.690739925186362 -3.851683658050199 -3.2902424233893917 -2.768208542576395 -1.1204119240421255 -0.1211941923109789 -0.006618934977876073 1.6172930483595174 2.025681570432581 3.604659476000801 4.808810641849679 5.909235594994022 6.356601028777719 6.505641940055024 7.3729141198814565 8.747879430505145 9.006266515056309 10.099519546118335 11.930021183116605 12.35437034769051 12.5829924317128 12.850389949210722 13.292594642218651 13.963101569859054 14.644227389682902 14.91220751746937 16.15912476903533 17.14371158837749 17.196846872551934 17.255512065539698 18.15338023358609 20.25532067934611 21.783124068889048 22.62138205433457 24.668969328810903 27.64972033058285 29.007141559272856 
0.46153846153846156 0.46153846153846156 0.0 -8.486680750460124 -8.256079536030708 -7.538310381471414 -6.6239342742558485 -3.8586206733098796 -3.298257326412529 -2.7750213581072574 -1.073395366481228 -0.1448507996918137 -0.02892704817741692 1.4713032942867443 2.188248582000894 3.5966111025502068 4.857431522208834 5.484617255113164 6.276423152207883 6.946666181661408 7.360207457033092 8.388832686831027 9.434805397345665 10.044875866631282 11.900155333592595 12.320780051251619 12.595930152796756 12.810144450804364 13.378871160213876 14.011089809230855 14.686886123335658 14.850411305959573 16.231309857177916 17.003844738774024 17.167929422509445 17.28720355302951 18.103150542484585 20.232127968933344 21.7626991414185 22.592852351449178 24.790456125910755 27.49498213998716 28.316518724620728 
0.4230769230769231 0.4230769230769231 0.0 -8.787584648630965 -8.224024380152933 -7.333358020605279 -6.413827706691532 -3.881637098413294 -3.311922040098795 -2.799368106516755 -0.9442791101219701 -0.2205390620034189 -0.09783370038441801 1.2417632220100598 2.4682835595455326 3.5634702528822 4.864563251543651 5.003389950217997 6.136018511132147 7.234293912889509 7.548610677756638 8.121094982269463 9.784382466123846 10.114281644386804 11.810976169205167 12.20472350097856 12.637911267165459 12.717451840575116 13.58763715669421 14.171431285500692 14.692238208781399 14.808979250597012 16.40042759947312 16.79239607451904 16.92434121945075 17.3633041229287 17.947251150771994 20.161396235878733 21.688119492652625 22.531625362995793 25.121759113891663 27.087372021219725 27.849879388404588 
0.3846153846153846 0.3846153846153846 0.0 -9.11762180804488 -8.146393243281114 -7.180674574516519 -6.077885910507811 -3.9269787104690352 -3.304386946648149 -2.835570882280749 -0.77925273741156 -0.3322359873399922 -0.18759099748489264 1.0315690233490404 2.7629373982534267 3.4766764083661177 4.253975734312668 5.2435222488466975 5.970938345876105 6.976228280184415 7.865256677342113 8.277925277649405 9.694168552329618 10.632719051691709 11.664363398673835 11.987831145548443 12.63102324531409 12.716036392954287 13.831785598381623 14.472597872940845 14.472640092477286 14.994068977763813 16.448352168432308 16.58190642465606 16.696933825224 17.444293436046234 17.694420492373006 20.038906748366063 21.537725121317482 22.4747046524826 25.573691124235882 26.565693426938772 27.523063391055924 
0.34615384615384615 0.34615384615384615 0.0 -9.436026410594193 -8.035743209547915 -7.064658919819853 -5.666356715534211 -3.988125137237752 -3.26065538509612 -2.8842097874488877 -0.7269229206890012 -0.45836513046894445 -0.18942199904413695 0.8597165865815841 3.054560821549693 3.2960332985539775 3.696379942897897 5.570452393042341 5.833533932536167 6.684386331013585 7.851183377118109 8.694993620721757 9.705863007340986 11.158213097810856 11.463697343220039 11.682752287620545 12.562738361261227 12.827565282128893 14.068642450726331 14.218077789311833 14.881431245525366 15.215387854532283 16.168648683615537 16.22023258288124 16.867399828827544 17.369845613100143 17.570797099983608 19.853633024126978 21.323105878381245 22.41989458888531 25.706775856259394 26.378223139282333 27.33510655125184 
0.3076923076923077 0.3076923076923077 0.0 -9.731717787022564 -7.894986833035706 -6.96340974864826 -5.223406756962548 -4.047793731354077 -3.1820494864599294 -2.945834068015566 -0.8962106712908154 -0.6277571488987572 0.03002606602314826 0.7309951268404778 2.971854535401256 3.2426215525658844 3.3404003622442158 5.733927027556429 5.9704390181148455 6.429083540056111 7.785567011528077 8.937347537149256 9.95040541165743 11.208607648046131 11.33247097908884 11.63214314598853 12.50197875699547 12.9564578514239 13.943207786911366 14.295057996564122 15.255042001980952 15.45205713300773 15.839792305780064 15.990461448373397 17.003147253044435 17.03669013606697 17.768285346984147 19.59676970700989 21.08046958622352 22.322567098314074 25.15472852815143 26.713765201394885 27.49046653658082 
0.2692307692307692 0.2692307692307692 0.0 -9.99868450612017 -7.727460887755719 -6.8697865744328945 -4.77608919261358 -4.083731177871649 -3.07553038542322 -3.0182239474087873 -1.1656441762593956 -0.848797993820805 0.3399696833474071 0.644878062439887 2.5436299214526277 2.8830662041816737 3.6222760975636037 5.643599609254009 6.217172225881081 6.4274146799926255 7.74782439091987 9.035972115018236 10.31590397675765 10.8972469024143 10.965721131418073 12.033021767592418 12.446444431381186 13.05427215114702 13.664164922081417 14.46039562743139 15.342938575194095 15.495281979971434 15.711300146712654 16.12460700010283 16.80258006613255 17.086529074954733 18.012495369094896 19.280018186472844 20.834659448700066 22.134614750087906 24.52425085928672 26.84978297743507 28.088211719332303 
0.23076923076923073 0.23076923076923073 0.0 -10.233902615748752 -7.538150894549767 -6.785134156164543 -4.360206887669832 -4.066596823389283 -3.094283823825508 -2.9473814758004377 -1.4753004004041532 -1.1029464630705947 0.5960069591177596 0.6614823389870441 2.121597305750984 2.5616535570884658 3.9029100426344088 5.538057553832722 6.026352159752664 6.920552431053788 7.819608243275058 9.077650238049962 10.552252463801544 10.603657068148564 10.611388766558216 12.341875592367312 12.392633155865779 13.093209046716002 13.392216076254158 14.494082333234553 15.156214021316629 15.481882203590501 15.759253621353464 16.532096796942252 16.826022453381533 17.150487092299326 18.259455035961675 18.930967309839648 20.59341722029228 21.830770560002488 23.89494882305373 26.99514563521665 28.66181776227402 
0.1923076923076923 0.1923076923076923 0.0 -10.435320073765476 -7.332858485570676 -6.71295666177247 -4.113805655605324 -3.865764210144375 -3.169543277374822 -2.8060082313320702 -1.7935975163868914 -1.3813988829542423 0.5776481761758123 0.9244656290852451 1.735905222235405 2.331782876683862 4.182054691636505 5.4224265863420325 5.829111155657083 7.432973936039165 8.030558020867776 9.094344859719959 10.221025247951207 10.238468979154902 10.699716458291185 12.343506913078393 12.53645669179772 13.133447404849747 13.174920494848221 14.382833434478437 14.834374112370018 15.724469012462805 15.848891752514831 16.940658190834622 17.048697898460052 17.20542674355095 18.494057160907 18.61401082346077 20.349690518956017 21.427894429005324 23.302998675340135 27.252996406061445 29.05516268534697 
0.15384615384615385 0.15384615384615385 0.0 -10.601658864613135 -7.120959190060452 -6.656230977527759 -3.996087789234006 -3.5513742004687163 -3.2400099587992743 -2.663124901128465 -2.078977075620602 -1.674257506390423 0.5804791761227613 1.0177644670570682 1.392332463476319 2.3056083410401733 4.45201212769951 5.313503342024443 5.624066200512623 7.932100782950013 8.344215917263453 9.095288171733428 9.874247216993226 9.926950353529135 10.532575539622968 12.301391401323086 12.64141859675518 12.88407025263404 13.365395379155958 14.158262158201044 14.54036722839609 15.944218272059809 16.173428881038703 17.16922418169382 17.25315426973327 17.401215867852482 18.407344802916207 18.698188840929085 20.090455814207175 20.9544888713742 22.76502597900946 27.6154980138735 29.364869387039736 
0.11538461538461536 0.11538461538461536 0.0 -10.731929044449835 -6.916597195128173 -6.615933096367842 -3.8500420712399537 -3.3391585221032023 -3.2996373065559816 -2.536334553104934 -2.266866160149838 -1.9627917639633576 0.5963180285343367 0.9301178640879697 1.093282370236467 2.491972004244466 4.703129343006758 5.223263856212138 5.428043767257524 8.388002074423067 8.708370404998224 9.089382047222127 9.537888361182192 9.694201765652448 10.202142953528913 12.26445985280564 12.650398716610763 12.650827478639501 13.586376482413032 13.960574221284702 14.293759468831016 16.18415344461996 16.560261965412234 17.24797597717415 17.29362400701102 17.75704668548012 18.389185158248548 18.86387101318583 19.80839934286719 20.44189946849888 22.313092649864164 28.065702695958574 29.646155693133384 
0.07692307692307687 0.07692307692307687 0.0 -10.825336529033777 -6.739606568039261 -6.59000871358405 -3.6685463493649064 -3.344950464860801 -3.2962935272491505 -2.4880153310181603 -2.30039120120764 -2.179944776052332 0.6148430890198336 0.7869352367285641 0.8521716903525606 2.751049187409674 4.914254866392044 5.159357735888714 5.264537575761292 8.751885097799933 8.992647863418131 9.163849881010258 9.258106705686487 9.550200744716248 9.863130306876611 12.237595225624814 12.437554741453683 12.510685022549065 13.778510092674242 13.903331011699892 14.10648827709575 16.365080484902194 16.936752812544764 17.268809747223532 17.32441656147765 18.101265305526354 18.505982354533778 18.984442852219644 19.510210707613044 19.920975199836423 21.97271042346369 28.662390913890505 29.933485507494815 
0.038461538461538436 0.038461538461538436 0.0 -10.88148381465895 -6.616226793936616 -6.575940353933369 -3.4811350495201188 -3.373402064137088 -3.35066513919334 -2.6311715333417007 -2.2359948799381275 -2.211729711331541 0.6292931408270721 0.6759399325062876 0.6920161899265962 2.958823839201428 5.059412293889361 5.12322866283555 5.1526095554883655 8.95347116015881 9.010328719212474 9.069031349422781 9.420138885827358 9.51864721907094 9.621534262360733 12.221171711259958 12.277776684592217 12.31059362643399 13.906992409714169 13.931536311857405 13.99015887613596 16.43909844951666 17.233086082492125 17.319138055948798 17.344126565284725 18.455862637319342 18.651252763178707 19.058504675794378 19.232047596682396 19.423961676301733 21.761517873840265 29.562306913069907 30.260197816612134 
0.0 0.0 0.0 -10.900150996298013 -6.570680348367833 -6.570680348367432 -3.378766830096395 -3.378766830095994 -3.3787668300947935 -2.731893290632384 -2.196412986256024 -2.196412986255615 0.63893390671708 0.6389339067176547 0.6389339067178924 3.040339528426501 5.116085861346509 5.116085861346654 5.116085861346692 9.004881923980061 9.00488192398009 9.004881923980127 9.537476590196333 9.537476590196443 9.537476590196546 12.22314745321373 12.223147453213732 12.223147453213748 13.95782208518495 13.957822085184963 13.957822085206573 16.454096956368716 17.362037877718528 17.36203787771853 17.3620378781518 18.745865027030757 18.745865027030856 19.099892380299924 19.09989238029999 19.099892392439845 21.69150168457461 30.49459913047659 30.494599130478093 
0.03125 0.03125 0.03125 -10.88166545608573 -6.595919014169538 -6.595919014162693 -3.4896585275799743 -3.3579380570351613 -3.3579380570331363 -2.6282150982228374 -2.2253455004876743 -2.2253455004871916 0.6576020973963554 0.6697784833585135 0.6697784833598754 2.958617732009043 5.111896643049941 5.111896643049988 5.1122388366247025 8.98285505317963 8.982855053188922 9.069707333168404 9.389241157236489 9.584206466118836 9.584206466131526 12.252396627433372 12.252396627462003 12.303253692542297 13.936615619127236 13.936615619157928 13.95603972274271 16.440772849338607 17.269555470192664 17.26955549875676 17.35534247263685 18.545947451417955 18.54594746246605 19.055958150947284 19.337533046835713 19.33753317137132 21.759983296879152 29.60678450040213 30.142490818361892 
0.0625 0.0625 0.0625 -10.826009731740903 -6.663821813284097 -6.663821813270923 -3.707210908672942 -3.3042437742433637 -3.304243774242402 -2.405606808623336 -2.282147506750241 -2.2821475067496784 0.7195093009271195 0.7711675244486178 0.7711675244499783 2.740851472242881 5.114174377990365 5.116384416225815 5.116384416227794 8.91988665634219 8.919886656374079 8.94669162452207 9.32645712031839 9.732401758172871 9.732401758233097 12.346460988004418 12.346460988099508 12.49050165490038 13.902836849305913 13.902836849487846 13.983683795047796 16.39243146565452 17.052720173371966 17.05272031170225 17.377517214123326 18.284569016224598 18.284569161327504 18.991294843499087 19.74939662752837 19.749397987594854 21.959811133467003 28.720021446240832 29.93039262181775 
0.09375 0.09375 0.09375 -10.733448965724097 -6.762359541939062 -6.762359541921794 -3.9475413879063224 -3.2880530651354696 -3.288053065134412 -2.3027776395128554 -2.302777639512113 -2.1572887145556527 0.7955108094844889 0.9319813930518089 0.931981393053069 2.4450180208356627 5.11909131769433 5.133579555611204 5.1335795556112584 8.436943045992544 8.816473346658041 8.81647334669784 9.607559539386372 9.972334167362709 9.972334167491995 12.455563251138408 12.455563251381525 12.660050221360578 13.884776975856955 13.884776976782064 14.069286428587176 16.284800021784058 16.762827774271457 16.76282803673538 17.410789891748127 18.019631894545128 18.01963227630226 18.94712662515414 20.20090672362316 20.200913408597646 22.26564535786856 28.148875268832956 29.272757160462405 
0.125 0.125 0.125 -10.604260478959766 -6.876677693942483 -6.87667769391802 -4.185411388226051 -3.3879696239544868 -3.3879696239536785 -2.2114383884131383 -2.2114383884123465 -1.9111418528090387 0.8156270909777019 1.1442455664095388 1.1442455664105897 2.176807693028772 5.1188321337200335 5.172317400693593 5.172317400693652 7.875666576320446 8.689158498015887 8.68915849804687 9.908924693517173 10.26028699013155 10.260286990366161 12.519131593841106 12.519131594399925 12.749455507209332 13.935415561669938 13.935415564038859 14.231006974996564 16.13099095835131 16.455238270057706 16.455238590063292 17.381107587738395 17.735278463901153 17.735278980795673 19.01462205168503 20.662437913632477 20.66246389043762 22.64852002526112 27.729329753273202 28.99279318852439 
0.15625 0.15625 0.15625 -10.439184615290612 -6.993424476055927 -6.993424476019967 -4.411080229045112 -3.602922814521523 -3.6029228145193977 -2.0104480291844387 -2.010448029183796 -1.676960114319231 0.6551363191036338 1.40327080320845 1.403270803209138 2.083571835548447 5.098582729186615 5.238143426888323 5.238143426888495 7.340314264500083 8.555743082264076 8.555743082287545 10.14916422425423 10.539948667897669 10.539948668241149 12.500633243589487 12.50063324465893 12.779397233163959 14.093901162751253 14.093901168799874 14.450320076305092 15.978335127434015 16.166867138140457 16.166867455916318 17.220318470330607 17.43478876815386 17.434789265221085 19.25677396529345 21.116219580124817 21.11630591374169 23.08197650404313 27.382489146319397 28.595925534127037 
0.1875 0.1875 0.1875 -10.238623949524465 -7.101817666515178 -7.101817666514927 -4.62056271475654 -3.885745885332972 -3.8857458853326907 -1.7500275912486334 -1.750027591248601 -1.4616694832376578 0.2928407363868829 1.7117549127772445 1.7117549127772544 2.2002248381015854 5.037249891409754 5.339418139018165 5.339418139018211 6.906614542261484 8.433620039587446 8.433620039587465 10.271009002047816 10.74058226858955 10.7405822685897 12.427261062964323 12.427261062964332 12.788818427732611 14.349175944111975 14.349175944111977 14.673227559131867 15.893356419929066 15.919160608268006 15.919160608268024 16.944198018320865 17.139289632684726 17.13928963268476 19.646936492823293 21.5468341222347 21.54683412223477 23.54769214964442 27.072939555281902 27.0729395553317 
0.21875 0.21875 0.21875 -10.004415342896543 -7.194954516849995 -7.194954516849635 -4.814686021866089 -4.203557090246782 -4.203557090246614 -1.4716147687607906 -1.4716147687607881 -1.279558677011853 -0.16420726683346848 2.066971077907356 2.06697107790751 2.411874862323701 4.909654113345789 5.473504067559576 5.473504067559629 6.632068609553191 8.325048877858588 8.32504887785862 10.241216247121553 10.781838265688034 10.781838265688158 12.324271827031067 12.324271827031192 12.770510305051832 14.664327083820275 14.6643270838203 14.847003359319377 15.709481083069624 15.709481083069626 15.938234683272585 16.616296297221652 16.89931643080999 16.899316430810053 20.125866983808926 21.932319561696563 21.932319561696943 24.0111544278104 26.781068163753318 26.781068163758988 
0.25 0.25 0.25 -9.736821890967637 -7.267766300375036 -7.2677663003750075 -4.994510288576296 -4.53584371176603 -4.535843711765707 -1.1995556372606968 -1.1973196273590714 -1.1973196273590667 -0.577320650447309 2.474970128706788 2.4749701287068855 2.6079218459352016 4.764004088043846 5.641426087755739 5.6414260877557565 6.540340212143607 8.236584928667494 8.236584928667494 10.075120603359453 10.660491811263604 10.660491811263604 12.174942447613068 12.17494244761308 12.695179833573418 14.924395404122292 14.96655089175896 14.966550891758985 15.543179231296998 15.543179231297009 16.082004582718184 16.38067692814011 16.796584783084395 16.796584783084413 20.64249008228255 22.256078914147064 22.25607891414811 24.45281256808207 26.476492303240455 26.476492303241546 
0.28125 0.28125 0.28125 -9.438043357408228 -7.316152568200374 -7.316152568200191 -5.161722376794762 -4.86877164325721 -4.868771643257192 -1.456086309946604 -0.9439989701997135 -0.9439989701997121 -0.6784106616019263 2.6872919342107777 2.933965781734603 2.9339657817347367 4.71494581284883 5.841441260311092 5.841441260311106 6.600273457386273 8.171598059840138 8.17159805984014 9.810094605612168 10.419162565344974 10.419162565345134 11.94346167610925 11.943461676109262 12.534795048404467 14.845198553719081 14.941709626272347 14.9417096262724 15.688683991882522 15.688683991882542 16.08875138832799 16.5575743250944 16.865184182661228 16.86518418266135 21.16023571176107 22.50482083355632 22.50482083355908 24.85210104031937 26.12945081171917 26.129450811725416 
0.3125 0.3125 0.3125 -9.110753363726756 -7.338158651586423 -7.338158651586156 -5.321577979724961 -5.194257154084066 -5.194257154083895 -1.925219503482126 -0.718377160101942 -0.7183771601018512 -0.5759554140592321 2.6011045784281626 3.441630085275727 3.4416300852759667 4.839329100098015 6.066029702478743 6.066029702478786 6.76876667930225 8.129158478603568 8.129158478603587 9.482689652265643 10.099218200062605 10.099218200062674 11.62019519691789 11.620195196917939 12.28785537612795 14.577280008582186 14.627148823840884 14.627148823840892 16.104263441953282 16.10426344195332 16.215169483604527 16.903149883288968 17.056805537238954 17.05680553723897 21.640809626987792 22.660514357135394 22.660514357138013 25.197669974927503 25.777571193384286 25.777571193398014 
0.34375 0.34375 0.34375 -8.75753701032601 -7.331958584011705 -7.3319585840115415 -5.504384421418786 -5.504384421418704 -5.481153923245224 -2.4100674129423463 -0.5250421778306077 -0.5250421778305424 -0.44627240995586764 2.402303819909532 3.9938764662942945 3.9938764662944424 5.105414114215897 6.314670750128694 6.31467075012874 7.029353044472 8.103563104533192 8.103563104533226 9.117257047443948 9.734810622031848 9.734810622032155 11.228297958440443 11.228297958440569 11.967489739288142 14.224124205210536 14.26716851951798 14.26716851951802 16.491565987866867 16.54969277217249 16.549692772172506 17.261594276456623 17.311208629348112 17.31120862934818 22.044300839751912 22.709740350088953 22.70974035008943 25.500568518265943 25.526114797399476 25.52611479741354 
0.375 0.375 0.375 -8.384844371798275 -7.298315682439668 -7.298315682439216 -5.794881909692849 -5.794881909692515 -5.653486807758964 -2.86117011077357 -0.36643032401447995 -0.3664303240144461 -0.3281873014372793 2.1699961276573263 4.5807461153811255 4.580746115381149 5.441838564914047 6.578428667724877 6.578428667724982 7.3580691210208675 8.08407315108296 8.084073151083107 8.738226280615132 9.333283698379356 9.33328369837962 10.796126212436697 10.796126212436766 11.573661598306156 13.88016424112146 13.925513517986415 13.925513517986424 16.83828857434301 16.954531606550734 16.954531606550763 17.582474836503195 17.582474836503255 17.590343594759347 22.31524665332349 22.64652067541189 22.64652067541324 25.463550783777873 25.46355078379153 25.753694986180342 
0.40625 0.40625 0.40625 -7.997249340329989 -7.238628353373405 -7.238628353209054 -6.05857920328099 -6.058579203208508 -5.852135343428623 -3.248015439321914 -0.24600705124227643 -0.24600705124219555 -0.2282219628136753 1.958809259704117 5.188968330526945 5.188968330529078 5.806705751326759 6.84515248561312 6.845152485615229 7.684279834980345 8.061279225192825 8.061279225201263 8.425895876312127 8.910569799739617 8.91056979979057 10.362746789978496 10.362746790008279 11.115270992602966 13.593595578453934 13.633025086849319 13.633025090424345 17.20009978204068 17.27874650204583 17.278747199323814 17.839285852575557 17.839286082955176 17.86206556868956 22.412698993430286 22.505339683039534 22.512410160156783 25.549801535742066 25.608016599737585 25.991281764873253 
0.4375 0.4375 0.4375 -7.606250011425773 -7.156822724768964 -7.156822724581617 -6.287327172063049 -6.287327172000161 -6.089035733050763 -3.5435551312723548 -0.1582214321190212 -0.15822143211901296 -0.15099350949389106 1.795934603515428 5.808243834958653 5.808243834960927 6.183220427171389 7.085950753895892 7.085950753899219 7.67310563049364 7.983461436550784 7.98346143655253 8.512156429223202 8.521194968701204 8.521194968717372 9.977433340884085 9.977433340941541 10.606949933578074 13.386925408377438 13.40997833238631 13.40997833411029 17.51231617194327 17.512316639669233 17.53073237470378 18.04998772710303 18.049987780457588 18.069991303157796 22.347942292219255 22.351594669574173 22.35637964028852 25.393159189761526 25.91368455011883 26.219213178950632 
0.46875 0.46875 0.46875 -7.238925203286138 -7.070429766652684 -7.0704297664499425 -6.463386465292911 -6.463386465266285 -6.357887908262442 -3.7279515886299017 -0.10691289840222255 -0.10691289840220061 -0.10533785150944874 1.6933342879256292 6.411679370322949 6.411679370324875 6.563454708154198 7.210245587118567 7.210245587121336 7.34046614259343 7.753287870654542 7.753287870655661 8.300091312181305 8.30009131218325 8.963710187600796 9.698388527207397 9.69838852730979 10.066742902074909 13.263461053864509 13.270064575201372 13.270064575569492 17.64935014945112 17.649350214447022 17.766503389913897 18.185686182968322 18.18568625802311 18.191033281580406 22.229977209480822 22.230925305972512 22.241168056483875 25.3441084087014 26.27392508287728 26.393348108889384 
0.5 0.5 0.5 -7.026869786423707 -7.02686978642333 -7.026869786218437 -6.538239983448376 -6.53823998344834 -6.538239983447861 -3.790639451250968 -0.09354870014869114 -0.09354870014845204 -0.09354870014839135 1.6566798582646367 6.9079299449834 6.907929944983834 6.907929944983927 6.988153753993102 6.988153753993387 6.988153753995724 7.616340812624029 7.616340812624425 8.239458406046804 8.239458406047106 9.414283741325876 9.588696043440718 9.588696043440885 9.588696043631744 13.220999040301486 13.220999040301493 13.220999040301532 17.684207950808407 17.68420795080843 17.84308154492184 18.220995676954733 18.220995676954956 18.220995841314867 22.185711527839892 22.18571152784052 22.185711527840724 25.3284958474556 26.450620309647896 26.450620309657893 
0.4642857142857143 0.5 0.4642857142857143 -7.178986872716006 -7.152500318159397 -7.012036851995152 -6.525058062097901 -6.402206432894892 -6.39608199041986 -3.7361495286338493 -0.11301269026110054 -0.11191498663384138 -0.0911811028177505 1.6888622952953807 6.392373322966273 6.422400351274521 6.869607172882811 6.871488185429376 7.262016857455129 7.416483043902586 7.6624530037587295 7.795235498855515 8.246836961729121 8.32957326506233 9.02223679230615 9.59817451387795 9.722781851363846 10.05139992694009 13.253350826448983 13.262282230755417 13.26983764395211 17.635901375323424 17.66802886231712 17.780263064979888 18.17526360012526 18.18481196619691 18.216028436999938 22.19804265739861 22.238030268365844 22.247111607934425 25.343671152504314 26.297279527545893 26.32634126610539 
0.4285714285714286 0.5 0.4285714285714286 -7.456627208567322 -7.383129152373035 -6.969077650665522 -6.487904753621383 -6.152589427750331 -6.145431266152498 -3.5763444468146703 -0.17857532702670512 -0.17425029633108502 -0.09278643536018695 1.779007592926155 5.776832844158268 5.87335936829701 6.641309768011267 6.764087213862868 7.079563504070619 7.712557185634839 7.847938399545643 8.121973788519188 8.278988988452204 8.579353802958977 8.751817891457682 9.621592458711216 10.054415162493205 10.604845052076382 13.344113922864272 13.380322487368188 13.411104441703918 17.467884345677138 17.513369657339155 17.669856109814717 17.998658483777564 18.063634729317222 18.175688971519907 22.225235608763786 22.380932172930102 22.38864843384112 25.386155969490556 25.953517910244152 25.98050158590627 
0.39285714285714285 0.5 0.39285714285714285 -7.752310795155946 -7.625759023146569 -6.899594947707958 -6.427104333909438 -5.906923086689502 -5.85991918365671 -3.319916070584023 -0.28581447212092237 -0.2758638721464728 -0.09553646272902629 1.9231448394528026 5.138510374738248 5.321864323875665 6.383198898978143 6.624604032228436 6.737780672501905 7.779133994993127 7.78995180277639 8.3782989566259 8.398486679635786 8.948020100355688 8.953762112273232 9.674012170847309 10.49138486303123 11.14989576963405 13.488226365471762 13.567623441898641 13.642965698980957 17.189185698282934 17.210579965652773 17.58651076704136 17.712405320580267 17.862137967105568 18.110120656754546 22.25176892161145 22.50798652252229 22.58106829820966 25.50532588634548 25.59465724358357 25.63254417937195 
0.35714285714285715 0.5 0.35714285714285715 -8.041281618298312 -7.860726822103437 -6.80343100386028 -6.342850382002769 -5.6713169007086 -5.563550435924383 -2.981775124651967 -0.43391692019309114 -0.415160262741523 -0.10170099467706144 2.1129042371631575 4.498967283150713 4.7888757086699565 6.087635524922626 6.387691309153679 6.470757527327395 7.542792332733666 7.706448493605293 8.572604135294739 8.680977377125558 9.311428008434145 9.375119679210085 9.79711357401821 10.961351798104646 11.660755031547453 13.675087198821274 13.813309778363502 13.956919027636744 16.815225759800114 16.860394366753077 17.343920698969647 17.482601544915834 17.590876160596384 18.021538657257707 22.2493353474425 22.508452761744287 22.773927114038496 25.287304507343457 25.37876487535115 25.844229916277268 
0.32142857142857145 0.5 0.32142857142857145 -8.315857081297668 -8.082621526559198 -6.681908647736105 -6.237364295696505 -5.4420223337474605 -5.261634000658917 -2.580538048741553 -0.6188273662248615 -0.5884812388805714 -0.10533190934318694 2.3271520261103005 3.865623640492893 4.2896277049354135 5.7179751482787955 6.117809284744503 6.318248026470116 7.297337633507352 7.587763756018215 8.751702127551082 9.012944262429793 9.547961350099627 9.816987907212136 10.064752236956455 11.426571404202564 12.110245042808641 13.892339001975438 14.10582956407405 14.339710713198125 16.360810852018272 16.519660699861014 16.938628127513986 17.271180693410727 17.368064360019325 17.927816721463973 22.18124974433136 22.36172826711944 22.871282477469542 25.028162313250938 25.454606638673653 26.0981320927065 
0.2857142857142857 0.5 0.2857142857142857 -8.568803241209151 -8.286541201358308 -6.536365101163418 -6.111860898259038 -5.212166511724256 -4.956885336201806 -2.139878286321028 -0.8306697860290327 -0.7891600279372714 -0.10571246382502807 2.5156183019815317 3.2553617539206594 3.8779673751757406 5.313996019035798 5.9186110148489774 6.1791147793089305 7.087351485600529 7.459916420833177 8.914495386930671 9.358968593843768 9.705843464927797 10.244141347062408 10.413535428747336 11.858192002183754 12.472323409864437 14.12152103401209 14.425896975385866 14.7693979602715 15.85384739583296 16.214151189906723 16.56034786362215 16.916923322360567 17.24484209482226 17.829181187384183 22.02331824542941 22.097367729257535 22.81393456104064 24.95486878527349 25.709370302828443 26.084059888940565 
0.25 0.5 0.25 -8.797885119540183 -8.471965093142922 -6.3716547803296715 -5.970592978472331 -4.9785950716229515 -4.654595972088284 -1.7037951783938283 -1.0444570616996776 -1.0137226114701154 -0.10546638085212114 2.5376360714001 2.6656230317236185 3.675505016742877 4.915121209452526 5.765107398390317 6.054489626232296 6.908986288987485 7.338942602283731 9.041575252310206 9.708378520853087 9.869071920639772 10.624039854038113 10.728463143141596 12.207835939993524 12.73055417389202 14.341550578908565 14.695809472722242 15.21169550288921 15.379718322413096 15.963884440488838 16.28497296376486 16.54279473999958 17.124857836498958 17.735151845787808 21.746589475579302 21.758410331037076 22.630813074488362 24.934090023050334 26.16674013210954 26.178303485365532 
0.2142857142857143 0.5 0.2142857142857143 -8.999731001127163 -8.635731266883674 -6.1890904885852285 -5.816324422362004 -4.7362176330148005 -4.351756250834732 -1.5205580077522758 -1.2564150377909071 -1.0270624303126294 -0.09675345839214798 2.11227086705947 2.305434274391551 3.7677851236993547 4.541085372829629 5.6515315557311165 5.957364069264589 6.761477450573978 7.2458571302103065 9.136942892744333 10.06042914214638 10.069208124573905 10.936536185390263 10.97298735274409 12.387904083855208 12.981328550721216 14.491162740992673 14.531667035039206 15.374131046754073 15.608986406053216 15.78905200747747 16.131777328731268 16.248148466807265 17.01841492121351 17.657155839628224 21.348353715210557 21.40681944133487 22.388136769959605 24.93723888110045 26.381382241050943 26.698768805648335 
0.1785714285714286 0.5 0.1785714285714286 -9.172820735792081 -8.776750102024112 -5.9965889669674395 -5.655609743583727 -4.485727179984739 -4.054871154228371 -1.7424830941436802 -1.509812290475587 -0.6572566745685554 -0.062403719273289 1.6090391314156982 1.9569211700748428 3.998046680380637 4.201938134313166 5.578320590384868 5.8908376909433775 6.640560705301664 7.198886897380851 9.200254916641082 10.301231149988647 10.400428810787936 11.081891595437806 11.115698178233371 12.431406960255 13.284639993904305 13.945993897975681 14.676326028564263 15.576876307569133 15.61263340045234 15.793694813663901 16.207974191257755 16.29095504044649 16.934765141560476 17.60653850013365 20.91891252282503 20.98605878631064 22.126001693161808 24.956381451423084 26.715759606093698 27.12816240016608 
0.1428571428571429 0.5 0.1428571428571429 -9.315448186293029 -8.893134196559986 -5.801791517712944 -5.495908463874197 -4.227559458922348 -3.766422945812389 -2.0311603610701554 -1.7632537244103432 -0.35622084157994455 0.06161190388275652 1.1812329697083586 1.6030803632483015 3.901564810394215 4.237347707421649 5.546336156441569 5.858117883606247 6.542518193942689 7.2192971273955315 9.24325979287433 10.55861945240098 10.70616685736765 11.01024426235306 11.137779025264035 12.536190131755685 13.385925496245878 13.590185422725995 14.777819077460132 15.20898995975841 15.59362405156026 16.166407414540604 16.475434629813712 16.565113597137014 16.878092055655426 17.592945409110513 20.478770837973034 20.52836489910431 21.87730061280805 25.007916854192324 27.10156667446261 27.447613344799734 
0.10714285714285715 0.5 0.10714285714285715 -9.427423156266482 -8.984818740853827 -5.616894272687157 -5.347588077062352 -3.9670031260002827 -3.4916674795746343 -2.3278699096007904 -2.0097751799181163 -0.24002683310782655 0.2435324350284924 0.9143591228168932 1.2886229752328058 3.6412858972103406 4.426488792304309 5.54973686735937 5.852560436171761 6.462101800899481 7.312068344849501 9.268930529424226 10.669577786362284 10.8327861530788 11.049560073290943 11.080751866130395 12.746129674763246 12.874464879427267 13.859405981319135 14.817129811336958 14.854268343977518 15.569791906521552 16.575395463408448 16.736001816361412 16.852167731277827 16.891588645898977 17.616206533971177 20.04562393919114 20.060641733731973 21.65255504562369 25.092654071508985 27.44518263196688 27.755822796981988 
0.07142857142857145 0.5 0.07142857142857145 -9.507801086173426 -9.050730887476805 -5.459564453043537 -5.224407794456657 -3.709169872018832 -3.238873031531522 -2.6188471544510556 -2.2444306163628718 -0.1975058825344831 0.19262965323882122 0.9656946383011007 1.0397270594822423 3.4295496917803057 4.549070558319286 5.578762063556386 5.863502189008913 6.399527485874516 7.4663514255975905 9.280754377296965 10.396883597652646 10.870174899009827 11.122971987390466 11.310876443069136 12.434292269391795 12.999211965349291 14.068421672368864 14.440093834014512 14.914191246321161 15.545571162415447 16.834531937477966 16.95953274919192 16.994294728513896 17.16252550528285 17.650099957331257 19.618750093316212 19.643571616985508 21.47140494441202 25.22150292005321 27.81529775741109 27.962474966061954 
0.035714285714285754 0.5 0.035714285714285754 -9.55622393690028 -9.09058153495915 -5.3512977393832255 -5.141464351068733 -3.45867716217687 -3.017679439012521 -2.89222828556958 -2.454588124466015 -0.1575590881062647 0.029732911468079274 0.8807888231709227 1.1322299332704326 3.2815308391541844 4.613182570837405 5.612179919188535 5.871721108881045 6.3555031794402215 7.619188768949193 9.282623055261318 10.18573287240808 10.691874327702966 11.417797793405061 11.47475365693049 12.059110742645627 13.247363123649695 14.108799001445169 14.202053976072111 14.95607855462806 15.523986716072544 16.831019935544916 17.175228943026635 17.264856503842065 17.391159712021732 17.686895611114625 19.268796894951794 19.327573407320603 21.353179351454884 25.33498456148901 28.073694432002338 28.240824649047365 
0.0 0.5 0.0 -9.57225471853363 -9.103760044010915 -5.312290019395002 -5.111931735026714 -3.280607703411608 -3.076929860690901 -2.8958593662940735 -2.5713867153958394 -0.09158785657881413 -0.08171449613651063 0.8283076778766938 1.204632318106146 3.227659661217037 4.634874893373874 5.628819155145806 5.876064632531932 6.343158749947481 7.686239818141731 9.284480991016812 10.109140896083886 10.616290715905924 11.538418764005408 11.712818779869659 11.748222230294397 13.389827275044496 13.939740456636477 14.249190677360248 14.972423544169143 15.515312497434312 16.83507550228836 17.237489166817095 17.391884004270292 17.498084398641996 17.705187460243415 19.12472918272348 19.197803767812317 21.312724375651847 25.378794478016204 28.128352949968463 28.499751731166388 
