 4.11235012  4.11235012  4.11235012 90.         90.         90.        
C  0. 0. 0.
C  0.         2.05617506 2.05617506
C  2.05617506 0.         2.05617506
C  2.05617506 2.05617506 0.        
C  -3.4083534   2.05617506  0.        
C  3.4083534  2.05617506 0.        
C   0.         -3.4083534   2.05617506
C  0.         3.4083534  2.05617506
C   2.05617506  0.         -3.4083534 
C  2.05617506 0.         3.4083534 
-62.9647388
40 bands 
kx ky kz  bandenergy1 bandenergy2 bandenergy3 bandenergy4 bandenergy5 bandenergy6 bandenergy7 bandenergy8 bandenergy9 bandenergy10 bandenergy11 bandenergy12 bandenergy13 bandenergy14 bandenergy15 bandenergy16 bandenergy17 bandenergy18 bandenergy19 bandenergy20 bandenergy21 bandenergy22 bandenergy23 bandenergy24 bandenergy25 bandenergy26 bandenergy27 bandenergy28 bandenergy29 bandenergy30 bandenergy31 bandenergy32 bandenergy33 bandenergy34 bandenergy35 bandenergy36 bandenergy37 bandenergy38 bandenergy39 bandenergy40
0.0 0.0 0.0 -10.900151011685692 -6.5706803830702905 -6.570680383069792 -3.378766840450471 -3.378766840450467 -3.3787668404492934 -2.7318933275910577 -2.1964130393911363 -2.1964130393907317 0.6389338836454198 0.6389338836461268 0.6389338836464195 3.0403394437901907 5.1160858159279305 5.116085815928046 5.116085815928531 9.004881901304534 9.004881901304536 9.004881901304568 9.537476552514079 9.537476552514104 9.537476552514343 12.223147419442673 12.223147419442688 12.223147419442732 13.957822002138325 13.95782200213834 13.95782200215987 16.45409689620685 17.362037796880198 17.36203779688021 17.36203779731341 18.745864878970956 18.745864878971283 19.09989232696797 19.09989232696801 19.099892339107612 21.69150154966611 30.494599041024944 30.494599041026124 
0.0 0.0625 0.0 -10.8754489989127 -6.6574741699438515 -6.549665676544381 -3.474288437654897 -3.372386355307971 -3.368016164387416 -2.627246889187548 -2.236876665318792 -2.2017918208829053 0.6142317467050251 0.6438651665836517 0.7681319594092375 2.939022238127877 5.006214930388521 5.087391759223495 5.2438193781928035 8.919455903085321 9.024175206471044 9.06663286149953 9.49316712212603 9.524660527898689 9.560714120672685 12.172481144637135 12.338493169203401 12.347895977944118 13.814241472117338 13.988589065199141 14.021312722006064 16.422481085269588 17.19062430647024 17.33411157135081 17.35227201021794 18.31830030416888 18.849698431723265 19.047758820214437 19.05348018537962 19.559495553920062 21.78800965421607 29.246617426006015 30.102364679454013 
0.0 0.125 0.0 -10.801418111743141 -6.897003211072106 -6.484597594944094 -3.609489009205923 -3.342204887961384 -3.3243278365406845 -2.731514428653702 -2.239466335245753 -1.9970128917280365 0.5515740230678666 0.6627259282600018 1.0985452661482265 2.727476735571989 4.733515829632565 5.023264141781828 5.5613220231523925 8.596216069033614 8.97980744295998 9.090603671953863 9.499559713743249 9.65650700254297 9.764263208885035 12.047856968109517 12.611556781536645 12.676571948200884 13.431830263453376 14.09924288954253 14.243561529969286 16.16251801565184 17.02047057223591 17.286950043311094 17.3530297322211 17.852539921435522 18.940241508067366 18.964007405289426 19.050089115329207 20.119626708563736 22.114529072180172 28.247167609466494 29.59581366917642 
0.0 0.1875 0.0 -10.678650963449318 -7.244764933186134 -6.376257429346873 -3.717861431000392 -3.29649109569078 -3.2558704930755678 -3.036362506022773 -2.2792719669268178 -1.562670286788489 0.4485816400340108 0.6910424083778431 1.4573863511072898 2.5912846262167832 4.379434847066336 4.9673720409482875 5.936007423088925 8.117244595759123 8.682947740890148 9.198888626793442 9.475658735198014 10.087043062000673 10.128665714218332 11.851541493374592 12.89595305266261 12.899394506345036 13.083724353423362 14.288315400114028 14.625817992098428 15.63289029293014 16.84714269004623 17.228495352738303 17.35095971576922 17.663732182312405 18.76099908761939 18.81430530095208 19.22446967941981 20.533040747499385 22.700120954621497 27.643412608558524 29.068434512812694 
0.0 0.25 0.0 -10.508106401547952 -7.651481603629164 -6.224915573910175 -3.869004581450768 -3.2874839893694334 -3.2398471172968772 -3.168503000658531 -2.3368149460794196 -1.1087544022380493 0.3173034292097791 0.7276461713154492 1.5772940720770454 2.795117517272751 4.019653360354611 4.963725549231165 6.270078137154536 7.598279128179196 8.367859813872437 9.350973996068817 9.478804906396366 10.553344700369268 10.57930971056207 11.607070492747669 12.327988664199081 13.15008866742681 13.475359824283531 14.560873807589795 15.043239347216971 15.127522602017526 16.39111776221489 17.190262926229632 17.346530140415908 17.879317590858665 18.517320904768958 18.612046166912343 19.34429098729167 20.806233326273276 23.467532177302623 27.048333531665723 28.52379332696241 
0.0 0.3125 0.0 -10.292401153486418 -8.079539305320536 -6.032100189427137 -4.1528630807039795 -3.3690761798753743 -3.180769399691251 -3.073507035070663 -2.4073462432798864 -0.6987173864444948 0.17224908084318383 0.7645591798681557 1.4697809182284838 3.307911301075129 3.69696287581714 5.033671090069637 6.478142126461736 7.079209634121855 8.085308769231247 9.48476524143393 9.5396184603319 10.955627336875532 11.044602001255619 11.32834698018646 11.856453807129904 13.398744855994462 13.801550473711288 14.477089433035271 14.882738361759992 15.668748158117866 15.865759275592666 17.201269413430616 17.334458358722785 18.218059205749892 18.232962432062358 18.366548319401282 19.406129787042993 21.002776549537426 24.26873473636661 26.436976353324503 28.052123739633092 
0.0 0.375 0.0 -10.036919237787426 -8.50071656970485 -5.80104934957255 -4.506746034528556 -3.346069256161124 -3.1268516912639894 -2.983281878335379 -2.4821260877949736 -0.36976104550700456 0.03796487128280921 0.7975210992391808 1.3321231159495301 3.444829328990735 3.8956485633997677 5.187917741929323 6.511234668580301 6.59472000777366 7.872106618802661 9.437418029291768 9.757164149084714 11.038184906700206 11.274330391734251 11.418958162005987 11.627467562103018 13.651460019397405 13.969901286806241 14.050185974965254 15.195422130768861 15.408390889807237 16.181519529476997 17.281952313238396 17.315632536098303 17.880614567878713 18.094422361992237 18.598370692545835 19.3996267625305 21.15968177873368 24.9234619163657 25.899029601477764 27.79081337067056 
0.0 0.4375 0.0 -9.757407721069157 -8.883406457076722 -5.535645637410275 -4.85824769464855 -3.30190900340958 -3.0908620349805127 -2.920075344695542 -2.545736761229629 -0.16097758560034953 -0.05816292455920719 0.8194363190650321 1.2366812760621648 3.2826939847541383 4.408786449558891 5.415920417034274 6.157809167514886 6.41802402065475 7.733542592877025 9.335184360229716 9.979695172512317 10.761896938361094 11.470936151673142 11.650437553357204 11.658000580839461 13.563994224292646 13.85647355200429 14.199534348637842 15.086521236379621 15.427092402416802 16.60541442513623 17.27919594614213 17.403206906242122 17.556719247508582 17.841388651899656 18.91460386015537 19.322559638450393 21.27315628500034 25.28996286676998 27.873156840147026 28.848471651116352 
0.0 0.5 0.0 -9.572254741453225 -9.10376006074598 -5.312290079764647 -5.111931746961673 -3.280607728907434 -3.0769298724104774 -2.895859376992561 -2.5713867723753285 -0.09158788026656205 -0.0817145223204975 0.828307660546529 1.2046322437545065 3.2276596179090227 4.634874864515604 5.628819100363309 5.876064620917516 6.343158705197492 7.686239795185101 9.284480930795022 10.109140868016695 10.616290690043114 11.538418718539582 11.71281870294876 11.748222185237482 13.38982717863357 13.939740401136618 14.249190608846261 14.972423450530457 15.515312426292057 16.83507543142855 17.237489070874762 17.3918839804573 17.498084370727483 17.705187377795845 19.12472904213757 19.197803659846826 21.31272428831194 25.37879439443303 28.128352877794068 28.49975160776993 
0.0625 0.5 0.0 -9.546852620153695 -9.085144040890816 -5.369132986002156 -5.1612953850970955 -3.33893625374916 -3.1467339627037334 -3.0667772060722363 -2.2651865677572784 -0.19575592048705764 0.13549625783987493 0.8448566073970015 1.1658654998234748 3.174301723298263 4.572489671454873 5.7247182655168505 5.915047834672853 6.396978634211015 7.5127771163971016 9.284214794613177 10.194219327754048 10.763736934487417 11.336109394478225 11.727534435172041 11.779772586451337 13.05552231337294 14.250193427433818 14.349438247998037 14.972532513711995 15.529955171550156 16.819764690623014 17.071459105251655 17.077299739232362 17.470320156592553 17.6941210476448 19.211704889531937 19.508751215838053 21.394229760540686 25.402541916078906 27.958818186926088 28.175187654851303 
0.125 0.5 0.0 -9.470099162901814 -9.029501665493465 -5.544895430688718 -5.308262539165654 -3.4534334533846343 -3.428743563403661 -3.036661045261588 -1.8146441967660452 -0.24225549632015594 0.3551184945042325 0.9105732137374662 1.2258267482900955 3.0303969631239687 4.422779111030233 5.959700517522538 6.017222192482548 6.596717513747256 7.092418311560502 9.287694308814606 10.437724369969946 10.862208183620188 11.086655190696778 11.78257159406593 11.909361633914637 12.52785961230476 14.274055646138608 14.971093772541295 15.026631084569674 15.58440505440442 16.43745926552081 16.669197813993097 16.813377364057544 17.394398641884784 17.672106407867894 19.415244903506622 20.09640929995464 21.63810575272326 25.443834038574384 27.600762752148118 27.673657681718883 
0.1875 0.5 0.0 -9.343212333783164 -8.939132158073098 -5.83779261047717 -5.542020852488032 -3.6231259534523503 -3.531052811414019 -2.9896615462995433 -1.3628112151886964 -0.2917287887818642 0.2591787686739443 1.0155789343437507 1.713866509135677 2.823255596204842 4.2291640289358625 6.13730140050634 6.209381912102748 6.572759087411899 6.990204658963707 9.271511401926498 10.255993764183573 10.801151064034816 11.376415083348524 11.885773642052882 11.895046163860235 12.150624231718897 14.316992834428554 14.954515579613982 15.701797942145594 15.753497802759167 15.774848201110897 16.106821666330084 16.817753788705325 17.263542540823384 17.641814791214927 19.647461867229776 20.657310775676617 22.007218122052738 25.415703084912927 27.13752513315191 27.361002671867972 
0.25 0.5 0.0 -9.166897512374867 -8.819134478596748 -6.218478244643251 -5.833145961550566 -3.740555516632247 -3.5360621107966272 -2.932480287571551 -0.9336797382692288 -0.39926175321299784 0.05406891545989758 1.1520457890817108 2.463771074183511 2.5912274342182067 4.033705860846692 6.043174328118901 6.257017518533506 6.443785332266936 7.519870146972211 9.224940290007467 9.617558257392385 11.198436560092102 11.225126927254774 11.569967291914903 12.038803074505358 12.442513293662392 14.383567526478247 14.91263756033659 15.167845509290782 15.443725006188721 15.906864610216278 16.474838091057286 16.868071388902866 17.07414740159213 17.602119696519814 19.854856386326507 21.099009549942707 22.402518657140185 25.266233522385406 26.90916468854476 27.298967623970977 
0.3125 0.5 0.0 -8.944233032339255 -8.678357972681889 -6.642754431391842 -6.138623021937885 -3.804753254163662 -3.4818681834546164 -2.873663429384388 -0.6162140636615641 -0.5571889703385654 -0.060871243889227114 1.3074639705761435 2.3693817743024814 3.323576284062828 3.857951657537169 5.560933410735725 6.359295696972618 6.6860210335827155 8.003638575948036 9.027714786588282 9.15426469881199 10.51116992557499 11.650570248602747 11.710958158881501 12.222825405958663 12.666408716876784 14.492166415176174 14.655850456353173 14.736947488005303 14.841666137243957 16.20901900765216 16.82567626571578 16.966511145577126 17.134435698092325 17.544584623488618 20.02376693882735 21.4227073916518 22.65126326157003 25.049201759730504 26.935724015622156 27.38889930127311 
0.375 0.5 0.0 -8.680490975487212 -8.53448891803395 -7.070276560991212 -6.413572197823932 -3.8349977119420577 -3.397352883080917 -2.819911620939232 -0.8651405490325895 -0.261937589062821 -0.10128809967053412 1.4582042631515522 2.1853703712199466 3.719285872227981 4.241810395333624 5.167188957907125 6.43709370110013 6.931023285415705 7.862918624696751 8.895873861801265 9.080949249916042 10.014868001750514 11.82527282328311 12.02133590667393 12.404664404111085 12.793554855619606 14.059934832934086 14.27445284239663 14.64784127739957 14.752058497606054 16.543130006985926 16.56254602492482 17.096649462410507 17.46811399501706 17.675256136188306 20.152615429560868 21.642590833326764 22.704276447199295 24.84902373146297 27.326023884168315 27.52019223761366 
0.4375 0.5 0.0 -8.41754222254707 -8.395300755477491 -7.46051936054369 -6.615408129357653 -3.848707384078065 -3.3213894103550947 -2.782671772544346 -1.0513987587858151 -0.11522728761595291 -0.07196353033544177 1.5721616123328086 2.065994031617029 3.633820990792933 4.902757845586437 5.175386818357185 6.487468061153671 6.948382785204097 7.350274897040112 8.855050297743059 9.027017496394217 9.985658890861743 11.900685384698757 12.265368171194543 12.534804092664709 12.841163162955013 13.51441153904485 14.04064413292783 14.674922787773525 14.821026192496229 16.27872117185566 16.900431760867217 17.209972071235192 17.350984803068144 18.032436021403843 20.22811291686772 21.75488639349043 22.65190916096659 24.71563142814174 27.615695712449654 27.99712705101443 
0.5 0.5 0.0 -8.370705677701471 -8.213378407100382 -7.678666635331781 -6.690739931576696 -3.8516836929709024 -3.290242464891133 -2.7682085540231403 -1.1204119735124485 -0.12119422256865224 -0.006618964619501361 1.617293024045671 2.025681532701116 3.604659461858714 4.808810632420277 5.909235549733479 6.356600980458329 6.505641902742918 7.372914075377409 8.74787935933839 9.006266454998828 10.099519482602425 11.930021132441102 12.354370301877232 12.582992361221688 12.850389915207192 13.29259454989387 13.96310149235738 14.644227303153942 14.912207448088306 16.159124751403947 17.14371151396399 17.19684679955286 17.25551199852506 18.153380144355836 20.255320533384452 21.783124011497172 22.62138199518875 24.66896926278994 27.64972020515327 29.007141468164516 
0.46153846153846156 0.46153846153846156 0.0 -8.486680773970026 -8.256079560531047 -7.538310417515797 -6.623934281490714 -3.858620708175637 -3.2982573678226226 -2.775021369546221 -1.0733954153969456 -0.1448508304126807 -0.02892707812086999 1.4713032683413332 2.188248545953284 3.59661108780357 4.857431512472634 5.484617209964723 6.27642311434046 6.946666134328187 7.360207411775114 8.388832621963713 9.434805331686471 10.04487580368914 11.900155283229816 12.32078000600312 12.595930081800436 12.8101444169102 13.378871067849056 14.011089731896172 14.686886036802099 14.850411237987812 16.231309838001227 17.003844666345323 17.167929355667226 17.28720347750483 18.103150453843263 20.232127823539724 21.76269908366632 22.592852291298925 24.79045605973968 27.494982021531584 28.31651860898053 
0.4230769230769231 0.4230769230769231 0.0 -8.78758467172812 -8.224024404343236 -7.333358054751163 -6.413827717321497 -3.8816371330744324 -3.3119220813435706 -2.799368117954574 -0.9442791565391163 -0.22053909449868928 -0.09783373191553024 1.2417631960399267 2.4682835237434326 3.5634702362596467 4.864563208281222 5.003389939568611 6.136018476649306 7.234293857810916 7.54861063517317 8.121094920539239 9.784382403425495 10.114281578777423 11.810976119755558 12.204723457856907 12.637911194823706 12.717451806136468 13.587637064854377 14.17143120797846 14.692238143544941 14.808979164170188 16.400427576006305 16.792396004169515 16.924341152851134 17.363304045003503 17.947251063626958 20.161396092595123 21.688119433490876 22.53162530009741 25.1217590468389 27.08737191200832 27.849879273461795 
0.3846153846153846 0.3846153846153846 0.0 -9.117621829927767 -8.146393267699533 -7.1806746059951205 -6.077885926094929 -3.9269787447615356 -3.3043869876367316 -2.83557089369227 -0.7792527753105538 -0.3322360230549058 -0.18759103553332113 1.0315689980437623 2.762937362157784 3.4766763884219847 4.253975693384474 5.243522236597512 5.970938314324654 6.976228223263992 7.865256631960563 8.277925218937485 9.694168494994056 10.632718983552794 11.664363350819645 11.987831105998758 12.63102320949398 12.716036318741846 13.831785508868588 14.472597810469335 14.472640013338411 14.994068891786439 16.448352108902412 16.58190635773429 16.696933786629653 17.444293357352638 17.69442040702999 20.03890661000863 21.537725058580456 22.474704585604258 25.57369105373268 26.56569332176467 27.523063282971837 
0.34615384615384615 0.34615384615384615 0.0 -9.436026431227383 -8.03574323441764 -7.064658949596309 -5.666356735372278 -3.988125170897793 -3.260655425914385 -2.884209798803724 -0.7269229428352361 -0.45836516297980817 -0.18942205754363206 0.8597165620236893 3.05456078518491 3.2960332734048574 3.6963799056898505 5.570452378610772 5.833533902549829 6.684386275055359 7.85118332672308 8.694993567017898 9.70586295421483 11.158213029104045 11.463697297795635 11.682752251162396 12.562738324438987 12.82756520596301 14.068642364207669 14.218077729589554 14.881431165533536 15.21538776962994 16.168648614570916 16.220232513419283 16.867399790578027 17.369845528877693 17.57079702525768 19.85363289463571 21.323105808768265 22.419894517257088 25.706775758056796 26.378223057033416 27.33510645102325 
0.3076923076923077 0.3076923076923077 0.0 -9.731717806525008 -7.894986858526347 -6.963409777914474 -5.223406779880978 -4.047793764197753 -3.1820495273722655 -2.9458340792778515 -0.8962106930087997 -0.6277571772153321 0.030026001409286057 0.73099510292925 2.971854502801349 3.242621521540902 3.340400325631307 5.733926995568694 5.97043900110067 6.429083487974101 7.785566959248285 8.937347489473536 9.950405359341477 11.20860760616654 11.332470944251003 11.632143077572458 12.501978719906422 12.956457774260318 13.943207729925108 14.295057913607689 15.255041928499136 15.452057046998407 15.839792235266676 15.990461371006512 17.003147202842328 17.036690050552572 17.76828528050056 19.59676959006633 21.080469506763666 22.32256702149648 25.15472841920325 26.713765118931306 27.490466449406515 
0.2692307692307692 0.2692307692307692 0.0 -9.998684524632658 -7.727460914040247 -6.869786604006609 -4.776089217285387 -4.083731210090117 -3.075530426691063 -3.018223958575683 -1.1656441999896443 -0.8487980219711414 0.33996961914992674 0.6448780390003553 2.543629886602642 2.883066174590088 3.6222760605728377 5.643599571322661 6.217172178768542 6.4274146602467646 7.747824340126368 9.035972073359485 10.315903924634275 10.897246866459927 10.965721095507499 12.0330217003616 12.446444394485642 13.05427207452216 13.664164867896705 14.46039555025465 15.342938501837528 15.495281908132425 15.711300066388636 16.12460691370349 16.802579974013014 17.086529014170537 18.012495309206713 19.280018083459296 20.834659358670567 22.134614668268746 24.52425074688738 26.849782893382503 28.088211640316146 
0.23076923076923073 0.23076923076923073 0.0 -10.233902633415534 -7.538150921815344 -6.7851341865616 -4.3602069110220345 -4.066596857074828 -3.0942838348603257 -2.947381517572993 -1.4753004257073488 -1.1029464918760892 0.5960069359794079 0.6614822766156544 2.1215972718764795 2.56165352492407 3.902910004999305 5.538057509641319 6.026352115424598 6.92055240858141 7.819608196750742 9.07765020062959 10.552252432932862 10.603657031731746 10.611388716805362 12.341875528159541 12.39263311942551 13.09320896970614 13.392216025091365 14.494082263079303 15.156213947895498 15.481882123378494 15.759253545354863 16.532096707519372 16.82602235353212 17.15048702404718 18.259454979870412 18.93096721904549 20.593417121859503 21.83077047398546 23.894948707562428 26.995145552707747 28.661817681247015 
0.1923076923076923 0.1923076923076923 0.0 -10.435320090726513 -7.332858514023784 -6.71295669323164 -4.113805676265251 -3.865764245356968 -3.1695432882495944 -2.8060082736983225 -1.7935975436024876 -1.3813989128232778 0.5776481531836911 0.9244655729016459 1.735905190024602 2.331782836948811 4.182054653028008 5.422426538605035 5.829111111217547 7.432973911061641 8.030557978856304 9.094344825361564 10.221025219129382 10.238468945023964 10.699716413185657 12.343506877218582 12.536456632169102 13.133447357002629 13.174920414608392 14.382833369249093 14.834374037030589 15.724468931017714 15.848891671606742 16.940658101724914 17.04869779412404 17.20542667038966 18.49405710664367 18.614010741092418 20.349690415616976 21.427894340113024 23.30299855663731 27.252996324099655 29.055162599334064 
0.15384615384615385 0.15384615384615385 0.0 -10.601658881004441 -7.120959219898203 -6.656231010072861 -3.9960878104882016 -3.5513742314662635 -3.2400099695225726 -2.6631249440114946 -2.0789771065335327 -1.6742575379285707 0.5804791531541196 1.0177644238960766 1.3923324333176965 2.3056082863030145 4.452012087697532 5.313503293301915 5.62406615497886 7.9321007558243615 8.344215878029244 9.09528813993903 9.874247185759314 9.926950325533818 10.532575499306894 12.30139136606486 12.641418541716767 12.884070208328168 13.365395297129306 14.158262092136837 14.540367150838838 15.944218193243291 16.173428795798547 17.16922409000201 17.2531541932266 17.40121576552566 18.407344722184494 18.698188787452327 20.090455709769728 20.954488780894508 22.76502585653261 27.615497930595122 29.364869297741006 
0.11538461538461536 0.11538461538461536 0.0 -10.731929060402596 -6.91659722652157 -6.61593312986225 -3.850042091210161 -3.3391585460837465 -3.2996373171508235 -2.536334595740712 -2.2668661982976754 -1.9627917990039092 0.5963180055354519 0.9301178318979764 1.0932823423408191 2.491971935879756 4.703129301339541 5.223263807983897 5.4280437208965795 8.388002045935465 8.70837036659205 9.089382018102649 9.53788833286444 9.694201737441613 10.20214291619053 12.264459818079535 12.650398675969695 12.650827431561256 13.586376399877153 13.960574148479719 14.293759389074063 16.18415337014831 16.5602618793536 17.247975890308165 17.293623928288188 17.757046580811945 18.38918507054385 18.86387095997048 19.808399240982233 20.441899377653254 22.313092523169804 28.065702611784992 29.646155601328765 
0.07692307692307687 0.07692307692307687 0.0 -10.825336544674357 -6.739606600999412 -6.590008747762493 -3.6685463670687435 -3.3449504753447106 -3.2962935428241393 -2.488015367817923 -2.300391247431069 -2.1799448216233457 0.6148430659532739 0.7869352100398881 0.8521716647015817 2.7510491104332457 4.914254822939037 5.159357688808599 5.264537529326893 8.751885069978183 8.992647830141614 9.163849849674063 9.258106680127021 9.550200714163836 9.863130270731185 12.237595191318823 12.437554704137868 12.510684983366414 13.778510009844055 13.903330932139648 14.106488195527776 16.365080417222533 16.93675272730095 17.268809664024797 17.324416481274575 18.101265196467637 18.50598225446056 18.984442799038945 19.51021061283158 19.920975110406083 21.97271029268918 28.662390827903376 29.933485414041165 
0.038461538461538436 0.038461538461538436 0.0 -10.881483830111236 -6.616226828159071 -6.575940388519974 -3.481135063438056 -3.3734020745521316 -3.350665150622574 -2.6311715672385825 -2.2359949316081624 -2.2117297639844766 0.6292931177035723 0.6759399085099557 0.6920161660763913 2.9588237566669555 5.059412248984369 5.123228616894242 5.152609509624721 8.953471135650423 9.010328694122139 9.069031325903506 9.420138849050598 9.518647183746355 9.621534225503764 12.221171677241864 12.277776649731438 12.310593591301101 13.906992326705444 13.931536229427016 13.990158793419027 16.439098387439486 17.233085999556117 17.319137974072035 17.34412648423826 18.455862519540993 18.651252642319907 19.05850462259868 19.232047518382604 19.423961593454663 21.76151774003548 29.56230682412066 30.260197723723998 
0.0 0.0 0.0 -10.900151011685692 -6.5706803830702905 -6.570680383069792 -3.378766840450471 -3.378766840450467 -3.3787668404492934 -2.7318933275910577 -2.1964130393911363 -2.1964130393907317 0.6389338836454198 0.6389338836461268 0.6389338836464195 3.0403394437901907 5.1160858159279305 5.116085815928046 5.116085815928531 9.004881901304534 9.004881901304536 9.004881901304568 9.537476552514079 9.537476552514104 9.537476552514343 12.223147419442673 12.223147419442688 12.223147419442732 13.957822002138325 13.95782200213834 13.95782200215987 16.45409689620685 17.362037796880198 17.36203779688021 17.36203779731341 18.745864878970956 18.745864878971283 19.09989232696797 19.09989232696801 19.099892339107612 21.69150154966611 30.494599041024944 30.494599041026124 
0.03125 0.03125 0.03125 -10.881665471537339 -6.595919048576061 -6.5959190485698 -3.4896585412240233 -3.357938068113695 -3.357938068111516 -2.628215131862281 -2.2253455527522488 -2.2253455527518904 0.6576020736520816 0.669778459745367 0.6697784597463422 2.958617649495087 5.11189659764091 5.11189659764109 5.112238790694443 8.982855029015543 8.982855029024803 9.069707308112578 9.389241121483389 9.584206429652198 9.584206429664833 12.252396593041624 12.25239659307021 12.303253657326666 13.936615536226508 13.936615536256994 13.956039640392525 16.440772787354838 17.26955538776133 17.269555416335418 17.35534239144002 18.545947332922065 18.54594734396688 19.055958098082737 19.33753296535765 19.33753308983136 21.759983163023175 29.60676801800836 30.142490715390345 
0.0625 0.0625 0.0625 -10.826009747377883 -6.663821846861504 -6.663821846848207 -3.707210925549147 -3.304243787876583 -3.304243787875746 -2.405606838584543 -2.2821475557744084 -2.28214755577383 0.7195092751232098 0.7711674995853869 0.7711674995867581 2.740851395609515 5.114174331099493 5.116384370995162 5.116384370995239 8.919886629603422 8.919886629635267 8.946691587343064 9.326457095288097 9.732401723700002 9.732401723760205 12.346460952026701 12.346460952121959 12.490501616048563 13.902836767166669 13.902836767348678 13.983683715376628 16.39243139916904 17.052720088713777 17.052720227363658 17.377517132509684 18.284568910904508 18.284569055663198 18.99129479240238 19.74939653661003 19.749397894783026 21.9598110022449 28.71998333709338 29.93039252055049 
0.09375 0.09375 0.09375 -10.733448981668973 -6.762359574420416 -6.762359574402746 -3.947541406391855 -3.2880530844057576 -3.2880530844046127 -2.3027776819136063 -2.302777681912906 -2.1572887421813745 0.7955107790462805 0.9319813665324787 0.9319813665337964 2.445017953373044 5.119091270315412 5.133579510534386 5.133579510534413 8.436943010013014 8.816473318254037 8.816473318293385 9.60755951047497 9.972334133564361 9.972334133693082 12.455563211945206 12.455563212188448 12.660050176844688 13.884776895746745 13.88477689667303 14.069286354053041 16.284799950222574 16.762827688517966 16.76282795122902 17.410789807452662 18.019631795452433 18.019632176787958 18.947126577984065 20.20090662775418 20.200913310373725 22.265645229783146 28.148865107316922 29.272757098306098 
0.125 0.125 0.125 -10.604260495334822 -6.876677725303998 -6.8766777252626845 -4.185411407526153 -3.3879696500554775 -3.3879696500551963 -2.211438422852622 -2.211438422852498 -1.911141878652139 0.8156270509504867 1.1442455381220213 1.1442455381227044 2.176807639430786 5.118832087125846 5.17231735563341 5.172317355633453 7.8756665402696635 8.689158468969955 8.689158468982907 9.908924660348843 10.260286955367295 10.260286955558016 12.51913154926811 12.51913154988019 12.74945545632402 13.935415485242894 13.935415487983146 14.23100690681966 16.130990882881736 16.455238183248284 16.455238518514367 17.381107499812124 17.735278366898434 17.735278894786603 19.014622008375426 20.662437677680394 20.66246389001684 22.648519900180936 27.72985911758502 28.992793142785793 
0.15625 0.15625 0.15625 -10.439184632222812 -6.993424506413438 -6.993424506358213 -4.411080248778376 -3.6029228443769763 -3.602922844375108 -2.010448058573792 -2.010448058573357 -1.6769601385143558 0.6551362669155403 1.4032707731225786 1.403270773123164 2.083571797784161 5.098582685394166 5.238143381561201 5.238143381561493 7.340314226210811 8.55574305311894 8.555743053133215 10.149164186731014 10.539948630717195 10.539948631021758 12.500633193047062 12.500633194368294 12.77939717761534 14.093901090241129 14.0939010975588 14.450320013445848 15.978335049458495 16.166867051143296 16.166867390770918 17.220318381692092 17.434788662743266 17.4347892046552 19.256773922050577 21.1162184097492 21.11630854628216 23.08197638174896 27.38127435634941 28.595925512668668 
0.1875 0.1875 0.1875 -10.238623967137148 -7.101817696041336 -7.101817696040908 -4.620562734742388 -3.8857459161081125 -3.885745916107606 -1.7500276182923042 -1.7500276182922858 -1.461669505762594 0.29284067859296237 1.7117548809645986 1.71175488096466 2.200224809278842 5.0372498529587775 5.339418093182644 5.33941809318278 6.906614498945269 8.433620010651975 8.433620010652001 10.271008960310281 10.740582227676217 10.740582227676521 12.427261008476414 12.427261008476538 12.788818369443065 14.349175874315444 14.34917587431545 14.673227499541145 15.893356340922123 15.919160530369833 15.919160530369876 16.944197931193845 17.139289539416772 17.139289539416783 19.646936446747684 21.54683402602148 21.546834026021568 23.547692030272177 27.072939474370354 27.072939474411967 
0.21875 0.21875 0.21875 -10.004415361329594 -7.1949545457712825 -7.1949545457709645 -4.814686042029701 -4.203557120574367 -4.203557120573952 -1.471614794766427 -1.4716147947663827 -1.279558697846063 -0.16420732515261616 2.0669710443346796 2.066971044334773 2.4118748377037686 4.909654081100951 5.473504020915486 5.473504020915495 6.6320685591708335 8.325048849167638 8.325048849167795 10.241216201741596 10.78183822030526 10.781838220305277 12.32427176980698 12.32427176980722 12.770510244422843 14.664327014239324 14.664327014239333 14.847003301249929 15.709481011087469 15.709481011087556 15.938234605446155 16.61629621148093 16.89931633797233 16.899316337972344 20.12586693398184 21.93231946713498 21.932319467135244 24.011154311801842 26.7810680838523 26.7810680838552 
0.25 0.25 0.25 -9.73682191034791 -7.267766328931061 -7.267766328930656 -4.994510308918167 -4.535843741006192 -4.535843741005822 -1.1995556598442263 -1.1973196528083179 -1.1973196528082832 -0.5773207042477143 2.47497009334402 2.4749700933441234 2.607921825462063 4.764004058796221 5.641426040003662 5.641426040003686 6.540340155856524 8.236584900174128 8.236584900174218 10.075120555279268 10.66049176227734 10.660491762277651 12.174942387374024 12.174942387374166 12.695179770151702 14.92439534589176 14.966550822274007 14.966550822274025 15.543179162824048 15.543179162824051 16.082004510315734 16.380676841171752 16.796584692451624 16.79658469245167 20.64249002841797 22.25607882230732 22.256078822307735 24.45281245628164 26.47649222434895 26.47649222435613 
0.28125 0.28125 0.28125 -9.438043377875864 -7.316152596643246 -7.316152596642851 -5.161722397308631 -4.868771671100787 -4.868771671100363 -1.4560863470195387 -0.9439989953144206 -0.9439989953144198 -0.6784106977878138 2.6872919195269684 2.9339657445300014 2.933965744530075 4.714945781498573 5.841441211167252 5.841441211167306 6.600273397821713 8.17159803146834 8.171598031468465 9.8100945558838 10.41916251453973 10.419162514539867 11.943461612663128 11.943461612663135 12.53479498215151 14.845198492920135 14.941709558954338 14.941709558954347 15.688683921801754 15.68868392180182 16.088751318693348 16.557574241146405 16.865184095783555 16.865184095783565 21.160235653723237 22.504820745619153 22.504820745619917 24.852100933692494 26.129450733569577 26.12945073357798 
0.3125 0.3125 0.3125 -9.110753385440278 -7.3381586801955505 -7.338158680195202 -5.321578000436933 -5.194257180342802 -5.1942571803423725 -1.9252195448412803 -0.7183771849208394 -0.7183771849207439 -0.5759554428989642 2.601104569395599 3.4416300461873885 3.4416300461874694 4.839329064449786 6.066029651605146 6.066029651605163 6.768766618244805 8.129158450194195 8.12915845019423 9.482689601753647 10.099218148923352 10.09921814892365 11.620195131094938 11.620195131094983 12.287855307749627 14.577279944784676 14.627148756942221 14.627148756942248 16.104263370744587 16.104263370744608 16.21516941765534 16.903149800393514 17.056805453165264 17.056805453165275 21.640809564687906 22.660514274133877 22.66051427413469 25.197669873998347 25.777571115349634 25.777571115359336 
0.34375 0.34375 0.34375 -8.757537033453355 -7.331958613130043 -7.331958613129554 -5.504384445911566 -5.504384445911156 -5.481153944112929 -2.4100674538852704 -0.5250422023449708 -0.5250422023448823 -0.44627243620709034 2.402303814675277 3.9938764253190513 3.993876425319176 5.105414074836605 6.3146706972394915 6.314670697239493 7.029352982958573 8.103563075817327 8.103563075817348 9.117256996543695 9.734810571753135 9.734810571753417 11.228297891666204 11.228297891666404 11.967489669927483 14.224124140058748 14.267168452560663 14.267168452560691 16.491565923713484 16.549692700066828 16.549692700066846 17.261594193271254 17.3112085463887 17.311208546388755 22.044300773498648 22.7097402725752 22.709740272575864 25.50056842259654 25.52611471880273 25.526114718815627 
0.375 0.375 0.375 -8.384844396582602 -7.298315712543832 -7.298315712543442 -5.794881932173185 -5.794881932172824 -5.653486828713859 -2.861170150100231 -0.36643034823520326 -0.366430348235198 -0.328187326472268 2.169996124662543 4.5807460725389335 4.580746072539051 5.441838522594493 6.57842861251872 6.578428612518727 7.358069059693684 8.084073121401236 8.084073121401238 8.738226229326772 9.333283649864212 9.333283649864233 10.796126146063427 10.79612614606345 11.573661529025232 13.880164175402417 13.925513450980171 13.925513450980178 16.83828851014078 16.954531533543857 16.954531533543868 17.582474753370715 17.58247475337079 17.59034351091722 22.31524658406098 22.646520602987014 22.646520602987742 25.463550704636756 25.463550704652206 25.75369489399632 
0.40625 0.40625 0.40625 -7.997249367117287 -7.238628385159907 -7.238628384995449 -6.058579223275297 -6.058579223202571 -5.852135364169763 -3.2480154767098823 -0.24600707525401228 -0.2460070752536668 -0.22822198714736414 1.9588092581070184 5.1889682858672135 5.188968285869277 5.806705706549474 6.845152427915296 6.84515242791748 7.68427977586332 8.061279192911604 8.061279192919956 8.425895822901946 8.910569754552936 8.910569754603344 10.362746725317164 10.362746725350613 11.115270924332371 13.593595512235606 13.633025019768295 13.63302502336334 17.200099716543356 17.2787464287402 17.278747124319885 17.83928576918551 17.83928599875393 17.862065484166028 22.412698923404555 22.505339446720555 22.512411245436898 25.54980146744638 25.608014256289437 25.99128167941335 
0.4375 0.4375 0.4375 -7.606250040949866 -7.156822759393628 -7.156822759206272 -6.2873271886293844 -6.287327188565196 -6.089035752666995 -3.5435551668347633 -0.15822145592811487 -0.1582214559280312 -0.1509935333997819 1.795934602800836 5.808243788626261 5.808243788628433 6.183220380303405 7.085950694177456 7.085950694180552 7.673105578787644 7.983461395627025 7.9834613956286695 8.512156368523932 8.521194932077842 8.521194932092698 9.97743327903891 9.977433279101303 10.606949866961754 13.38692534165121 13.409978265186261 13.40997826701449 17.51231609809108 17.512316564621496 17.530732307337804 18.049987640413484 18.049987698980033 18.069991218163402 22.347938496201355 22.351605889191937 22.356379571986114 25.39315912036164 25.913675328894364 26.219213096629073 
0.46875 0.46875 0.46875 -7.238925237835351 -7.070429805914472 -7.070429805712758 -6.463386476876946 -6.463386476850708 -6.357887924015636 -3.7279516228927734 -0.10691292209919992 -0.10691292209909985 -0.10533787522279275 1.6933342876926711 6.41167932217967 6.411679322181109 6.563454659144232 7.210245530342364 7.210245530344663 7.340466093776284 7.753287813022766 7.753287813023385 8.300091287433009 8.300091287434652 8.963710123958831 9.698388468468526 9.698388468570823 10.06674283762352 13.263460986753275 13.270064507969517 13.270064508340782 17.6493500737271 17.649350138892434 17.766503320729505 18.185686097650613 18.185686172883003 18.191033196228233 22.229976750754304 22.2309259695738 22.2411679906607 25.34410833736944 26.273925161359873 26.393348029021062 
0.5 0.5 0.5 -7.0268698293752925 -7.02686982937477 -7.026869829170318 -6.538239991244429 -6.538239991244047 -6.538239991243792 -3.7906394850416656 -0.09354872382438127 -0.09354872382432115 -0.09354872382406149 1.656679858155778 6.907929884205286 6.907929884205433 6.90792988420583 6.988153716668044 6.988153716668522 6.988153716670524 7.616340743370462 7.6163407433707695 8.239458384028943 8.239458384029207 9.414283670528867 9.588695986108366 9.588695986108531 9.588695986299197 13.220998973022013 13.220998973022052 13.220998973022073 17.684207874736483 17.684207874736543 17.843081474772113 18.220995591309727 18.220995591309823 18.220995755669385 22.1857114630497 22.18571146305031 22.185711463050712 25.328495775228834 26.45062023051741 26.450620230527807 
0.4642857142857143 0.5 0.4642857142857143 -7.178986909058354 -7.15250035401534 -7.0120368950153384 -6.525058069908047 -6.402206447772206 -6.3960820045146995 -3.7361495628348442 -0.11301271397655847 -0.11191501035924482 -0.09118112649586353 1.688862295084616 6.392373274823713 6.422400303172691 6.869607113913145 6.87148814271604 7.262016797903951 7.416482996710806 7.662452942104504 7.7952354403900515 8.246836938583979 8.329573240062395 9.022236727680024 9.598174456574213 9.722781792215873 10.051399862661357 13.253350759104935 13.26228216354722 13.269837576885744 17.635901299725756 17.668028786805635 17.780262995368975 18.175263514928748 18.184811880808454 18.21602835156467 22.198042592304752 22.238030203324428 22.247111542260264 25.343671081091262 26.297279448161298 26.326341187071684 
0.4285714285714286 0.5 0.4285714285714286 -7.4566272403718035 -7.3831291824282985 -6.969077693923044 -6.487904761512814 -6.152589445614761 -6.145431286848421 -3.5763444821596377 -0.17857535087910012 -0.17425032022192125 -0.09278645913015295 1.7790075923056243 5.776832797260015 5.873359323081271 6.641309720389556 6.7640871587493745 7.0795634402838425 7.712557146397958 7.8479383448190285 8.121973736854345 8.278988959735385 8.579353769265829 8.751817827349498 9.621592401494954 10.0544150998268 10.604844985529875 13.344113855256799 13.380322420366356 13.411104375175348 17.467884271009734 17.51336958731005 17.669856036778487 17.998658399227107 18.0636346445419 18.175688886246505 22.225235542505338 22.380932106672002 22.388648366139506 25.38615589983516 25.953517829460658 25.980501507113523 
0.39285714285714285 0.5 0.39285714285714285 -7.752310824705427 -7.625759049922056 -6.899594991381831 -6.42710434194544 -5.906923105781147 -5.859919207683774 -3.319916107584999 -0.285814496186769 -0.27586389629096886 -0.09553648665678868 1.9231448380904046 5.13851032905956 5.3218642813444745 6.383198848367629 6.624603981160978 6.737780611383048 7.779133966360641 7.78995175303941 8.378298898551801 8.39848664323074 8.94802005721536 8.95376205451176 9.674012114279927 10.491384797499922 11.149895701312587 13.488226297335428 13.567623375263073 13.642965633244708 17.18918562505567 17.210579898717373 17.58651069311352 17.712405236805008 17.862137883177603 18.1101205716825 22.251768853163902 22.507986452780173 22.581068230137127 25.50532581888699 25.594657164827893 25.632544095991516 
0.35714285714285715 0.5 0.35714285714285715 -8.041281646375586 -7.860726846628481 -6.803431048126128 -6.342850390234445 -5.671316920174642 -5.563550462271165 -2.9817751635372356 -0.4339169445895875 -0.4151602872377031 -0.10170101890406147 2.1129042346370603 4.498967239024152 4.78887566896729 6.087635471200514 6.3876912521154425 6.4707574798951075 7.5427922834762064 7.7064484697117175 8.572604094412265 8.680977318314152 9.311427957616123 9.375119624397795 9.797113519939064 10.961351730687262 11.660754962200166 13.675087129781511 13.813309712320379 13.956918962721675 16.81522568831627 16.860394301547373 17.343920615773865 17.482601471077324 17.59087607764227 18.021538572372403 22.24933527557257 22.50845269197753 22.77392704216029 25.28730442875731 25.378764796121914 25.844229842825865 
0.32142857142857145 0.5 0.32142857142857145 -8.315857108272267 -8.082621549369776 -6.681908692793033 -6.237364304182904 -5.442022353333312 -5.261634028821543 -2.580538089418017 -0.6188273911210569 -0.588481263809963 -0.1053319339641427 2.3271520216135064 3.8656235981033893 4.28962766845886 5.717975092551963 6.117809231051565 6.318247982344109 7.297337584888171 7.587763734023905 8.751702083281163 9.012944204072419 9.547961293890095 9.816987852877729 10.064752185943421 11.426571335834828 12.110244973747516 13.892338931576909 14.105829498973867 14.339710648919434 16.360810782634868 16.51966063542204 16.938628044148025 17.271180611579553 17.368064286630712 17.927816636970903 22.18124966773051 22.361728198737723 22.871282399748086 25.028162234006846 25.454606553510967 26.098132013949638 
0.2857142857142857 0.5 0.2857142857142857 -8.568803267273653 -8.286541222760889 -6.536365147219983 -6.111860907050691 -5.212166531384523 -4.956885365865421 -2.1398783281598743 -0.8306698118795415 -0.7891600533660974 -0.10571248907075693 2.515618293376637 3.255361713512777 3.8779673437433955 5.313995963637709 5.91861096232043 6.179114738393436 7.087351437747191 7.459916399734315 8.914495339276844 9.358968536068312 9.705843407761494 10.244141292647358 10.41353537867278 11.858191933783521 12.472323342766765 14.121520961750218 14.425896911712254 14.769397896210736 15.853847328141745 16.214151125660685 16.560347778770122 16.916923241770593 17.244842022040423 17.829181103385174 22.0233181632726 22.097367662459295 22.81393447717524 24.954868706560305 25.709370219069378 26.084059809754045 
0.25 0.5 0.25 -8.797885144846186 -8.471965113392836 -6.371654827646037 -5.970592987631156 -4.978595091413441 -4.654596003058404 -1.703795218138659 -1.0444570912826503 -1.013722637496338 -0.1054664072851275 2.537636054198925 2.6656229932110596 3.6755049943311384 4.915121155086202 5.765107346287203 6.054489588581959 6.908986241706213 7.338942581460134 9.041575201213098 9.708378463729552 9.869071863999517 10.6240397996865 10.72846309421651 12.207835873364466 12.730554108700854 14.341550504223221 14.695809411176382 15.211695438518237 15.379718256041272 15.963884375433548 16.284972876474217 16.54279466045481 17.12485776437849 17.735151762424607 21.746589409315977 21.758410242940542 22.630812985911454 24.93408994468313 26.166740052254056 26.17830339941861 
0.2142857142857143 0.5 0.2142857142857143 -8.999731025789071 -8.635731286171113 -6.1890905374299825 -5.816324431934737 -4.736217652942839 -4.3517562828137555 -1.5205580317162453 -1.2564150646523604 -1.027062475888577 -0.09675348736900888 2.1122708303298903 2.305434250807459 3.767785107598482 4.5410853196821686 5.651531503839194 5.957364035380914 6.761477403723578 7.245857109203828 9.136942838668755 10.060429085984941 10.069208068605471 10.936536132771094 10.972987306306399 12.387904021623562 12.98132848421712 14.491162678927028 14.531666957463662 15.374130984360477 15.60898633912777 15.789051940761048 16.131777248548673 16.24814838085239 17.018414849777503 17.657155756980497 21.348353648139053 21.406819347618352 22.388136678578636 24.93723880284398 26.381382161422867 26.698768713116067 
0.1785714285714286 0.5 0.1785714285714286 -9.172820759920379 -8.776750120521497 -5.996589017659259 -5.655609753621096 -4.485727200070109 -4.054871186891978 -1.7424831154276392 -1.509812318513365 -0.6572567183542177 -0.06240375510520353 1.6090390960676357 1.9569211455704068 3.9980466644405843 4.201938082515226 5.57832053853265 5.890837661534993 6.6405606587891315 7.198886875797809 9.200254860319736 10.301231094169632 10.40042875594125 11.081891547643966 11.11569813571662 12.431406898324783 13.28463992575625 13.945993835443447 14.676325947858947 15.576876231161382 15.61263333534161 15.793694751278153 16.207974128884523 16.290954946161847 16.934765070704056 17.606538418160508 20.91891245311604 20.98605868709273 22.126001600703088 24.956381373219422 26.715759525396347 27.128162298822247 
0.1428571428571429 0.5 0.1428571428571429 -9.315448209980683 -8.893134214414742 -5.80179157056146 -5.4959084743988456 -4.227559479114593 -3.7664229786085714 -2.031160381727857 -1.763253754160978 -0.356220870735968 0.06161185214388789 1.1812329340770464 1.6030803399576468 3.901564760118299 4.237347688767163 5.5463361043958415 5.8581178594165 6.542518147737311 7.21929710508461 9.243259734987413 10.558619396236141 10.706166805864491 11.010244219869087 11.13777898769375 12.53619006531649 13.385925433250089 13.590185354003694 14.777818993463166 15.208989883816816 15.59362398143258 16.16640735935076 16.475434545492973 16.56511352719121 16.87809198512852 17.59294532763039 20.47877076372191 20.528364794198808 21.87730052079488 25.0079167722528 27.1015665829742 27.447613242435196 
0.10714285714285715 0.5 0.10714285714285715 -9.427423179618268 -8.984818758216617 -5.616894327952919 -5.347588088077747 -3.96700314625515 -3.491667511517356 -2.327869929257557 -2.009775212315715 -0.24002685422410858 0.24353238262979884 0.9143590777915528 1.2886229538417577 3.641285848734524 4.42648876982834 5.549736814790779 5.852560417263376 6.462101754986853 7.312068321861427 9.268930470480273 10.669577750031396 10.832786096190638 11.049560040815317 11.080751816162062 12.746129603043276 12.874464815845913 13.85940591253902 14.817129737262158 14.854268256692679 15.569791834865535 16.57539541433894 16.736001728527544 16.852167660876727 16.891588583762946 17.616206452606896 20.04562385833405 20.06064162200851 21.652554954886114 25.09265399117985 27.44518256201748 27.75582270239961 
0.07142857142857145 0.5 0.07142857142857145 -9.507801109285447 -9.050730904490594 -5.459564510735706 -5.224407805929804 -3.7091698924217518 -3.238873060708643 -2.618847172779842 -2.244430653193218 -0.19750590360495626 0.19262961780969876 0.9656945737892221 1.0397270400252274 3.429549645433769 4.549070532384349 5.578762010140312 5.8635021742647275 6.399527440383241 7.46635140239573 9.28075431762895 10.396883566118426 10.870174870314969 11.122971929411749 11.310876394628144 12.434292205960391 12.999211887539385 14.068421603672004 14.440093763148246 14.914191155971528 15.545571090467865 16.834531866863767 16.959532708491984 16.994294635938566 17.16252545541148 17.650099875486486 19.61874997236063 19.643571526855585 21.471404855245122 25.22150283960745 27.815297696819965 27.96247488052221 
0.035714285714285754 0.5 0.035714285714285754 -9.556223959869255 -9.090581551765641 -5.351297799002783 -5.141464362877889 -3.458677183413513 -3.017679461089265 -2.892228302002249 -2.4545881696237157 -0.15755911067478276 0.02973288297649284 0.8807888052234508 1.1322298610103896 3.2815307948760513 4.613182542679115 5.612179864819308 5.871721096511653 6.35550313440907 7.619188745872674 9.282622995144967 10.185732843441652 10.691874301276622 11.417797733322312 11.474753610533343 12.059110680675024 13.2473630369384 14.108798937109484 14.202053907505386 14.95607846191027 15.523986644589371 16.831019864682073 17.175228847117406 17.26485647379258 17.391159676652045 17.686895528750757 19.268796761964243 19.327573305921618 21.35317926359484 25.334984478798784 28.073694355461384 28.240824563203887 
0.0 0.5 0.0 -9.572254741453225 -9.10376006074598 -5.312290079764647 -5.111931746961673 -3.280607728907434 -3.0769298724104774 -2.895859376992561 -2.5713867723753285 -0.09158788026656205 -0.0817145223204975 0.828307660546529 1.2046322437545065 3.2276596179090227 4.634874864515604 5.628819100363309 5.876064620917516 6.343158705197492 7.686239795185101 9.284480930795022 10.109140868016695 10.616290690043114 11.538418718539582 11.71281870294876 11.748222185237482 13.38982717863357 13.939740401136618 14.249190608846261 14.972423450530457 15.515312426292057 16.83507543142855 17.237489070874762 17.3918839804573 17.498084370727483 17.705187377795845 19.12472904213757 19.197803659846826 21.31272428831194 25.37879439443303 28.128352877794068 28.49975160776993 
