 4.5690828  4.5690828  4.5690828 90.        90.        90.       
C  0. 0. 0.
C  0.        2.2845414 2.2845414
C  2.2845414 0.        2.2845414
C  2.2845414 2.2845414 0.       
C  1.7344374 1.7344374 1.7344374
C  2.8346454 2.8346454 1.7344374
C  2.8346454 1.7344374 2.8346454
C  1.7344374 2.8346454 2.8346454
C  0.6688336 2.2845414 0.       
C  -0.6688336  2.2845414  0.       
C  0.        0.6688336 2.2845414
C   0.        -0.6688336  2.2845414
C  2.2845414 0.        0.6688336
C   2.2845414  0.        -0.6688336
-77.72046037
56 bands 
kx ky kz  bandenergy1 bandenergy2 bandenergy3 bandenergy4 bandenergy5 bandenergy6 bandenergy7 bandenergy8 bandenergy9 bandenergy10 bandenergy11 bandenergy12 bandenergy13 bandenergy14 bandenergy15 bandenergy16 bandenergy17 bandenergy18 bandenergy19 bandenergy20 bandenergy21 bandenergy22 bandenergy23 bandenergy24 bandenergy25 bandenergy26 bandenergy27 bandenergy28 bandenergy29 bandenergy30 bandenergy31 bandenergy32 bandenergy33 bandenergy34 bandenergy35 bandenergy36 bandenergy37 bandenergy38 bandenergy39 bandenergy40 bandenergy41 bandenergy42 bandenergy43 bandenergy44 bandenergy45 bandenergy46 bandenergy47 bandenergy48 bandenergy49 bandenergy50 bandenergy51 bandenergy52 bandenergy53 bandenergy54 bandenergy55 bandenergy56
0.0 0.0 0.0 -12.44520706585319 -7.618298458267959 -6.07360405465206 -6.073604054652045 -3.8533127747247686 -3.8533127747172156 -3.853312774717185 -2.7021900256143994 -2.7021900256143225 -1.8586107885855574 -0.18804494483454032 -0.18804494483452774 -0.18804494483449538 1.9319931028952126 2.398072600306946 2.3980726003069597 2.3980726003069748 5.438529289027612 5.438529289027629 5.438529289029363 6.7599657742132635 6.759965774213268 6.759965774220953 9.311287180645763 9.31128718064579 9.531867644052051 10.909196312188344 10.909196312188355 10.909196312203884 11.834169451677141 11.834169452391732 11.834169452391775 13.462819018416628 13.462819018453505 13.462819018453509 13.711042996481519 14.500928492984908 14.500928498756165 14.500928498756169 14.661159868601194 14.661159868601207 16.137008962076116 16.13700897068887 16.13700897068889 16.86564477764149 16.865644784938638 16.865644784938695 18.367903986347166 18.367906451408235 18.367906451408253 21.894372600949303 21.894384124964606 21.89438412496471 22.264420537638888 25.2861333497588 26.064185452597737 
0.0 0.0625 0.0 -12.435984487631485 -7.631468517395131 -6.161616674816435 -6.055778620550314 -3.8517604900821216 -3.82808826740012 -3.750689263350636 -2.7756528789753525 -2.662609377791165 -1.9210822494238238 -0.2760099117580142 -0.15468923554023248 -0.07304312402445629 1.8402585378032366 2.2072666907053105 2.528515053989401 2.534303127045185 5.436658296795629 5.470883115660616 5.5545754290121545 6.603363155057827 6.804409207707975 6.907817576113619 9.01412581994081 9.306565660664022 9.450720267855838 10.872688722073585 10.913997324383264 11.028423399944375 11.834865195028149 11.895858229172697 11.937034183046391 13.30318815422017 13.456689631318264 13.464197218415553 13.706212053127395 14.423262591100029 14.489451131738422 14.545418599690151 14.590747903844665 14.735823268234808 15.71704774745031 16.14735990972506 16.385635921108737 16.83127572209722 16.881813919772927 17.06789699655636 18.167751459402133 18.38816940156169 18.626750445601886 21.854083556987295 21.882431003954196 21.908865372916658 22.322411933997188 24.988676571804312 25.863553609629882 
0.0 0.125 0.0 -12.4089719056072 -7.676614867540163 -6.35754671546077 -6.001419543211458 -3.8273324124602857 -3.7724343809532637 -3.5555903542804623 -2.9652445444358415 -2.505739221802861 -2.05423027219906 -0.44801883228555095 -0.13247452841267487 0.2189896674887968 1.6657662512245583 1.9480364683209306 2.641836507601419 2.8387946967889763 5.457691534600538 5.562296472133331 5.806303474774564 6.420021016338854 6.941660997187708 7.132098775295504 8.302891760098571 9.282168883743019 9.363819199944665 10.827307384678289 10.91615537441905 11.089254227242495 11.826380326945467 12.07638053624204 12.185731260695343 12.916218364596137 13.436369144467202 13.474719910227071 13.686201170128765 14.318256596853775 14.331354951292257 14.572656990514734 14.740586612995571 14.809898206551402 15.204982082770186 16.181371651411084 16.38918272168509 16.783091510719313 16.866356471958145 17.570759234501182 18.1414935256347 18.443041540773027 18.897366188954816 21.767535927147378 21.85903963885421 21.931736262648553 22.482205445805953 24.649299676137577 25.57095450630031 
0.0 0.1875 0.0 -12.366997482509872 -7.768551145494991 -6.549684575164622 -5.910607969704706 -3.7850634673691848 -3.6864605758955924 -3.50113514887392 -3.174111997227052 -2.2839564159966415 -2.051431721786259 -0.6882585778887733 -0.10682942268744691 0.5884018098246708 1.474696215165877 1.6478085978562753 2.7679874270749028 3.2307867347185475 5.410828146953306 5.695982371253008 5.984515324224492 6.405711113481853 7.052430839240138 7.491626966379128 7.57962063052563 9.169738454521465 9.323700227797254 10.799917389683257 10.895519356377912 10.929400518494301 11.72816972814278 12.330053943597926 12.48247619495201 12.515371230990427 13.390692609967264 13.505053433191675 13.581087164866616 14.104022062459865 14.199973446088881 14.598033575549243 14.659996598727968 14.827899348237079 15.135357197610567 16.14474517287625 16.26726322617195 16.7162920100946 16.827161542301877 18.209652758702354 18.29441972003786 18.528209362693637 19.14692553868119 21.646233764189375 21.836305831515645 21.96468513104216 22.714386548957357 24.27292923538237 25.431844551870405 
0.0 0.25 0.0 -12.314945883001696 -7.912090404164587 -6.676005540241119 -5.784624396240477 -3.7318541334963222 -3.709354674699628 -3.5725772414215613 -3.295536178412411 -2.3436531195384145 -1.5460842126847743 -0.9685073884800214 -0.07681413331453703 0.9671717463794144 1.291390374737611 1.34689897923187 2.9235100977555657 3.662475454411514 5.264774838183344 5.815909967623079 5.8467440446676315 6.478231009223362 6.837451661009131 7.608010209264407 7.965184920985321 8.990784705069133 9.305942286385676 10.509434321088895 10.794144529621406 10.947651088885483 11.440209776635191 12.291901099196767 12.601523246122676 12.719535298881016 13.29673971135762 13.333112943768741 13.524519584871472 13.961851379533423 13.991603816542522 14.291152077010938 14.62340676747823 14.808796844897891 15.526696011019975 15.769376427511398 16.487803322621033 16.621224214428487 16.788072827261892 18.52918505803248 18.603902975809323 18.866069976480343 19.362927577595457 21.51239128017027 21.827386693465602 21.99259201335288 22.97967907819625 23.866766537631154 25.413617664071108 
0.0 0.3125 0.0 -12.259921429760997 -8.081858252510642 -6.73271955525424 -5.624516768582348 -4.017709944194441 -3.6756722137673323 -3.4391372799574453 -3.4039630240226058 -2.3911197041065844 -1.2536208167108729 -0.906548189629216 -0.04495199171442179 1.0753408470119854 1.105814035823712 1.3251960426556841 3.1050683303493773 4.076645201248097 5.031839531877402 5.543685051343871 5.62761135762287 6.200736838820069 7.389389446407242 7.895108349532504 8.489835382696741 8.787077052659898 9.290307535602556 10.044846729491159 10.80280191319022 10.953209117128784 11.054816151029797 12.194398397375695 12.802262608518827 12.849674842723042 13.007596812539301 13.12056895449284 13.312048261839857 13.853664038568285 13.891887326362777 14.28547225819613 14.616211004530129 14.773262457561781 15.454371981520739 15.732297454010277 16.50699494937141 16.75178901953463 16.899303352809234 18.68025568285032 18.76096943672476 19.43176710158774 19.53239814678691 21.38653881679479 21.847101158547197 22.009301649120225 23.23401650267311 25.433143131134464 26.673047898733937 
0.0 0.375 0.0 -12.21078548856911 -8.237370051914098 -6.746127452632134 -5.432259768043363 -4.333734320292593 -3.6250794044301333 -3.513928771878732 -3.299961135174027 -2.406144549412542 -1.5102161011734596 -0.24405384664379481 -0.013874119884600659 0.8596421697066321 0.9940546998423986 1.5413032029890532 3.3075371907105553 4.369990545774322 4.75781973355698 4.883557249283762 5.49151310794454 6.495100226153425 7.959888568934048 8.100719347056133 8.549092731195442 8.978207151919706 9.303873117171014 9.653672852396785 10.688228485381348 10.815549134535138 10.922222191445552 12.098029088841324 12.721778439693214 12.73691581658424 12.80378886022114 12.873922142047936 13.296899789339584 13.849270365940646 13.858645116932491 14.312350307228561 14.534880650015273 14.73909493408841 15.40076941367563 15.812437539331174 16.385333895581237 16.7191718229654 17.36619485606999 18.72603885039612 18.94736533853435 19.65839089203766 19.846311089116664 21.283778613168284 21.919842022784845 22.011258306386026 23.436426709134142 25.542858010150873 26.63493279614436 
0.0 0.4375 0.0 -12.17582109950327 -8.3440617992074 -6.7424074173221085 -5.214368566669049 -4.630001139295898 -3.593089045431747 -3.5903238125279477 -3.1850110320181644 -2.406253582649982 -1.702140109262953 0.007822609653532412 0.32308825818150555 0.7206727323355385 0.9723135204795252 1.5757033639221458 3.499859812096219 4.182813602559201 4.510158259242642 4.760364482211736 5.410454483710697 6.891276604621468 8.132669315336567 8.202792927803335 8.458174430700842 9.308107859916923 9.391064347955913 9.522308232637426 10.37195987911748 10.820674781447527 10.870534601838402 11.975971592434531 12.421140548623809 12.597825938726086 12.619234644325523 12.87756842048815 13.438587540663459 13.782663119121125 13.824182361099483 14.199354632879535 14.589167949579503 14.717730290090145 15.506969556124265 15.83925676342071 16.278580576476905 16.693627423157437 17.730320396041574 18.736787842032967 19.06581289714334 19.736310401141907 20.074794913740696 21.21109190260542 22.00118860612622 22.020320571878802 23.56232315753516 25.665616938903796 26.52665711883256 
0.0 0.5 0.0 -12.163600407676592 -8.382305561393368 -6.7397697695590395 -5.045897720697945 -4.826739536007806 -3.6236618543919823 -3.5788863691262662 -3.1391508084536475 -2.4066593093521154 -1.7770079983134388 0.015285252170852179 0.5375492994139088 0.6700168030151847 1.0701463881676796 1.474984918980325 3.5915755072083138 4.003293458091707 4.394082291938738 4.810397516739734 5.380011984281973 7.159089644715358 7.92300070076955 8.123143146750746 8.684157554020532 9.384896856092315 9.39465857495702 9.61450785464261 10.200134877620828 10.805743048549322 10.85610724276735 11.91394973034446 12.31798195262913 12.518603620912376 12.559688824553433 12.874894018864017 13.556565296513035 13.661256404364286 13.812145154795422 14.160550076899614 14.625890787795443 14.70619828607876 15.566672276279977 15.84404405488321 16.230604936783124 16.682029575489228 17.861920866581634 18.72806143060966 19.099344950108296 19.756905698038743 20.132061638670407 21.183932038218977 21.993922006591955 22.060697363232066 23.603126091575135 25.72557174891035 26.45475954358735 
0.0625 0.5 0.0 -12.155467778665757 -8.364890381578704 -6.766317515388317 -5.0784496724190165 -4.955874364656358 -3.650728116906452 -3.3634532021003647 -3.1245988975745393 -2.4922593221906664 -1.7665137322215403 0.11124638802711638 0.4527852010091679 0.8410923296460363 1.0364581682199074 1.4820355759673847 3.423116066924943 4.003791608491507 4.3612539716065575 4.917151946473916 5.518808309608055 7.2261389165750405 7.801102213171031 8.03767782079658 8.786232411964868 9.313112544814027 9.369056830436639 9.643580785469688 10.094072011968656 10.764714947855433 10.896365822945024 11.917083827411332 12.133816366498138 12.530419784737433 12.58476346057721 12.890515040276004 13.637363045391401 13.726103719649108 13.865093514268121 14.151046734189412 14.429729002783011 14.659957982819114 15.538958449739171 15.88877624403079 16.590715866881318 16.664060263734672 17.878035551327844 18.674108081989306 19.079406070894567 19.78302432309718 20.169458517561395 21.15905101719978 21.96031970869507 22.105544944994122 23.006370664091705 23.569595674267415 25.7650024039495 
0.125 0.5 0.0 -12.132384601151191 -8.314045942939234 -6.851370074831097 -5.180982359051456 -5.17443219003283 -3.7133573190880225 -3.0871923358068165 -2.9251354870070263 -2.674914822072922 -1.7367842223047134 0.353443237841353 0.35563936945563795 0.9509270354798692 1.1690233803813475 1.5002661303939382 3.0905552834292727 3.96900066616001 4.270458445465615 5.145740071578449 5.868609626043854 7.365915656883089 7.4211851014191 7.996699009788214 8.942326041099983 9.120125290332274 9.253364592483628 9.718393896901693 9.874720165158493 10.619964584724674 10.955385706715553 11.764813536067257 11.940589351089152 12.582776303646705 12.800116064131121 12.92232650318448 13.475840163464204 13.584074024076937 13.733568310120768 14.09782627709895 14.657781857195527 14.77455202294214 15.481986256749474 15.9560878662786 16.609142051595555 17.270553561456275 17.911564505745336 18.54896526073616 19.007162928819817 19.83296541937494 20.251488453976425 21.08611590673304 21.922307844135364 22.160783085282937 22.902751375115688 23.45992915796003 25.85950073388189 
0.1875 0.5 0.0 -12.09638645041063 -8.231405823593539 -7.000123824500545 -5.351010624385878 -5.323468671184589 -3.771449606271806 -3.0515341193014502 -3.034066031482809 -2.2711810016884053 -1.6734732089581592 0.23440169318175583 0.6716208325637237 0.8731827316832077 1.5374537260904515 1.5453140988955378 2.7968706299267523 3.902900640160868 4.140395797260428 5.415951827539215 6.321257102844798 6.75853089769947 7.728119141730981 7.962006734391972 8.847761450645201 9.014804993312667 9.115615474435181 9.617389299926332 9.784710331937955 10.436668398553138 11.00289831266432 11.472359694489267 11.955885254370468 12.65889665428809 12.926153925479309 13.093350154870413 13.096141945735933 13.309884722479126 13.539055968039909 14.01210369706054 14.944491843091294 15.356094814230751 15.407345388545908 15.951132831570026 16.518059413437456 17.82603422749669 18.122133130077028 18.43151865334203 18.887908461254735 19.878189477915388 20.375237859422175 20.995167760019132 21.895294497503926 22.2115887038473 22.90559467963819 23.298309522305818 25.96519664278935 
0.25 0.5 0.0 -12.05231682138577 -8.121467374631777 -7.1931403911765335 -5.574174321822708 -5.368915753825425 -3.8027352623046484 -3.366877730459492 -2.9708980613724605 -1.8411401633291171 -1.4044260796436754 0.08377092399468038 0.8305610547124357 0.9746520830728195 1.609941529237416 1.7568633719342546 2.789563769089853 3.826266185389382 3.99506656114554 5.697931633883642 6.053641430305954 6.797818347425966 7.907813509316148 8.055191254752264 8.628824561916385 8.690257380021377 9.235382992361467 9.309119798982017 9.796167731582283 10.35373678572696 11.03919236156398 11.267253276010743 11.935681138258907 12.602351463103373 12.665484127687817 12.67234874757064 13.192659547333562 13.56091529503666 13.584342011501485 13.919548528718543 15.0724386367412 15.368156270655476 15.846301754050128 16.008632058856268 16.40904433011219 17.934311082047923 18.372368095257084 18.598452734704363 18.851732413574315 19.91036088449008 20.52352210267142 20.94219919908249 21.863608836221378 22.259133668120022 22.924314760061513 23.108089825665473 26.030560213807792 
0.3125 0.5 0.0 -12.005816403188232 -7.992324581600038 -7.391519586733238 -5.820733678802103 -5.328299185969621 -3.807697645689372 -3.6807953783393996 -2.9062950713905766 -1.7283907188867176 -0.7819904893802527 -0.07727300492912617 0.8215394621380515 1.1838752117831104 1.647746514357572 1.7404691113242332 3.205157785353878 3.7802586815232804 3.858942633419622 5.313008164397505 5.9728887704787095 7.167886342058945 7.834159872727004 8.147943180326028 8.350997348210555 8.453279083056536 9.268473991740004 9.327111660734156 9.749865166532809 10.386434170071253 11.067841131595511 11.138642479624187 11.814645567410752 12.071889762511498 12.467993879367812 12.543316287514736 13.351504241419262 13.62399275697143 13.842149813002141 14.026482957670574 15.043118419031295 15.401244316808269 15.74266041528585 16.20609358792644 16.609528249646132 18.00099506705065 18.374440596341703 18.46446236616176 19.26176558138893 19.934046390861333 20.69313480964397 21.008601349698424 21.802714898825407 22.299154414168328 22.864758801068728 23.000304472706844 26.016825063825927 
0.375 0.5 0.0 -11.964627576071651 -7.859282881285733 -7.559121823052873 -6.053042733362654 -5.233976100313286 -3.9633330775453453 -3.79755649359625 -2.848117590880138 -1.683575847336605 -0.21735136137870514 -0.10117355076897756 0.8301911379303878 1.2748502384027798 1.4608939421278155 1.8888161558674463 3.5320053148101285 3.7543005811078296 4.0309347702319345 4.616532764644717 6.228798629896739 7.008453633964355 7.767075278778602 7.979136862539238 8.310824299869612 8.371229317150458 9.385518024194312 9.580413948597286 9.680206441227606 10.485215498297325 11.065194935946566 11.077925638329884 11.54529447427581 11.648391699245227 12.31781146878719 12.413116694321447 13.535693027978324 13.573105008573364 13.865480750943798 14.46754804834216 14.943862910832848 15.402451166594279 15.734473891963656 16.03831110480692 16.975897444987567 17.985787089669486 18.352670595067345 18.403119139518015 19.48690693482312 19.951296018615608 20.8736697987114 21.22966673123908 21.703824210934258 22.32418056305211 22.708407445838933 23.04056699262095 25.83281771673054 
0.4375 0.5 0.0 -11.9362112573542 -7.750251301649369 -7.669669556888847 -6.227654244384368 -5.125831095991502 -4.182432185632076 -3.784949974289724 -2.8078753234785223 -1.658992014903935 -0.31099390620767353 0.5128804071098281 0.8416611984469381 1.2758064139571874 1.325553290698771 1.9512671581533982 3.5393599670565816 3.708454312392559 4.069886147656782 4.668482449112825 6.388331539804579 6.468623354558421 7.725767460016543 7.728062681131408 8.200849910852854 8.80595620253256 9.41797898798467 9.625559141128754 9.782748361669565 10.655489938344507 11.025345963434338 11.050433436530614 11.180825236275062 11.530695553937884 12.039378951689523 12.404638815868811 13.45695146220823 13.689144553323894 13.91900429308613 14.844511688435619 14.871952970971646 15.409747637950241 15.747225751559453 15.851109182580947 17.183065969796527 17.839765326580384 18.40175872707535 18.43530913778126 19.53994668946625 19.961372344834476 21.051890994053803 21.46021242152513 21.575720654817854 22.334668350759554 22.631044096013436 23.091072905235865 26.052762081587524 
0.5 0.5 0.0 -11.926681075372832 -7.708458646915553 -7.706302824671202 -6.294920135695088 -5.072785778725785 -4.27350535623509 -3.781245565076156 -2.7952370891823546 -1.653835208525047 -0.34506260097077635 0.836336370714982 0.8461122432927818 1.2184559560053967 1.2734237062742153 1.9339660597389876 3.5280028559234644 3.773992207513318 3.77599475258029 5.114427095587166 5.969815382871723 6.534572428440404 7.61420112176339 7.7153208649468406 8.155879019933925 9.084767434561574 9.426969344409594 9.602331244029555 9.73257573939361 10.760375976773762 11.006558106464606 11.0102480214656 11.118125629865673 11.490093648897352 11.869694602427355 12.401354449957436 13.400288339457699 13.74467051066432 13.934413935641672 14.848125747006607 15.021240980512273 15.420334770731646 15.741453680678497 15.743420366136794 17.25011267661552 17.753196481785825 18.435161035560935 18.44587987747289 19.54015594574136 19.95920145921726 21.145736952460243 21.49235150017039 21.545538901747562 22.332055903107044 22.617622272509628 23.11073541495721 26.14555520237104 
0.46153846153846156 0.46153846153846156 0.0 -11.93384874047102 -7.72706306762284 -7.69256314425238 -6.241891309697658 -5.103292939749138 -4.23865965930674 -3.7604502188481197 -2.820645346897848 -1.622442954081701 -0.3186999473589532 0.6692389121690376 0.8318043693334488 1.1337748164915449 1.3181999340281532 1.8952115227673358 3.6158382837185155 3.782144409663761 3.952290343228469 4.90872928062593 6.193648836539888 6.417201669613436 7.518860899587671 7.8037459500965936 8.25222688801486 8.965052666551616 9.400519324458061 9.563330318008193 9.794273788976643 10.773933294026756 10.89577147944351 11.101038279218248 11.249584000530334 11.528819192120318 11.935014626782337 12.411047299531381 13.422598477710187 13.72271233047958 13.93359181003888 14.817878334864051 14.880053837317567 15.398456950416596 15.735429657400283 15.85139397818303 17.23269993165698 17.804223808013308 18.369941248822485 18.49670829732358 19.54370523502106 19.94970843742225 21.06423106485237 21.519509567826237 21.528584296675433 22.29205147737288 22.650913464451914 23.13021078498261 26.118711496978936 
0.4230769230769231 0.4230769230769231 0.0 -11.956981075707708 -7.774868721987689 -7.649267722322864 -6.103658985191854 -5.1716284227209455 -4.155078457096396 -3.7020038077798687 -2.894677411693212 -1.544990820735313 -0.2484746505470745 0.32364390181616515 0.7004545286514907 0.9510271876787827 1.348236834509853 1.8268749732766145 3.713025750162794 4.059876697589602 4.239323893870773 4.568830370945262 6.127706640144953 6.594687555517709 7.331759314646696 8.004333656032177 8.299055805016518 8.830593149004 9.309632707601503 9.561872656112143 9.759916541247746 10.779042789859114 10.993499132692103 11.064643681193948 11.523708571769994 11.64852065589821 12.082698308813129 12.44343761954579 13.4581503199948 13.654626291309123 13.918466923530744 14.593226106750828 14.760596093497117 15.402137298897857 15.691801725777706 15.999817840778581 17.166128709279622 17.898206332685596 18.208945081442753 18.592948273526588 19.54615519485838 19.898166833123483 20.865805411740528 21.43670958607329 21.5745686219339 22.202251877185997 22.723308449669464 23.180475387098937 26.011536810690156 
0.3846153846153846 0.3846153846153846 0.0 -11.993936880091272 -7.827086354084045 -7.577146986937123 -5.936529105930332 -5.218533246378554 -4.05197430020016 -3.6040023745478575 -2.9992291229154913 -1.4342495208138955 -0.22349188328334826 -0.014161592909804076 0.36852728490962067 0.8137284986264105 1.376876705045889 1.73330383945207 3.8222046007922006 4.143121958945016 4.456091217242427 4.73473122668689 5.785388186518617 6.921768628480035 7.1875211694473995 8.0418186083165 8.224451988806646 8.832543011627124 9.287901650570344 9.552539922819616 9.73208792202894 10.742595027275366 11.016995844230452 11.212914262359186 11.776320732304624 11.878465147938085 12.221865619441767 12.558176138380142 13.449154225396235 13.557359335567163 13.904580010806393 14.416193508588425 14.670823413524433 15.4293564679271 15.583715419250854 16.115119369893858 17.04509102858957 17.923621961090962 18.008538619001794 18.729727712666843 19.544908231468 19.798179869539254 20.606094337823237 21.32386943374066 21.59859298951469 22.122730474172045 22.818140555261564 23.253031255378925 25.800365617621846 
0.34615384615384615 0.34615384615384615 0.0 -12.042886873472748 -7.8659726410123865 -7.477363253624204 -5.83794571122112 -5.1498742037159975 -3.9460493701588706 -3.4731076875512845 -3.1190207165220567 -1.309368751718175 -0.6160732878127761 -0.1024961486978795 0.10901075286570096 0.7048332262020243 1.4174461921984167 1.5889218128450424 3.709832210370544 4.1058289126240535 4.84383619792191 5.149674624786014 5.519072689133826 6.8937337832075745 7.276253319530166 7.7133446658953755 8.332753644385232 8.716492557925156 9.427291782718298 9.52183462033299 9.9237308528917 10.633197037350586 10.991477346603448 11.395388415274345 12.023628409196448 12.147715501743662 12.322169141173331 12.798739795145186 13.36982645488987 13.449546964129002 13.932450817673443 14.378969720213918 14.60833927166466 15.39459245745198 15.466468128207744 16.200864135879268 16.866796253086992 17.61706352216621 18.025948263211323 18.8339858849592 19.50843215167884 19.64481921367843 20.303153067156256 21.24000378875876 21.601479834755057 22.06740897068057 22.930521825289812 23.330245139111966 25.56862517814122 
0.3076923076923077 0.3076923076923077 0.0 -12.099540469170831 -7.881962082315274 -7.350752836056313 -5.854526511887769 -4.924911543808983 -3.8403432823156916 -3.3218419918013167 -3.2328151713460285 -1.2378729199068013 -1.0247272496447275 -0.5454761496316548 0.28619383113797897 0.5974000325136835 1.3984367622698282 1.478659672357247 3.4328260909262633 4.262384585181046 4.864527337158157 5.505421225738579 5.767187060021061 6.775202584483673 7.237668788982341 7.45064212681765 8.157128915473425 8.770896168545566 9.40018771061593 9.700265885727244 10.26088907862908 10.52753581907165 10.981768500895917 11.55826880755107 12.193155554142077 12.28332016870079 12.64930062371496 13.049530745880517 13.289546247065443 13.434301551201917 13.959346820213339 14.358644534542298 14.673654435474843 15.156503568583874 15.488715959310884 16.228522133216106 16.69190470136625 17.24652777071065 18.058185323928697 18.844759411004944 19.32467219985201 19.510831026662522 20.004592317919847 21.243466451356376 21.606756588849663 22.036820008470354 23.059689235454357 23.403275203040906 25.540197449397414 
0.2692307692307692 0.2692307692307692 0.0 -12.1612018762729 -7.87397913855172 -7.199631589803158 -5.923538434279929 -4.616780269006073 -3.7365885759388755 -3.3755426717825285 -3.1173574562905473 -1.5943995553060908 -1.1289025183278534 -0.8673272507357198 0.4342493810880563 0.5563830477275511 1.1769167555039846 1.5556642309375033 3.1875763594064614 4.2165429616725385 4.820085427680156 5.961551950585315 6.144600064235521 6.747795264687848 6.999379467421652 7.262577240045753 7.839223700007542 8.87871311569013 9.234434258855428 9.91236733417595 10.50547996333737 10.747152505931352 10.989346317549218 11.736788216113341 12.15902491619983 12.546441175946882 12.992701016514587 13.110625329528427 13.313469005194202 13.629281658567516 13.927506954821661 14.317282236398915 14.825968175170425 14.940648158553815 15.443943588753587 16.14421622192146 16.611363992002225 16.86536612845973 18.091172476141562 18.738979849901906 19.013466049386743 19.311390458444045 19.785854598228674 21.325546110141307 21.619652001358002 22.01529998932132 23.153094122245385 23.497350553362754 25.511565425390025 
0.23076923076923073 0.23076923076923073 0.0 -12.224364272075363 -7.844602529974563 -7.026702299756124 -5.9978674285291556 -4.289409035246379 -3.6394883787053236 -3.4876469338532647 -2.9218099851389567 -2.0300651617913332 -1.5140920971642284 -0.7869437036161957 0.3391702299343934 0.7700690318410827 0.9316015922800731 1.648629831377466 2.9870917819873553 3.9108584772343757 5.010268613148515 6.2185344337372115 6.372426158941104 6.787174179121799 6.999377118167978 7.110196331566686 7.504106401119799 8.734617520496629 9.09029575390693 10.240059920579592 10.618111738532534 10.987329260018578 11.231305346250013 11.942490816125105 12.112965353436714 12.752010317662853 12.99338806488447 13.344060956650402 13.448242381281757 13.797880226336803 13.940076611547624 14.294186161602818 14.73242854595234 15.047981987542737 15.267386538672461 16.03787985077914 16.45200376783629 16.693909299572674 18.125120248720044 18.508175505223747 18.640543561601454 19.027654986505617 19.643585645124872 21.440302931116133 21.64500181404277 21.99160034467565 23.13017730066012 23.66792745326884 25.464699899258445 
0.1923076923076923 0.1923076923076923 0.0 -12.284241174647077 -7.7992481963954745 -6.835734103491727 -6.056583963210033 -3.9844113143510924 -3.585080008347569 -3.555647441746326 -2.7225273279911386 -2.4163273850820004 -1.9113229022071063 -0.6475747153890388 0.22334554008808852 0.6779209355600548 1.014732910491597 1.75648016060703 2.836418791010109 3.566789735753924 5.232388407107634 6.112988915092012 6.379768244445155 6.663710034843306 7.2045515903600466 7.218461440484725 7.491702295023546 8.333730274234233 9.156884845436194 10.574583414509076 10.730863307240337 11.03361590440263 11.644816612390207 12.048692366643474 12.198014502203744 12.745497270709349 13.126969884138802 13.383842649597833 13.603728437907662 13.808963849337871 14.193933204745631 14.363502361138279 14.673752754623377 14.997257146060866 15.147198147402287 15.96030632455675 16.29773255408352 16.72820024578605 18.158610628675433 18.180771182354416 18.25436598629175 18.76514414988687 19.50387109671408 21.557588593563448 21.69445744993317 21.970116072424716 23.00094605283846 23.907488658675867 25.434289794142803 
0.15384615384615385 0.15384615384615385 0.0 -12.338079008776157 -7.746809351046287 -6.634603147740722 -6.092335873880758 -3.7757038025208987 -3.6480278494565272 -3.506340002722425 -2.757049053391586 -2.4979025898569587 -2.2259625879955367 -0.5135454147024852 0.10985155898130786 0.43003851849148395 1.2549759460517425 1.8741126192939153 2.727291586261401 3.240621624707912 5.40057359842546 5.926621601526595 6.216997920511481 6.4937277912618425 6.993817378213301 7.492759527717613 7.943115539139503 8.14021755952569 9.228438296065159 10.763113254486983 10.883684927862378 11.075434107411475 11.889925869357223 12.06749716668477 12.33431814426037 12.762691294565192 13.176264806651915 13.44102773883371 13.529804774779722 14.10297052856205 14.275899265159838 14.567185228157777 14.662142094518346 14.803609214676456 15.058053911705326 15.951749641427824 16.327662413418018 16.77126605858865 17.798340721417834 17.853559900586916 18.21022248888899 18.53599612653852 19.32824179498909 21.65963869216163 21.754362487403867 21.946704039223622 22.811426001620344 24.178902542426265 25.430871803638162 
0.11538461538461536 0.11538461538461536 0.0 -12.383139696589108 -7.695805098485615 -6.434146159770263 -6.103335169991885 -3.773062498418472 -3.6399622274349674 -3.5419488848714806 -2.875504931310169 -2.543058700604464 -2.216820569249489 -0.3954977284636169 0.004873700143241803 0.19881083720196974 1.4822257451225807 1.997961148802105 2.6428069513261256 2.9517693240475937 5.473279340148066 5.738305008813393 5.954634953682664 6.474692890835758 6.860768952795226 7.32965037117147 8.370022686467744 8.50215808361031 9.292198519731484 10.821832585587181 11.023158362958307 11.086909256724764 11.89731534875823 12.133841729884491 12.224379092968292 12.993935623049826 13.154956077189892 13.455089047796152 13.61096968905055 14.299820431747392 14.370962548266348 14.540554772759961 14.705143088408615 14.739840175449128 15.100674146903328 16.017893781421066 16.419809158215813 16.80833948207135 17.43761870449188 17.48666336403884 18.212785887823518 18.37596660231658 19.111591327123055 21.74578698290834 21.813056633689396 21.92501525391855 22.60822950586341 24.4652507533204 25.478787784392498 
0.07692307692307687 0.07692307692307687 0.0 -12.417157279114601 -7.654470238924507 -6.254115108533671 -6.095576878471717 -3.816630420543827 -3.708433820613524 -3.6776560825409623 -2.8211573889090285 -2.6532959287959392 -2.0427757946718157 -0.30183793442078616 -0.0845423433595841 0.005052575460440771 1.6879745331813878 2.127319600801399 2.560557263955812 2.7120001061987615 5.462176343691313 5.581549631624027 5.7014268437013 6.543067678308683 6.7920841575008355 7.085346084367484 8.812859010203308 8.93368782891636 9.351276349361617 10.86094630952504 11.032134492201049 11.049093762028091 11.865027445937976 12.031255828097441 12.0503889160961 13.23933713285606 13.257351919404492 13.45812518853446 13.674412733275584 14.362569320957226 14.488915562030083 14.538271791024421 14.608841591325497 14.726105342996192 15.4230955261381 16.08150205109533 16.46693184489204 16.837712739885735 17.14017180339666 17.171835631860652 18.158734451765156 18.34629329166198 18.86203689304528 21.814940364394428 21.861692553403692 21.90944363892356 22.43056299683573 24.752157027902314 25.63842418430655 
0.038461538461538436 0.038461538461538436 0.0 -12.438161492102306 -7.627669744607826 -6.122850007771805 -6.080874862174807 -3.845777734762928 -3.807470705196781 -3.8043466018182395 -2.737014160378418 -2.694149557553008 -1.9088671275961546 -0.23525931770487157 -0.1534001381415647 -0.12654396768156262 1.8559540791609912 2.262017146737931 2.460126997850626 2.5356414503037836 5.430854546131028 5.47652141407789 5.523200594618174 6.645739242964366 6.7638796574409605 6.89842042898222 9.166837402436368 9.239403579629688 9.439164052681964 10.892764345725972 10.957435256922519 10.966320642944268 11.841321285868835 11.889346049254629 11.898369992378186 13.393206524876254 13.411532061595933 13.461521678354156 13.704440132896229 14.429242906527834 14.495931826057769 14.534985935454362 14.633490709191488 14.696889922867115 15.79406547981216 16.123065625483456 16.37777607964868 16.854366119304068 16.938468071545895 16.95089083236246 18.199098144376592 18.361166009420355 18.60405176684325 21.86579473339828 21.887894371705713 21.901849356738015 22.308500593600858 25.030786624163174 25.906639869406433 
0.0 0.0 0.0 -12.44520706585319 -7.618298458267959 -6.07360405465206 -6.073604054652045 -3.8533127747247686 -3.8533127747172156 -3.853312774717185 -2.7021900256143994 -2.7021900256143225 -1.8586107885855574 -0.18804494483454032 -0.18804494483452774 -0.18804494483449538 1.9319931028952126 2.398072600306946 2.3980726003069597 2.3980726003069748 5.438529289027612 5.438529289027629 5.438529289029363 6.7599657742132635 6.759965774213268 6.759965774220953 9.311287180645763 9.31128718064579 9.531867644052051 10.909196312188344 10.909196312188355 10.909196312203884 11.834169451677141 11.834169452391732 11.834169452391775 13.462819018416628 13.462819018453505 13.462819018453509 13.711042996481519 14.500928492984908 14.500928498756165 14.500928498756169 14.661159868601194 14.661159868601207 16.137008962076116 16.13700897068887 16.13700897068889 16.86564477764149 16.865644784938638 16.865644784938695 18.367903986347166 18.367906451408235 18.367906451408253 21.894372600949303 21.894384124964606 21.89438412496471 22.264420537638888 25.2861333497588 26.064185452597737 
0.03125 0.03125 0.03125 -12.438252280388003 -7.627550942452282 -6.102111131819659 -6.102017371537305 -3.830447333847462 -3.816726373887126 -3.8108555113970146 -2.715937802229242 -2.7155801665114105 -1.9091488564168315 -0.21947406469906933 -0.16537623367884632 -0.13064843226389367 1.8553685127400819 2.2723969369840606 2.4486539263018474 2.536557139521464 5.430597878796612 5.4798500006945225 5.518664490665382 6.6514282197260215 6.754041739933116 6.899316568350319 9.212851772125694 9.213121194280543 9.416818552810524 10.92328135087845 10.937092884658105 10.95656384209989 11.853885298355381 11.869011990621965 11.904130894572056 13.41078932548815 13.425033939197796 13.432092207768347 13.702718409823815 14.423030875754968 14.505138504928492 14.527340821282873 14.664660136906953 14.666065267584953 15.801111350994526 16.115930928408947 16.377782123737713 16.89560061826898 16.909590063965734 16.938222177282558 18.203469517985454 18.351836051553523 18.605266658301435 21.866487207718425 21.890209226003556 21.89772438465984 22.308017789729544 25.032106397528313 25.908176761657742 
0.0625 0.0625 0.0625 -12.41743416733487 -7.652507851752225 -6.179415259399112 -6.178858221402166 -3.7636383504853246 -3.7233500416203165 -3.708884995610831 -2.7400911417098217 -2.7376281994456284 -2.051438417121319 -0.22125355864557822 -0.1041532371875806 -0.051071586259033935 1.6804670531240113 2.1734728419088403 2.5500751427963326 2.679131114542164 5.474220380700302 5.591084545522037 5.683973816059752 6.571845457691084 6.758814415566005 7.082167192368988 8.960943443817378 8.961742307252797 9.139521623776133 10.955883720576141 10.991139505380847 11.029567900471152 11.920943506764731 11.960209553293135 12.059561008496244 13.306587488762224 13.316815528988744 13.33909353874084 13.668118517130758 14.348206388060333 14.511162711758926 14.571382706128581 14.620093049819832 14.637980608394829 15.456919756718381 16.063853010955103 16.4694222303658 17.025512023191094 17.036089433243667 17.100091610937955 18.17529402449244 18.31354763586037 18.866035413739827 21.81982156346065 21.878672610036656 21.882922209108262 22.428358630240204 24.75512677429076 25.64110979986705 
0.09375 0.09375 0.09375 -12.383269617972806 -7.687211663543057 -6.287909672174606 -6.286346932047437 -3.713542224528911 -3.6542869146463035 -3.5348308046355887 -2.7194574681057753 -2.7150220437121853 -2.264740426175835 -0.1918560089333087 -0.015555104078941472 0.04733080282423195 1.4595389807468544 2.1161536023890286 2.6581563413067943 2.8265754857825267 5.546787084632195 5.729392142914139 5.925098753808726 6.523553423936864 6.80963263729561 7.312697374770107 8.63114501780787 8.633610159822574 8.795561827408038 10.940339498615964 11.0206112463454 11.063152807850171 12.009108180330337 12.091385101450081 12.159019228455545 13.120221542041026 13.193985296873691 13.262305389421776 13.654882694236841 14.335369267321823 14.439176509382357 14.501772752620514 14.562751607059177 14.704823787834862 15.202113085364422 16.000511985008007 16.429707512303764 17.23109622683218 17.235749056486167 17.334608012912454 18.264776401495002 18.28742322259063 19.11806943129464 21.76227434546714 21.843037311288633 21.88321366988314 22.604009956744083 24.474041069858536 25.50105884948704 
0.125 0.125 0.125 -12.337376386149815 -7.724951216454618 -6.410321851189514 -6.407588439114499 -3.7531337508643743 -3.684783259251891 -3.3047691414248708 -2.587451316908188 -2.5852865621596566 -2.528107304735416 -0.13649259494505472 0.08503361739266593 0.15574172423737997 1.2083532751573427 2.10535602017784 2.766253061489663 2.979686852669093 5.629512798313288 5.832455160563548 6.179464352196191 6.540731652833606 6.95018797154621 7.543861759034433 8.27392001541374 8.320483585846608 8.433455252794055 10.838033155544839 11.006652103242477 11.01714996587613 12.051741026121226 12.095571123951675 12.199988743492531 12.92017470474441 13.051284997026992 13.206784791321745 13.746344945967198 14.142133206055108 14.31275521184576 14.499572179148856 14.502334322183197 14.836005039365082 15.131633417565187 15.93900730749264 16.339598796743573 17.466898108269348 17.492112575093294 17.617903664343594 18.219091794000956 18.46909910440534 19.32546468272235 21.699202498033667 21.79339320346998 21.873995740675703 22.807032351438203 24.198539526624288 25.489153140276027 
0.15625 0.15625 0.15625 -12.281852167180318 -7.757949586371827 -6.532682936533977 -6.528806639953989 -3.893144383752791 -3.825685563101608 -3.0414791916179156 -2.8099288478652 -2.3465703333983234 -2.3298381668769603 -0.059404058509539705 0.186160190472397 0.2697185055270707 0.931557517614303 2.142629327940784 2.8787875544896386 3.1437315301032522 5.713789381079481 5.872415940240136 6.293161476756325 6.716233857652479 7.173237559709052 7.527837883783543 7.952546164740558 8.088648211383262 8.282424774150334 10.643263579307204 10.889224766013703 10.931879509424869 11.910863827833438 11.96414121263109 12.155107007111008 12.809126505043139 12.981023810967342 13.144765725248687 13.792858455589503 13.834101986876798 14.172666874134725 14.547847347453072 14.62609661202283 14.785851232394657 15.357996941084894 15.883673887236506 16.285711309612896 17.67509528398677 17.774340285027804 17.934211121619217 18.238107802250536 18.659746722035134 19.47214041311353 21.630787443877 21.73277211935145 21.85556614808133 23.008453952162732 23.938573364655866 25.56484069171981 
0.1875 0.1875 0.1875 -12.21813961079003 -7.778379826604922 -6.645864293269662 -6.641113948463039 -4.098360826688257 -4.035455538010718 -3.169099388464159 -2.681073147025672 -2.027327476033267 -1.9935284390494763 0.039037345522406876 0.27706563182267585 0.3884368852695985 0.6460069384378695 2.2335892024516673 3.0064304722083497 3.329777296627215 5.800746558538209 5.873090238877869 6.303740518709495 6.84931340412301 7.1937782501914915 7.3276894461866195 7.8263087862445255 7.876107821598053 8.580143630974742 10.365268178799788 10.70504867511848 10.809482837801372 11.661201690716881 11.739957407976254 11.909439107750789 12.762959667919672 12.950242331417993 13.137402763615407 13.648871365806203 13.668454254364539 14.048652838131853 14.577844502099612 14.693225104785009 14.917859992436995 15.708680050942116 15.852277183940645 16.342296363851712 17.742880759039835 18.053381127791923 18.270746873447834 18.430008465665146 18.8455128727734 19.551046347669473 21.570868069798365 21.67223692244662 21.825960834087745 23.187242477206624 23.709828715738702 25.696156242096574 
0.21875 0.21875 0.21875 -12.149250281421336 -7.780897888892609 -6.744308866363742 -6.738670462318449 -4.337888692224175 -4.280658606249871 -3.4964854222932567 -2.3314911259528026 -1.6615093669454208 -1.6091449560576767 0.15457107555546712 0.22579205824060108 0.48397769400911056 0.5075237899343649 2.3718514449259644 3.1525083435048535 3.540055574867919 5.853665185311207 5.893279018106608 6.286569337049806 6.691748573254838 6.783054605032807 7.156706171288988 8.000577545519562 8.04309146467358 8.917123686569271 10.026012962627089 10.527427429941115 10.636779791662063 11.391577660233919 11.442710603728676 11.572910490159336 12.59981963322283 12.808345052913285 13.140768810979752 13.505767526219788 13.665464958737543 14.056642229676196 14.545380057422582 14.621682311799184 15.219104212684423 15.87558848467924 16.092194231713112 16.51278776184971 17.69863213054788 18.285582775209537 18.61103639232647 18.759198061547202 19.03429989849597 19.557606586067802 21.51448621806665 21.609132204640463 21.784220776320094 23.336399390957595 23.52178733492311 25.848173981807847 
0.25 0.25 0.25 -12.077659400624077 -7.759696439645723 -6.823297472762325 -6.817343203019594 -4.591118814708035 -4.540430565745239 -3.8326443622217403 -1.951257188121857 -1.2659242487629003 -1.1929416728068885 -0.05569978514774478 0.2891299626231935 0.5456621512032275 0.6286565317329258 2.5594471996277712 3.3230096454482108 3.7801735504987324 5.803259140131182 5.993634047233332 6.167394366233816 6.3653566579237975 6.491856702478454 6.895244077113811 8.197710631688201 8.390911178881526 9.10336576266501 9.66542289803182 10.428943257624876 10.493755844267017 11.130312309366683 11.175614163223207 11.218709242063573 12.350507101010459 12.515820678264001 12.945194430283347 13.576136707550756 13.7871819343169 14.182574351123277 14.50070373143669 14.619645832215062 15.411464383518526 16.015670695358317 16.4917940202707 16.775317986475052 17.62633556224565 18.426810282331893 18.93936431718804 19.14233209068354 19.273044401831058 19.523355197218294 21.46973043167576 21.553439990267524 21.738038268310273 23.388024638296283 23.46913236620745 25.958397775183325 
0.28125 0.28125 0.28125 -12.007271447442514 -7.712136891335501 -6.88175312494563 -6.875802142127391 -4.847184737112868 -4.803267423278352 -4.171365479930957 -1.5658593179402358 -0.8600997599526586 -0.7621634890089312 -0.35315919860628275 0.438014423522528 0.630113722564219 0.745853974022413 2.785384481584177 3.5157809550519574 4.0426634730792195 5.658367669525788 5.846364261311241 5.891839273676236 6.159221145913983 6.466413687488906 6.727128145541662 8.282431540850048 8.607724081017123 9.008043238674048 9.384177458000101 10.166775903308647 10.593673155933802 10.883775279782324 10.942393614942976 11.073221234973808 12.095859410478559 12.124765318789015 12.625818351664758 13.81060407556044 13.881417278690193 14.22323472734851 14.589862430737798 14.713924712606099 15.471489137290549 16.235190930301968 16.876424635869473 17.070946214164202 17.544570568052745 18.441807781028047 19.126195307947334 19.534618544740766 19.547098514804738 19.560471127401602 21.434273311716446 21.500949121018717 21.676046856022445 23.31256619637544 23.596932768981198 25.972465873108145 
0.3125 0.3125 0.3125 -11.93958202149386 -7.63461107199873 -6.9183029823690765 -6.912297369982491 -5.09626155459513 -5.059205515446823 -4.503579162468656 -1.2326749845255194 -0.5698537644302251 -0.45333476062725836 -0.3239317561883024 0.6110256997271756 0.7137980188468128 0.8671152217801532 3.0532528614983416 3.731107506913639 4.321351813951546 5.388147587316187 5.478745770687632 5.479800248894826 6.2902033842782075 6.511782000849483 6.726030754057449 8.22263883107023 8.439382792202302 8.735925425402245 9.360966423545943 9.883739386964072 10.363861575948158 10.602108700642816 11.04870229506562 11.235053582970624 11.71076915544957 11.913153025748041 12.341443640323867 13.937882100691999 14.112786817613777 14.158955011959158 14.82649630418398 14.90156792025829 15.49742559597035 16.44846493258234 17.24154812313867 17.372262141428532 17.47029564610215 18.364199757489846 19.023961936156464 19.79989062809456 19.88764993579066 19.92676671759445 21.418473958775404 21.459634528910957 21.620041183864323 23.307309588769073 23.73823026196551 25.91314191158347 
0.34375 0.34375 0.34375 -11.878483120730385 -7.527103792521585 -6.933009490584441 -6.927613300043095 -5.331936328865736 -5.301578401536176 -4.829442276290372 -1.1845859182413077 -0.4689459774626681 -0.07162630367344137 0.10107317061743194 0.7860442489220869 0.8150215048965153 0.994777445713012 3.352576430358436 3.9528412296468685 4.5561538599745015 5.044810963156264 5.058545425543794 5.162136035394258 6.453998912889355 6.576125706402594 6.850278733352994 8.032250075477597 8.053073990240655 8.402049730689187 9.37393648247165 9.6163093374043 10.051174662395125 10.362879675767418 10.938698017034126 11.153252743431395 11.780304258596223 11.876033434666187 12.210257952230663 13.991194095587527 14.100274880206724 14.449315339140595 15.076183271638593 15.118879028089607 15.517920756826186 16.607506122780034 17.394560072445792 17.559918191666977 17.63075106080208 18.228266998676393 18.78822691854882 20.122535978710005 20.23143414283116 20.299596362938196 21.420148549587832 21.425352811168747 21.55969165380704 23.372478866507166 23.89097176390655 25.834918424373534 
0.375 0.375 0.375 -11.825984014338342 -7.391220749935958 -6.927532526405636 -6.923132380442338 -5.547121338867379 -5.523111965595591 -5.144122506428752 -1.3611768451814816 -0.1077266227710623 0.2553185437462563 0.4743490061569691 0.8492385699940161 1.0711597100355275 1.157743182415478 3.6769753780477155 4.10821401868194 4.477438436137269 4.6478018668287255 4.749796410715656 5.16874127376237 6.630033558616475 6.632646805500224 7.0481466168990154 7.650612220077119 7.761246338161077 8.05822107544156 9.292273309368458 9.394280953028803 9.749884863463869 10.111857215338347 10.655156187748721 10.703444532130856 12.002211515538407 12.186012557847889 12.270185236723488 14.08090277556367 14.100643983855552 14.798670313112966 15.308658744171709 15.331756326529213 15.55097424769776 16.701463567160648 17.32203860052771 17.7364284943551 17.79919641315217 18.147287988130326 18.516677864436428 20.445705804054864 20.57244737257996 20.639525677746352 21.396593891662555 21.434436670602498 21.501937148059664 23.50927953755045 24.051918833170415 25.766981265347138 
0.40625 0.40625 0.40625 -11.783781709048124 -7.231710368330313 -6.905699259658316 -6.902442470580754 -5.734933629151081 -5.716989878137252 -5.442264126567662 -1.5457313851236079 0.2855441762673568 0.5008472606389944 0.7268199829290481 0.9058350232177057 1.389070690718866 1.4084544920800408 3.9593468314266222 3.975145448077338 4.136761211397287 4.31242764471088 4.752751515383783 5.430839417316145 6.6041754978459934 6.814938733948049 7.220140787854821 7.350122955174789 7.519847213809798 7.727016348612103 9.179641490055555 9.226170926523599 9.480116387196503 9.834879686115498 10.25912153705663 10.27147633239953 12.20852665966669 12.409542954834722 12.499262920390459 14.195623732597245 14.223369819196929 15.1361995033876 15.50128267062173 15.510615789664843 15.592538678312637 16.72818311795662 17.25501709712773 17.57432864399105 17.839095420668983 18.246779472487244 18.3450034838283 20.74252644223545 20.890143180908037 20.924114563600277 21.36976438265474 21.45109214860961 21.45550019260044 23.70951704991532 24.205153357829598 25.738339459392275 
0.4375 0.4375 0.4375 -11.751692264957077 -7.059324127671436 -6.87324305064595 -6.871313177306595 -5.885454587362375 -5.873425287495977 -5.712384392459594 -1.6891125692738385 0.6324381024298015 0.6760431387316403 0.8486396072749255 0.974293374177834 1.7451799162187978 1.7457686324316275 3.6594561423632315 3.762871522584738 3.765539328318515 4.4991784479035415 4.970513011872032 5.6651973940645215 6.449967017222629 6.95897683631184 7.03594758128034 7.265604290128086 7.44262582967887 7.659384569213123 9.098655561173068 9.11618013285887 9.264335191252679 9.572938216278114 9.864851280900886 9.876240421684424 12.412181477998205 12.547482537501427 12.669533636083004 14.38787968230295 14.41178161859006 15.443667082416273 15.640959465417163 15.650251517849814 15.651148926275226 16.701730282056516 17.203461575055652 17.344078024557827 17.605991557155853 18.3863471233208 18.400532777157757 20.98545445552277 21.13225797152604 21.153217256365778 21.350737068459807 21.435394406234565 21.4798321406663 23.957129745633864 24.339242208056334 25.75420506239735 
0.46875 0.46875 0.46875 -11.733261892670052 -6.9035601208084785 -6.843941961307366 -6.843114347710459 -5.985813788075168 -5.979536444627774 -5.927746176612691 -1.7795912864545504 0.7919140127063481 0.82084937666826 0.8819222627095801 1.0956694302447139 2.076103509970693 2.0764690575287967 3.383592303203111 3.43192385407595 3.4340454576067585 4.884059627126613 5.185305281752589 5.611257058852164 6.447318065249697 6.783194049136203 6.913127305053521 7.295429311128795 7.312012371548649 7.890830929616799 9.068456520232601 9.068920955945163 9.122791551435986 9.387105060623139 9.534745039948264 9.553594729874982 12.566847162856682 12.637027180981569 12.710020806343186 14.582777255110097 14.587720408861106 15.668314510144645 15.68921162998857 15.739252625412334 15.745089795736002 16.63657167017239 17.16845631554091 17.17270090212664 17.328660510681793 18.470615356368057 18.47153610016171 21.151801777137294 21.22482615265022 21.269780250294595 21.394653819750285 21.456985717909237 21.494167122155236 24.22266156307786 24.43748676959124 25.787747661512068 
0.5 0.5 0.5 -11.726933810501242 -6.83134394074659 -6.8313439407465735 -6.831343940664988 -6.019877588883554 -6.019877588883529 -6.0198775888775184 -1.8102364051851865 0.8601408902627832 0.8601408902627906 0.8601408902628567 1.1790367145222438 2.238401333895662 2.2384013338956628 3.2710430190426765 3.271043019042687 3.271043019043087 5.279533311745343 5.279533311745991 5.279533311746011 6.674063443088647 6.674063443088784 6.674063443088786 7.318399847104356 7.318399847104368 7.996376976463959 9.071057853360708 9.071057853419088 9.071057853419108 9.37412435514111 9.374124355141118 9.37412435514368 12.668514609346609 12.66851460979493 12.668514609794931 14.664638517643386 14.664638517643432 15.691156803639963 15.773811437180582 15.77381145308587 15.773811453085894 16.598258035631364 17.15707143981157 17.15707143981158 17.157071588177786 18.49913060796907 18.499130607969143 21.23931545960388 21.239315459604104 21.23933731490824 21.47743258132069 21.4774325813214 21.47761414315355 24.476887301036108 24.476887301125657 25.807178190939183 
0.4642857142857143 0.5 0.4642857142857143 -11.732476107435186 -6.887943949128225 -6.872547831967866 -6.817913151113531 -6.010616140772473 -5.960248247261815 -5.943940383447983 -1.783615752452876 0.7895669727161634 0.836942454446054 0.8813277072227853 1.1012267226881889 2.035615222303064 2.1682416549429497 3.2833113144935724 3.4308189938990505 3.4720305574487647 4.898749150312406 5.213468443137732 5.592676058841095 6.457261581943199 6.742289390431721 6.926240877254312 7.271671776579632 7.331969956328928 7.910477684497175 9.042956374283412 9.05534274216261 9.148781416316123 9.383240918541391 9.494784332376803 9.55494916073836 12.57666576500619 12.638443240099493 12.710790741725434 14.557077204368868 14.632582290738613 15.675032028096808 15.689208363597903 15.740175969977113 15.75842842480016 16.63027714093395 17.13725634245903 17.196959937700292 17.30869415042036 18.46049120861599 18.48747410502113 21.154906239925634 21.226999942982093 21.27699681100261 21.380729919708976 21.456857447267797 21.510839336475186 24.24082149534349 24.440969541435898 25.714909190239506 
0.4285714285714286 0.5 0.4285714285714286 -11.748084688184177 -7.023438434053595 -6.960853685808211 -6.777648516679121 -5.982427842972996 -5.815407065278617 -5.751261787044239 -1.7046599900036736 0.6230201982014414 0.744878593702758 0.8556447846617359 0.9673501622927448 1.629303236389332 2.056231668754269 3.315466030196908 3.7744189551594864 3.8763410027754226 4.510605878692135 5.0363735427936565 5.7809263449979 6.314435015498607 6.846023250461969 7.099476778839326 7.266820643981451 7.406299135747493 7.792252145933893 8.987276952203002 9.065282539885928 9.3464413873596 9.54818503098467 9.722411858009528 9.908135284497945 12.443873866577352 12.549723353022932 12.695280268973514 14.307259047166534 14.540258013262676 15.463728927402904 15.630234383672027 15.651365445510303 15.720787995551518 16.690549380483663 17.194801941630708 17.30581904215778 17.577372093948263 18.36242197746677 18.462501946929063 20.98951373837078 21.15187410731296 21.159529264052303 21.332860733921677 21.43330734748718 21.55479902688485 23.99173107226504 24.346167519678467 25.43348880056412 
0.39285714285714285 0.5 0.39285714285714285 -11.775203761193339 -7.191906614296404 -7.051230385826887 -6.711307503315854 -5.936713599175679 -5.632093724747783 -5.491511513788308 -1.5797851954108457 0.29432134598174053 0.5778512797641301 0.7785962727063237 0.9145670663685097 1.1776257117248607 1.9664266896906455 3.352726486319335 3.974344075855231 4.316233765534759 4.337722264387548 4.8016588029279434 5.807569674514287 6.286953752530901 6.6705539668728395 7.0935213682315545 7.474893155443486 7.670786126016202 7.818957860341816 8.94206344713994 9.129741159843869 9.603520869301374 9.772123590628453 10.023867274424614 10.330554068415431 12.261013669675865 12.404155196320756 12.615484307875397 14.040731562365274 14.399113140232734 15.157906409086262 15.47584360364924 15.589948364114745 15.679216512836884 16.707402788019106 17.291804920376286 17.453168149084487 17.796730596970534 18.250300864048295 18.432903604960856 20.709779740772152 20.84328107306281 21.029471743012643 21.37772472353486 21.456675764873562 21.594640236670195 23.748835637684103 24.20516525658362 25.268336930783473 
0.35714285714285715 0.5 0.35714285714285715 -11.809775193035952 -7.3685195583495915 -7.1202898979530875 -6.61830080340037 -5.873990917179408 -5.431098302294251 -5.189255477556584 -1.4184301858337969 -0.11503770612432326 0.37424019670275804 0.6063135823087721 0.7760993724277692 0.9074662688093867 1.894249808366572 3.3373184393809665 3.7168221070384653 4.415177100967785 4.76027676346616 4.844270795327094 5.719673302656558 6.3267714576046545 6.4388247075196885 6.940511562367469 7.8453381449116 7.925694211730729 8.051949659556454 8.938320668950423 9.22681495445125 9.852779546185443 10.04342896438127 10.37241113223424 10.761784993575281 12.02414899738983 12.247281226495051 12.495226555581329 13.836634622265949 14.227977151229167 14.80378685497892 15.272753355600718 15.534195179132993 15.640802564041646 16.662385758986073 17.417388259758923 17.607096951054864 17.716600674085644 18.28203146848401 18.529986676316803 20.349787921054077 20.468640346077247 20.899486682119615 21.38232951872231 21.54574901576329 21.628701501288827 23.53387540548791 24.043553141439553 25.179172064809254 
0.32142857142857145 0.5 0.32142857142857145 -11.851809933893263 -7.542021845699024 -7.160285815325731 -6.49934409314189 -5.7956281480833205 -5.221728376711353 -4.85987062344912 -1.2546387915327644 -0.5172980581202354 0.10356413708529098 0.21285153588624778 0.6484713789875612 0.8774334235973241 1.8300914760240223 3.1090745879650155 3.616299661896353 4.1924172358172225 5.126436412391517 5.315784942663548 5.594679713546336 6.0852980511487385 6.545336014853797 6.81106100802574 8.025489919459876 8.33250160181465 8.371374619932368 8.995636037957553 9.320643701898659 10.033240019622484 10.360589468874014 10.728300495766952 11.14555595251627 11.793747889418665 12.144608705645613 12.36752113782333 13.688388703056862 14.044567474989941 14.420717386880339 15.053540892815743 15.487417822227853 15.59950112493335 16.54204435643143 17.392817684210485 17.55450737597709 17.786684118159602 18.291095105053262 18.79120953042134 19.94195974739008 20.07058573435561 20.76879760112081 21.370137997003056 21.62689592963084 21.686478681218702 23.355929876017843 23.878894312327382 25.14305700270361 
0.2857142857142857 0.5 0.2857142857142857 -11.898726381172828 -7.706083754879199 -7.1696134180484234 -6.355580188963737 -5.7041032511819 -5.008261596902869 -4.514322134151279 -1.2645726708382006 -0.7247444782637412 -0.32613267690943604 -0.07865163564192174 0.5510995540247666 0.851329692298565 1.7681567469416264 2.753356133624824 3.6198192619692775 3.986233954803701 5.420022636379734 5.456673317800528 5.780985823274535 5.870140076805228 6.717743544389274 6.766851529723925 8.169092224497726 8.638243962385427 8.733451475393354 9.138630522523401 9.368377664864687 10.121991665509542 10.66684203223875 11.044706428980815 11.416491726797258 11.68918804858594 12.194536169906572 12.269182665662177 13.552460251534967 13.865675527539386 14.027713870127506 14.836569650454907 15.449190067679627 15.563140433090474 16.339730668322105 17.020535733566806 17.689058092072127 17.8795729270383 18.33120323211823 19.019254116518557 19.507957791394624 19.700697131265567 20.63737963906229 21.343944601605994 21.652425076465292 21.784961710379754 23.216998535908985 23.729776546155147 25.174660390404927 
0.25 0.5 0.25 -11.947818523965314 -7.856913303349285 -7.149684577788949 -6.18737794770457 -5.602094976882873 -4.792560036230664 -4.16280089391954 -1.591553092542945 -0.8263671631093453 -0.5423570131121364 -0.3488679438909026 0.4584651212368397 0.8260388040431436 1.707109123656935 2.3837791676564035 3.581281375705667 3.882694577170408 5.2936665000975776 5.435964776329867 5.881321207778232 6.2079277128037464 6.789162244504417 6.991527411689427 8.266289990553505 8.851710879225127 8.94997219076492 9.372541699816663 9.413039220586223 10.172489955587752 10.938824219052988 11.213767908923213 11.53142178428686 11.865646721319427 12.239701136015313 12.410394238195847 13.394393568179181 13.661509085814153 13.724871946603669 14.643860011843282 15.404514012873443 15.542663009060186 16.068272540096377 16.61755096197987 17.816599397570716 17.902434761112122 18.382569952797855 19.03307879764741 19.076943339602554 19.53942606693077 20.51397683797292 21.30978561312963 21.673458646020876 21.87894683764854 23.110286904681345 23.613973219468864 25.25921117262906 
0.2142857142857143 0.5 0.2142857142857143 -11.996676524468493 -7.991620584595128 -7.103839492268028 -5.996563232003735 -5.493648851527624 -4.576047718763014 -3.816109880066304 -1.9836099132239293 -1.2659831127174384 -0.6234732899236318 -0.3236680309408875 0.37418722777550983 0.8085229610472713 1.6496422892983562 2.023279930183972 3.4903276249144595 3.884079988159227 5.098986618972912 5.324846310239805 5.935438147786052 6.580136970336565 6.969683923105858 7.302583017385298 8.242811172561774 8.942138565312504 9.043530155017947 9.488597222513777 9.68260069372277 10.278884588778462 11.065552357641629 11.302408532020017 11.643456622396794 12.196905366775937 12.31714133663419 12.640455168905136 13.206279736043562 13.399042159809387 13.627667055402059 14.49075621233145 15.355135247051976 15.53682373470526 15.748556628547549 16.225944226409243 17.87793216537145 17.9131841809601 18.29505064906354 18.6624719803021 18.932670441345238 19.628132852741675 20.404723737457928 21.2745262119121 21.69768269390321 21.952990946878998 23.02319638801664 23.54352434028747 25.3489534111556 
0.1785714285714286 0.5 0.1785714285714286 -12.04261084948862 -8.108295884079899 -7.037835824166321 -5.78524045826335 -5.383063638288401 -4.361299954329724 -3.488913195777409 -2.361688318937954 -1.6930661443198756 -0.89514173544056 -0.10015614510026381 0.30593287077471515 0.8057671753670701 1.596344200457695 1.6869528304068648 3.417558359249685 3.9190606149008906 4.900874887552607 5.230993318523314 5.891329087282778 6.91018522366301 7.208639701986017 7.606646298329821 8.118824757601718 8.982903847247066 9.22573909924505 9.493821083589042 9.977077452838152 10.378917990743444 11.019441102153921 11.573029265480782 11.704225892052177 12.30283997332353 12.629094744885162 12.809221561569245 13.022193260348688 13.330434475795848 13.589568255073829 14.38793045670748 15.249832474954209 15.342466448502837 15.598748389414913 15.909814595428914 17.774951162772574 17.865830297480954 18.04749862488917 18.418236352648947 18.96482949320118 19.72191902495421 20.31555543844238 21.24041886153171 21.733470956266565 22.006200601411805 22.955143270065616 23.519782050596568 25.498726068953562 
0.1428571428571429 0.5 0.1428571428571429 -12.083881379218106 -8.205554893675814 -6.959961830488413 -5.558295117408569 -5.276790575246459 -4.153423950061435 -3.202399285087233 -2.7095148981005304 -2.0792771648301724 -1.1559021997200853 0.052192588001145825 0.2875093404215971 0.8297999806539607 1.3798633196930776 1.5536466579282842 3.390392895336736 3.956442675601138 4.725079039452777 5.150364832493271 5.778662547913385 7.200272437308193 7.45288828453694 7.599177203144068 8.273704543681896 9.076605521047757 9.332207230529065 9.51173476459137 10.193042585250188 10.352237924338672 11.062796240110398 11.710054296561818 11.885729834796246 12.318058678553164 12.707112794470433 12.820770920017175 13.204010314469876 13.42188872709372 13.59884359286492 14.330362134031631 14.900172527962031 15.145233408519928 15.577911609940726 15.763631175359421 17.487064566266984 17.54663710771758 17.939602043202303 18.423165561253285 19.040734850178925 19.766384670444168 20.251621933367936 21.21417519461341 21.785735285744583 22.04147268109563 22.904802561503722 23.52756504946408 25.648813533248845 
0.10714285714285715 0.5 0.10714285714285715 -12.117548944727144 -8.282319835284417 -6.879183996826166 -5.324316803220807 -5.180699438378129 -3.96013537816853 -3.0290629215606284 -2.9900276917352504 -2.3788541459183845 -1.3940375157620841 0.07380180723256782 0.35532753185763377 0.8908715635726172 1.1171197884212127 1.5176216268792404 3.4141849760608896 3.9857854467799685 4.5835656971516014 5.068901435826883 5.628312591629791 7.370153031466167 7.5006461947018135 7.694678315818015 8.598350356863092 9.103533866412077 9.371170015642477 9.619600712912499 10.144600402797165 10.465855775723087 11.062142107482659 11.829306874156474 12.119817980620859 12.325753097337193 12.652361200692765 12.731349583609369 13.525177786953032 13.598682377358555 13.66042637485566 14.287481289104864 14.523594107451387 14.961577585757675 15.549543134939519 15.763047441317513 17.09319510745928 17.20687827107067 17.89978594122814 18.515485507283024 19.098611335236868 19.773119014060708 20.202173440255773 21.196886573022027 21.848099935943793 22.060922484413982 22.875972004693917 23.55094297092155 25.797253727091796 
0.07142857142857145 0.5 0.07142857142857145 -12.14280755699676 -8.3376188231182 -6.8075030464193445 -5.123868053422657 -5.076935313209081 -3.7938519837757845 -3.2857166824842747 -2.98113330205773 -2.481518824855283 -1.591357807295738 0.047375229824384295 0.43253191093360105 0.9036330767915937 0.9747902838799757 1.49375985934911 3.4784059659304507 4.003589978846426 4.478984324869566 4.968671635611004 5.4901781480748255 7.257699812481094 7.698579449052509 7.901127780470672 8.78131995669302 9.12158039370783 9.465013198030016 9.636405445821495 10.105041897755209 10.620729240260516 10.977615247264227 12.041756935657858 12.099676695130414 12.455779103679157 12.581916363960028 12.729833339931215 13.60649017362357 13.702165972794948 13.876950745179915 14.145136401355355 14.399919582885833 14.814813838349306 15.55229886107739 15.793266248110745 16.702362868962922 16.93015519099518 17.88034578620788 18.615668788406676 19.121376350669824 19.766213079588887 20.16815365395009 21.18883687574846 21.91507362257108 22.071035312142012 22.88367201291828 23.578272309814878 25.92960123973129 
0.035714285714285754 0.5 0.035714285714285754 -12.158080866852892 -8.370796025775086 -6.757412480667098 -5.06277779677902 -4.902675379542298 -3.6742083977363835 -3.4874537977341857 -3.0873010630414255 -2.434160059272297 -1.7251021254353276 0.025799447995232917 0.49774182042728415 0.7468687074402948 1.0442172642314111 1.481546311156902 3.5570681388128103 4.007532210361307 4.415587880964406 4.861527865058714 5.407917835446423 7.184450646717608 7.861887543643154 8.059473061778034 8.734551753635598 9.27113909413937 9.483491289183617 9.60140470469107 10.164950426736766 10.754154027533186 10.889177396032196 11.979789001656794 12.243759840507774 12.502465821122934 12.567865779957035 12.822395618708564 13.633238722338405 13.690846635932063 13.790072545326527 14.165855320502617 14.534106230090554 14.730006168058724 15.567943394629658 15.826636172982724 16.379044902604214 16.74974608678473 17.870763577704636 18.69947784186814 19.11646225077285 19.763375354086914 20.146896100502765 21.187992848103445 21.972992372165592 22.072024077066164 23.008719623549865 23.599338590534625 26.03862829292975 
0.0 0.5 0.0 -12.163600407676592 -8.382305561393368 -6.7397697695590395 -5.045897720697945 -4.826739536007806 -3.6236618543919823 -3.5788863691262662 -3.1391508084536475 -2.4066593093521154 -1.7770079983134388 0.015285252170852179 0.5375492994139088 0.6700168030151847 1.0701463881676796 1.474984918980325 3.5915755072083138 4.003293458091707 4.394082291938738 4.810397516739734 5.380011984281973 7.159089644715358 7.92300070076955 8.123143146750746 8.684157554020532 9.384896856092315 9.39465857495702 9.61450785464261 10.200134877620828 10.805743048549322 10.85610724276735 11.91394973034446 12.31798195262913 12.518603620912376 12.559688824553433 12.874894018864017 13.556565296513035 13.661256404364286 13.812145154795422 14.160550076899614 14.625890787795443 14.70619828607876 15.566672276279977 15.84404405488321 16.230604936783124 16.682029575489228 17.861920866581634 18.72806143060966 19.099344950108296 19.756905698038743 20.132061638670407 21.183932038218977 21.993922006591955 22.060697363232066 23.603126091575135 25.72557174891035 26.45475954358735 
