 4.68526849  4.68526849  4.68526849 90.         90.         90.        
C  2.34263425 2.34263425 2.34263425
C  2.34263425 0.         0.        
C  0.         2.34263425 0.        
C  0.         0.         2.34263425
C  1.4472941 1.4472941 1.4472941
C  3.2379744 3.2379744 1.4472941
C  3.2379744 1.4472941 3.2379744
C  1.4472941 3.2379744 3.2379744
C  3.46423492 0.         2.34263425
C  1.22103358 0.         2.34263425
C  2.34263425 3.46423492 0.        
C  2.34263425 1.22103358 0.        
C  0.         2.34263425 3.46423492
C  0.         2.34263425 1.22103358
-102.63812573
56 bands 
kx ky kz  bandenergy1 bandenergy2 bandenergy3 bandenergy4 bandenergy5 bandenergy6 bandenergy7 bandenergy8 bandenergy9 bandenergy10 bandenergy11 bandenergy12 bandenergy13 bandenergy14 bandenergy15 bandenergy16 bandenergy17 bandenergy18 bandenergy19 bandenergy20 bandenergy21 bandenergy22 bandenergy23 bandenergy24 bandenergy25 bandenergy26 bandenergy27 bandenergy28 bandenergy29 bandenergy30 bandenergy31 bandenergy32 bandenergy33 bandenergy34 bandenergy35 bandenergy36 bandenergy37 bandenergy38 bandenergy39 bandenergy40 bandenergy41 bandenergy42 bandenergy43 bandenergy44 bandenergy45 bandenergy46 bandenergy47 bandenergy48 bandenergy49 bandenergy50 bandenergy51 bandenergy52 bandenergy53 bandenergy54 bandenergy55 bandenergy56
0.0 0.0 0.0 -11.57846824971241 -8.095422954981448 -8.095422954981423 -7.015907905376125 -6.7598760304196155 -6.7598760304196075 -6.7598760304168195 -3.3605342408983847 -3.3605342408983345 -3.3605342408983234 -0.5698687803878489 -0.5698687803878204 0.4219811942613216 0.42198119426132596 0.42198119426134056 1.212827004417581 2.048397997680983 2.0483979976809876 2.0483979976810316 4.476422364125359 4.476422364125381 4.476422364125395 5.273126717396509 5.273126717396525 5.273126717396571 7.118849562520882 7.118849562520887 7.118849562525623 7.806319144868197 12.18945272610068 12.189452726100727 12.189452726137537 12.503095348936133 12.503095348936146 13.45913307519424 13.45913307519425 13.459133108892372 14.024421761111489 14.331621972791138 14.33162197279116 14.331621985655444 17.33211108641129 17.3321110864113 17.33211182798633 18.638325871682127 18.638325871682174 18.638326194525405 20.285351541086207 21.11127018250777 21.11127018250801 21.967239091748656 21.967239091748695 21.96728273890801 21.994610726338294 24.44502931033924 24.44502931042544 
0.0 0.0625 0.0 -11.560913781736899 -8.17333922419185 -8.08760739810524 -7.174343324564661 -6.826575818274003 -6.673061140971677 -6.529942330160619 -3.55488328673752 -3.384150603705672 -3.1959363523816426 -0.6084904453555501 -0.5325351485122972 0.31244170538951355 0.44774281183120457 0.4792927934346542 1.1620687888132162 1.9339335823281016 2.1346310023515307 2.2414030366549325 4.382352887950428 4.463957427793345 4.526575506784264 5.231628017523038 5.240479142280155 5.368166784882617 7.0431078792922355 7.10551050188931 7.163762381266538 7.924644027199397 11.909484325570405 12.170660245974231 12.219255340547635 12.481174746939066 12.682302036064621 13.349343047118603 13.440124452966524 13.463684457743943 14.051637141712149 14.082778052690756 14.360360699357932 14.616650556853214 17.114608306833173 17.326517487662812 17.52577066550582 18.576601965870175 18.648650547951792 18.729841045706593 20.32156240239317 21.117857362636176 21.15350231010036 21.899083553967486 21.95611888509376 21.991504637558634 22.01046054683768 24.071197288026553 24.175705640611113 
0.0 0.125 0.0 -11.507986581618484 -8.394561155133783 -8.065736836486122 -7.315732521402912 -6.875587474733712 -6.564221607647821 -6.195573182157117 -3.781915032333039 -3.4400114061932134 -3.0564706732219977 -0.7162015705153377 -0.448763502200376 0.11545991521824729 0.5110678969301272 0.538662694442313 1.0818984789616068 1.932606368044167 2.3292373660625714 2.4269887203022087 4.230076261401672 4.428264656801682 4.594718508796662 5.153096407278279 5.253978949849774 5.47136653257701 6.881442309116439 7.1200006927104695 7.23552055918225 8.204354329636217 11.483270762305455 12.169820730909741 12.234533169827001 12.403943059878399 12.816996161747324 13.109394445470741 13.378286897108916 13.405205949416462 13.831596060024097 14.241442174169356 14.461445192498319 14.866292437585628 16.873531286543766 17.310256191068532 17.704962637024018 18.415604177525022 18.730200256335376 18.91199962264635 20.41185411308008 21.130906371804578 21.247874759415698 21.781272290909964 21.926805258531434 21.983709865615186 22.05083908853691 23.720500819322385 23.9628996050215 
0.0 0.1875 0.0 -11.420004596152694 -8.703962699858721 -8.031511628364768 -7.3810569465608244 -6.9089431336099585 -6.4312820369224974 -5.884705538005861 -4.035100525183067 -3.48541378455408 -2.9317171674991975 -0.864658947069041 -0.3821785131115203 -0.1393748779197778 0.6121603462844011 0.6257568459822141 1.063583471019783 2.027475658384156 2.534805301085621 2.552964941569077 4.083410371535526 4.391600890292015 4.729342612577261 5.036395644637603 5.330692076356325 5.548303963820674 6.689455215960484 7.155692484040449 7.329792987581985 8.569483794281437 11.071019273426716 12.144503651968765 12.238713521471903 12.262456157077477 12.789360600484816 12.818409831371026 13.27698008225669 13.344061904311678 13.680192688530889 14.441512937721303 14.67533623185317 15.080562385277704 16.62476276647655 17.29477191751113 17.88136413373108 18.20482409062669 18.8709833782129 19.14194522171816 20.52119237794439 21.145026267933503 21.3100327954025 21.64371685727612 21.912980062301543 21.957723454947384 22.110355937892106 23.40269729701155 23.832440848771444 
0.0 0.25 0.0 -11.298902293214443 -9.04530808234973 -7.989353028332663 -7.4062447978328505 -6.93065507263889 -6.275400406978546 -5.6452494097576835 -4.307568734901878 -3.4748755243758898 -2.8169383053794683 -1.0403949148267468 -0.4140868557418159 -0.3909250849612531 0.7397496616966306 0.7642184499898514 1.1152143281406872 2.1541960032002643 2.5242676565754385 2.754668850576481 3.9868373384725144 4.368343835124874 4.908351277569536 4.912516756997601 5.454785119176445 5.595605733902908 6.471410051393944 7.192834046880964 7.426034963059015 8.98024990826786 10.720108675701303 12.0059397905716 12.045350336203812 12.221526147640922 12.513546797422425 12.707299897394215 13.165943943354899 13.30088568447915 13.588531600187414 14.632255601384855 14.978827332111942 15.258996321982593 16.380853817767072 17.28050387834388 17.98426893285386 18.035410778608743 19.01258620680552 19.389291998444357 20.593821117153087 21.096338306447098 21.300198712378872 21.519410115037388 21.91381876456782 21.95361923361713 22.191540141575075 23.11638206788062 23.82682944120025 
0.0 0.3125 0.0 -11.147651143635935 -9.38439624814416 -7.945027180792768 -7.413937139991708 -6.943040233447835 -6.095648331577415 -5.500773038007114 -4.587722299777554 -3.3817113388003848 -2.7105723700176325 -1.2286857366517725 -0.6711112870905168 -0.4641367153204497 0.8820301968973588 0.9563732927406862 1.2093604401014364 2.222815379463869 2.4628547724228445 2.9059608318390286 3.9601907209855494 4.360826758259074 4.808561143494211 5.072563226753783 5.527801905479843 5.740043114940295 6.241496938374709 7.217463072788296 7.499920280778509 9.409131148085164 10.473362129815474 11.776129608484242 11.800903153839302 12.00436810916774 12.485647947041338 12.4904911637346 13.091813364674913 13.230695540008847 13.588174113631727 14.796364426035666 15.321637624656178 15.395669786413244 16.178655338031913 17.278758449244044 17.777011459577665 18.153049563055916 19.060390432654216 19.68397719135577 20.59332088101633 20.89110487338614 21.33317019953928 21.4402064886869 21.86940000172601 22.034375415020964 22.294146447342158 22.86158801982688 23.930704410155016 
0.0 0.375 0.0 -10.973609433740824 -9.698320237201562 -7.904729982063342 -7.4141773771483015 -6.949828504111134 -5.893188944327422 -5.43536200176989 -4.870217952183965 -3.225586153372902 -2.616016455520395 -1.412787161485269 -0.886937448470142 -0.5523218270604425 1.043946552575025 1.1342515102498854 1.3180347255941054 2.1121614900605383 2.4897662049100866 3.002355310350601 3.98683337928204 4.351450135723213 4.774700633208037 5.18234246708124 5.502148761203616 6.007574968859198 6.020097971593723 7.219924704438189 7.536992061135247 9.822054159602665 10.347646901176917 11.504203358912488 11.606451198970705 11.74819566324708 12.195801930425851 12.574378343300879 13.057063757313903 13.129280927174912 13.651303794297641 14.919711496733024 15.460465661067204 15.667002793992689 16.075654630222193 17.272023591510266 17.59874374274258 18.235281042248616 19.010021048520628 20.017071865213957 20.5172159400393 20.67583102760739 21.3795631509749 21.385559117201357 21.847092031301763 22.126229323977725 22.399752877020465 22.6423234486281 24.081655570511707 
0.0 0.4375 0.0 -10.800215479599784 -9.9588479558664 -7.876722434457741 -7.413095181248372 -6.953218679728331 -5.671251749014731 -5.416828270991543 -5.142671281058048 -3.07125772709394 -2.5477589461727974 -1.5646661300551612 -1.0341162348547228 -0.6186397392715048 1.1977397379219374 1.2390903933782837 1.4205896824032 1.9416625712085482 2.5347720084725096 3.0520220367249467 4.030221181057869 4.320636802884285 4.822938967207185 5.252255737564191 5.45123502849313 5.808675633732522 6.282763227637528 7.1906733264868254 7.539378229293691 10.158282948782315 10.323871535425896 11.28899719044724 11.479560470482838 11.558751962586246 11.91192576168947 12.662313583643131 13.03214285629532 13.037802666051777 13.713303529226637 14.99274472868707 15.445668798725967 15.951997727189735 16.071939644829747 17.233673590532614 17.48200745679993 18.27171512939341 18.931264422461396 20.305189761211192 20.36279839501562 20.584575167652698 21.298920487106205 21.420896534918654 21.86243999771342 22.196093148272777 22.475098413608464 22.47703577647417 24.204994240116054 
0.0 0.5 0.0 -10.709392200907779 -10.079212899974854 -7.866859816074391 -7.412698312447144 -6.954311511664693 -5.4833451075163735 -5.4159231085031605 -5.348909719692159 -3.005387993175924 -2.524262689161762 -1.628068529839596 -1.087761946309512 -0.6442102962402392 1.2698311035111263 1.27073729391871 1.4632568228916818 1.8546374282120774 2.5496021209901434 3.064913782691926 4.049024820391078 4.300338515101017 4.8612599561367436 5.28165276179757 5.4212008850283855 5.719903922002582 6.39722479630238 7.1639805470942814 7.534603580555802 10.299804472748534 10.327202196103656 11.209892365135438 11.44899337465232 11.475057661264758 11.775938896905313 12.703187544536314 12.985516960373284 13.032557274422347 13.736623237979604 15.014483307041656 15.427669729937401 16.071748193522758 16.084695214168484 17.193061065304192 17.44955274835077 18.281041961727905 18.89273201523606 20.28998972880174 20.427644430628153 20.55994116737646 21.244323540866873 21.432339746158863 21.879117748577873 22.22193271975049 22.41026071150907 22.500099276895828 24.24491455949292 
0.0625 0.5 0.0 -10.690849655476763 -10.065028212865675 -7.9043101018694895 -7.491554131754567 -6.923743369514989 -5.539208545887517 -5.365826769806214 -5.284805201206959 -3.0517056087708636 -2.4993795685115776 -1.6593299200163132 -1.0315492402502273 -0.5619424192359417 0.8996502401792141 1.445174256329938 1.6691480636837968 1.8151149817779155 2.5470875173143965 3.07314110688602 4.0561822821507745 4.332567905356593 4.853923046899356 5.264913298912842 5.383947730982329 5.7843138901575415 6.392276241213263 7.130880557846835 7.486085849837994 10.320279750282848 10.358113716262846 11.195096139801079 11.38329750537002 11.452127704826294 11.90192347236797 12.691667575848154 12.808851019709458 13.18500624797298 13.775301818828815 14.961155577005059 15.413494247118278 15.937100166907262 16.231966588869536 17.205203433139015 17.529587453017466 18.28799574694872 18.87440260426812 20.31119483147566 20.40983069912838 20.524389823866688 21.262500229115332 21.44813959810559 21.84164017717604 22.137721345604394 22.23468394377049 22.76715921057134 24.214560009455873 
0.125 0.5 0.0 -10.636190749063266 -10.02371887553895 -8.00761552498638 -7.700721141989237 -6.844243914548278 -5.558573284024419 -5.412052598641759 -5.075999885427413 -3.2027468092545543 -2.4113952224778856 -1.7268275427372257 -0.904020821400077 -0.3485621745168029 0.5656465117981255 1.3926332969557271 1.708570806802605 2.042475876682491 2.5623901864105547 3.082693535912513 4.071567507559077 4.409288248691235 4.810064267184359 5.239650261140565 5.27363578977355 5.950740878059778 6.3742368119030655 6.957427487824144 7.429517825630282 10.294648783708745 10.510983747270483 11.12414194355094 11.243268376150118 11.450722654248823 12.125259598453944 12.649639722327775 12.65426180379882 13.24471318482804 13.918345110869721 14.818892248738925 15.333019883818768 15.830666642986818 16.410889494435196 17.22899136725895 17.725021437657325 18.280464173613964 18.82442824238537 20.325125115521857 20.370194639098106 20.418197939182225 21.281918747566774 21.477704660712075 21.74284008080244 21.850784530789216 22.277938061283432 23.049777198615615 24.105129600585748 
0.1875 0.5 0.0 -10.545656688235221 -9.955844580505993 -8.153903952869507 -7.986410090084 -6.736610293616917 -5.534876178510916 -5.47171447053558 -4.854496115160259 -3.427538594953675 -2.2569301778227464 -1.7847054957662938 -0.7678201974917511 -0.056011330579937076 0.28651305786678616 1.3376703846416331 1.5770414646155817 2.278506990274601 2.7207573004339385 3.0736547597279187 4.086152532146968 4.5000393213942385 4.697221299183346 5.117867500024509 5.271306772446619 6.136527435305616 6.351066956443082 6.672191131253174 7.44238062616301 10.257602310192224 10.695721599590378 10.998126621574148 11.12224220692786 11.438118473838893 12.359587261455083 12.572471930006387 12.60062833359747 13.193227257287244 14.161506788096823 14.635132196817743 15.182114902632332 15.787652414551479 16.631030916238604 17.255720515519585 17.960901077274237 18.247153429992487 18.778838324276826 20.228863090372965 20.26910817061257 20.38940486208058 21.2479170469857 21.48594107832195 21.643301731707847 21.657613028974193 22.377791858666782 23.277968487220665 23.967838610380092 
0.25 0.5 0.0 -10.42009898512339 -9.863596511026255 -8.32630420581076 -8.306300093067998 -6.618838184700488 -5.526849353626147 -5.48530556016117 -4.660051961826147 -3.681289898604327 -2.0688777303560637 -1.8111715428999895 -0.6832124132768482 0.0726041094938883 0.26214931441225353 1.3318099315557228 1.4637039819503703 2.3523453617032315 3.0290383550441136 3.0348460212694106 4.065420755375876 4.521124187101683 4.58777475703257 4.943461788669251 5.386058264329174 5.995112071864196 6.324073255496064 6.668204033990166 7.488796975214624 10.21992583995143 10.642595240857329 11.019147905964019 11.043885499839805 11.429464197397364 12.43708238051978 12.546569025942656 12.675580126572727 13.099490024678268 14.448293486711222 14.453769765574085 15.011432145757045 15.778592489560385 16.883812627617765 17.28128071797046 18.164801351777275 18.183820555292577 18.743431424420585 20.068152089938177 20.117291281340243 20.378616627284234 21.131799400996865 21.452936462707456 21.59465067487122 21.611943018236108 22.54497299251902 23.26245855995528 24.012499142673175 
0.3125 0.5 0.0 -10.260979017358858 -9.751650873273986 -8.633557969455538 -8.510795555631114 -6.505235859426537 -5.564392993978507 -5.423571041160057 -4.515290583007563 -3.928567892453305 -1.8816608984400474 -1.7937217717660034 -0.694176280954728 -0.07664594728387725 0.53426237842665 1.4246583149192236 1.4382599243511658 2.3928428225613523 2.9505572005154477 3.3167141735071426 3.9413178631729133 4.427790154597472 4.622833056131453 4.774819384011622 5.547938158187756 5.595496214483123 6.3001206062533575 6.915964428049422 7.538253676384231 10.188655198580221 10.3888989735035 10.929038200106293 11.199304891983488 11.471844803569311 12.323200922052962 12.483650229701542 12.90726099651099 13.045707048453217 14.315317127652772 14.733744497890907 14.832782437102988 15.787937463392227 17.143597244287548 17.311971064019048 18.08915029391509 18.28256068817633 18.69858610075552 19.861418701562425 20.026382710694776 20.36368109395659 21.005044162167657 21.416605243115036 21.5782307208584 21.63294314422647 22.765846321174244 22.992650885870344 24.26814771052318 
0.375 0.5 0.0 -10.071469196158542 -9.62745227542567 -8.950817087594018 -8.690803626560088 -6.410984479562102 -5.577283444199834 -5.362386996483129 -4.426539377850674 -4.140691571602033 -1.731770513961026 -1.7207266105053884 -0.7827996948049805 -0.17875962248301605 0.676329272615792 1.5903513313868567 1.6142812285269483 2.4338548195218896 2.806152602244839 3.4939039151349323 3.7460348506049383 4.414235262665484 4.631446490990657 4.646894934601759 5.245673016543527 5.711551992792739 6.284310382097464 7.171338900836144 7.572541695767832 10.142076443118704 10.16967959124869 10.857105424500046 11.281878841760584 11.593630599872554 12.185369102937564 12.334893780221106 13.086074454965267 13.13430093545142 14.234944078556747 14.662355785330266 14.972459551868603 15.806508298135316 17.365427665166077 17.382815746209886 17.970758394356356 18.300844504819548 18.667360389607236 19.62035007406288 20.027725802465284 20.373712717992717 20.906001709430893 21.39929626842423 21.56852188032031 21.677045292855002 22.68707104967636 23.02389135106666 24.54732331687759 
0.4375 0.5 0.0 -9.861541204398527 -9.51184429781646 -9.240185930994066 -8.842299155504175 -6.349657745743665 -5.572740819798647 -5.31713578983974 -4.384503690331784 -4.28897192879804 -1.6532794971234768 -1.6134864026717777 -0.8926489676438533 -0.2424471101024359 0.7002502823096108 1.8145562998133897 1.894244578129637 2.470150025359616 2.5675254559945557 3.523493724788848 3.589137226801287 4.423049811162838 4.521116792251941 4.6578489964315555 5.050071012985757 5.8263160024503975 6.272710740414597 7.374731841557328 7.569353112613795 9.96142850546565 10.160372984239228 10.808723994490176 11.32954498785183 11.72965087846447 12.073949519493791 12.141073098497351 13.157319487352352 13.313644539313634 14.196286617263432 14.520492797183735 15.126498667398302 15.822049665515927 17.45220322917512 17.562839986341547 17.821256152592685 18.260611283259262 18.6775964631595 19.399253584087482 20.07024905803609 20.394648736323774 20.839484573548923 21.391136915439827 21.55847049908702 21.71716825072402 22.45562077696433 23.30125735137729 24.7571353753883 
0.5 0.5 0.0 -9.714759149167685 -9.45650211726918 -9.412846527809014 -8.90860111846978 -6.327129538126264 -5.5654051405552245 -5.298786902157501 -4.372293830873521 -4.34166417570538 -1.6097761247625098 -1.5719403000797956 -0.9436858261015203 -0.2618632738713575 0.7027552323750779 1.9088397639886867 2.2466242046368543 2.2501896484196435 2.4951990884824795 3.5029489136318808 3.536287617248081 4.4330167987156655 4.478543215027919 4.665772765688244 5.002552176015279 5.869048095714898 6.2735041930559134 7.498040760541567 7.5211872808887925 9.897305085603255 10.159689900022506 10.793215962918588 11.352300239267665 11.826632721858013 12.021169047743296 12.032564168076732 13.195426998056131 13.39006718825997 14.18801830130404 14.466202383293126 15.18584892540699 15.8317006137425 17.531454247281786 17.633731753152286 17.721440927715623 18.242309857428843 18.704879535130974 19.308568529791142 20.104667345780104 20.404795871696464 20.815350608828624 21.39399737288649 21.55878043406104 21.736541280976244 22.371640171919747 23.48687332015825 24.850004381395358 
0.46153846153846156 0.46153846153846156 0.0 -9.84875814978972 -9.427103551541865 -9.340322748236895 -8.84979071264748 -6.346859714142985 -5.5726648314484875 -5.293881819120817 -4.476925129077033 -4.222901563405255 -1.6516358359489272 -1.589723633282678 -0.9166087624326035 -0.2495011442764284 0.6803929969720593 1.8617971081217792 2.028363502461324 2.4432653915976017 2.4723623636967798 3.5061546681465723 3.581794397671686 4.264815440881835 4.569051644683957 4.757692948751228 5.036619736397369 5.8564984763003345 6.241977093044711 7.426878476806795 7.538745825513865 9.907015759754078 10.194512809737976 10.803018864278936 11.377864539597589 11.760225494873286 12.009200025462416 12.106589224539892 13.146637706938275 13.352000047376244 14.166882581091931 14.499230526197389 15.16561263582718 15.841846262697791 17.451840798069355 17.618408034100124 17.74991964316441 18.275964994832524 18.722172494496935 19.318245847581004 20.01804111896778 20.448583063315333 20.836107599900892 21.388895618618992 21.517657334523534 21.79098760822208 22.404371771321244 23.416734466110697 24.799916701982063 
0.4230769230769231 0.4230769230769231 0.0 -10.074646353636027 -9.388600905165898 -9.228721764721119 -8.687308197758572 -6.396515658330604 -5.587786096715341 -5.277066815151924 -4.571989405775758 -4.078207392690571 -1.807487493929333 -1.5603971809461121 -0.8555920327449155 -0.20685960382320556 0.6338415927191938 1.7296176624403141 1.8728589656126902 2.3859354900852945 2.6183471291116347 3.5126211926205486 3.687906531156786 4.113526239982058 4.6131064636930095 4.957312620399857 5.154849245732793 5.837180200633982 6.163387514278159 7.317194611841235 7.520284730672665 9.936456554134393 10.303458712680015 10.84998923782818 11.443869519072843 11.641298076189345 11.98432321008565 12.265443575367646 13.038711692824378 13.286642103099082 14.114371473357258 14.583381680307793 15.127088042395405 15.874561449640652 17.344805861854134 17.561965417438067 17.774059184719718 18.314406093260796 18.87169436381135 19.33717536249155 19.87604680778065 20.52798316833227 20.897002703860792 21.39303018837039 21.473209115938136 21.8876074701446 22.502629935618423 23.2772835533244 24.6734209255696 
0.3846153846153846 0.3846153846153846 0.0 -10.309039255048017 -9.328409803933186 -9.131006722443678 -8.473393869636485 -6.467140358941913 -5.612617698105162 -5.26005563256496 -4.641996879564655 -3.932026283501408 -2.014654633816492 -1.5071326125610756 -0.7902113588355901 -0.1552836365324225 0.5614215021877078 1.50538128037556 1.8496613916679627 2.2657341063209926 2.7071223796606287 3.4510493975053045 3.815531965954689 4.064030148056058 4.66538563671898 5.143801869350321 5.325137027858284 5.836141555663911 6.031123570238993 7.199299391661906 7.4613386062804725 9.958324996633953 10.469929690546563 10.945020702904738 11.376003412897754 11.629907842932354 11.975608203510191 12.448346050292422 12.922427840198367 13.22051740810427 14.026836894691053 14.671811998224955 15.073162530101282 15.903012486318962 17.249911504244263 17.45360643929874 17.761366133082014 18.376465512665824 19.062395671922687 19.34245447964752 19.786675260129382 20.602689276566725 20.97478305359144 21.414326126672915 21.447276349652526 21.964169012056605 22.629543538317932 23.141544995893746 24.505912057912703 
0.34615384615384615 0.34615384615384615 0.0 -10.534389785409711 -9.24651212232021 -9.028919125235118 -8.255271608245836 -6.546176977349111 -5.64970029141489 -5.25530867591431 -4.682286661407485 -3.7967815231958095 -2.2382213645050335 -1.4316075919877171 -0.7303617864778325 -0.11622446234261419 0.4928926448013185 1.2709245419927768 1.8998871305531804 2.1416333482460597 2.679278462904391 3.3374113077916947 3.9027884365305443 4.1332373121707935 4.741571566586972 5.294691296646551 5.42513060860369 5.839467420909488 5.959962154120429 7.095519689409504 7.378283594851834 9.949386874691157 10.679190637831052 11.054316099968391 11.191166030050153 11.755592290518624 11.987744911543952 12.624604750432654 12.831964050467269 13.173219552474022 13.931977675398604 14.717229680860193 15.036130724847816 15.891776597112978 17.13147046950589 17.305631428468146 17.764469293279976 18.495133690149085 19.078017495841035 19.351287482501622 19.885676608725966 20.669541154147286 21.047120229593798 21.43205805906922 21.46403521738559 22.000804382857822 22.716764846574648 23.051484840258166 24.321122464321565 
0.3076923076923077 0.3076923076923077 0.0 -10.743966071777738 -9.142928297047362 -8.91237229876007 -8.060778444999096 -6.6217027306633405 -5.703212074828381 -5.274419779135421 -4.683104214359485 -3.6832396527402222 -2.45118268469694 -1.330348924399935 -0.6753502622263735 -0.11032408211176217 0.47347647480707494 1.0415101771784696 1.976754197926891 2.0323443084632946 2.5601889748330073 3.212021115113267 3.9816204189701017 4.224482379502881 4.839247314345049 5.387422001518714 5.413609321396698 5.639646989585188 6.206489679008354 7.014395948394356 7.287589649974698 9.88216027951861 10.867823693556813 10.959903415462696 11.320430305511 11.893230392121778 12.010581358968103 12.713471696281783 12.851064101699562 13.151439981635683 13.875584871505588 14.679112628237286 15.065174720008738 15.804542145628432 16.977075592456504 17.190385010425246 17.79199962439548 18.625137779004856 18.999820008592646 19.29523225259795 20.164029220974975 20.730720891198462 21.10925833059941 21.434583748320282 21.5413645201283 21.998659679881797 22.67296330937358 23.07140359619005 24.125548670643788 
0.2692307692307692 0.2692307692307692 0.0 -10.933856523270242 -9.019435596169975 -8.780185597683225 -7.9042205003658506 -6.685863842882857 -5.781369877884607 -5.333374837730821 -4.633377547366058 -3.5991141582354853 -2.634247768290956 -1.2007931523806108 -0.6286599503222369 -0.13227014516623717 0.5145537747548395 0.8237453454576634 1.9039549778045581 2.016112526497099 2.4686221435751237 3.0896798852470333 4.057702522391216 4.277075793308953 4.917497946470777 5.333482287038345 5.3810335263438285 5.527855404472831 6.481415580836427 6.958793495692246 7.20619333337316 9.72056224795588 10.789003363225655 11.171945516958877 11.552161196130243 11.965127899352533 12.084236880660287 12.729049781418071 12.989567107702875 13.13419384547906 13.87660002029623 14.578750846043926 15.125555717015953 15.61322518737032 16.83924875170326 17.134688637570484 17.817944173630003 18.69049485468174 18.93959754438707 19.212740154820878 20.476410431420625 20.7794388234694 21.165566289711663 21.452299772684928 21.635195160501613 21.966920048205715 22.541733391979804 23.128967135690182 23.953439784117155 
0.23076923076923073 0.23076923076923073 0.0 -11.101703675796575 -8.878569166011015 -8.635029034950788 -7.788876312526354 -6.735404940100647 -5.889778764995925 -5.44400326153019 -4.526537612461537 -3.5428930834045373 -2.7753094624022934 -1.0439813987080837 -0.5991526606594276 -0.13820507675290017 0.532559853529128 0.687949874585127 1.7203514204038677 1.9565199597910778 2.507513187223725 2.9726224537457306 4.1157957395954154 4.280842445639937 4.937100416014977 5.171178829773842 5.38671025027437 5.506853664277977 6.712408895688017 6.924174091105273 7.154988016856734 9.457054796899667 10.814023902449035 11.379325403657537 11.810442755118414 12.009787934558016 12.198012288175946 12.802904378091041 13.10608377055095 13.130570939803814 13.925058382877747 14.463762488704864 15.163353445152813 15.338152873049665 16.755018760396336 17.126662279981634 17.825071791585398 18.65704385904388 18.90767005135603 19.142989905351964 20.69854569437327 20.85724943578082 21.226714463445624 21.482725208125444 21.726472350489043 21.93337599520089 22.3945379671737 23.155837856701087 23.848622849665556 
0.1923076923076923 0.1923076923076923 0.0 -11.245665810496135 -8.722925391708886 -8.482934137331236 -7.702592473593175 -6.770570568725375 -6.027267012257827 -5.6086303951455605 -4.365452001807272 -3.5018664917373323 -2.8757775135952293 -0.8710827761986301 -0.5905537252206355 -0.09113720854016488 0.39177004484431055 0.7617651412696324 1.4634602314834633 1.8999380376135493 2.580102343065275 2.8555099134314013 4.1481277708560285 4.2713224687821425 4.851833560767612 5.1127015761272885 5.3982186489798485 5.481010340248036 6.8653891207717646 6.912320746619175 7.1567854419847015 9.131648146905633 10.952601937600093 11.52931517503261 12.030565525958826 12.189042007520982 12.297271201274476 12.92545550430278 13.078688490593832 13.25271290305521 13.97988893044369 14.361086758773995 15.005938468090118 15.179019579475225 16.732873316195022 17.159491316777324 17.81601831007738 18.59893395749111 18.852295240731408 19.08699579054691 20.694248533908176 21.054183425094227 21.290278286738687 21.518787386217983 21.794422652675564 21.92910900317479 22.266753997251158 23.177795633255233 23.831786902839184 
0.15384615384615385 0.15384615384615385 0.0 -11.36468569000125 -8.558727329363615 -8.337930917397154 -7.621021171024549 -6.795615755019165 -6.188912854202303 -5.821250312185497 -4.166641612226821 -3.4656180931508684 -2.9536909138816823 -0.7205888530081186 -0.5784728035136828 -0.0018811902027641386 0.2708182792818505 0.8721038380422889 1.1857912501599128 1.8612857829543232 2.5879046916987805 2.724476766585215 4.165334271216489 4.2948024998971395 4.7239245585034935 5.13233362578228 5.358618292591649 5.478458924997474 6.920871678343287 6.949138630397367 7.188111715540212 8.780793526800498 11.1680275825019 11.649948533276099 12.164919143107436 12.3900214397003 12.489154582544542 13.03981880038354 13.079085785706535 13.35491692624562 13.98794536440142 14.305639265985914 14.701748515225054 15.117653634751234 16.76604837032218 17.210712158019515 17.783774318717725 18.56406020905489 18.778539861831955 19.008380481031157 20.611357760541473 21.17602933313136 21.316486390220515 21.58806027140261 21.842064083150003 21.947894245055398 22.169349404891022 23.27421448970466 23.872808373590452 
0.11538461538461536 0.11538461538461536 0.0 -11.458093984432866 -8.395105800647762 -8.220419864198998 -7.513418904482593 -6.81162176167406 -6.361883410331259 -6.068151154169612 -3.9489267862302992 -3.429287695442878 -3.027253506902292 -0.6489174851426073 -0.5376640216674522 0.11077728334470613 0.2413175698736995 0.8970097506064035 1.002521579466848 1.8431729171529212 2.494312855547398 2.5620185601222025 4.221825355801206 4.338440583500413 4.62928345243667 5.1596156062506315 5.304201111815231 5.464391742921648 6.953871610180751 7.0065331195584815 7.199215250000611 8.435829562090047 11.433959818180641 11.786214185685553 12.211731911021609 12.504422318170203 12.736640606758835 13.06080068218709 13.209063034047048 13.426299058248938 13.951228622865967 14.29341282844263 14.438853900944807 14.996373972841289 16.850088550455087 17.259425351854606 17.722076127620774 18.56028127335156 18.71127587148909 18.901143559735992 20.498932134765624 21.186888273566286 21.27587903212168 21.705605534995076 21.886091895005745 21.96977595856676 22.095756699441644 23.479135974965185 23.951005836195037 
0.07692307692307687 0.07692307692307687 0.0 -11.524907780949142 -8.246251178529839 -8.144039025953065 -7.358149818590077 -6.81686992069355 -6.528735182732416 -6.331974856447806 -3.731623617724889 -3.3943850685693815 -3.112069122890896 -0.6138813066334278 -0.5309477789552747 0.24436768805947667 0.29578968408413653 0.6802638100384836 1.0897245579833217 1.8604820233362767 2.3194674157774964 2.3846904945395178 4.320462719006642 4.388108142754317 4.571745973887607 5.187321534252551 5.273975869683407 5.418267959390321 7.011283244104555 7.055283456692135 7.179703487826607 8.128916954040884 11.726857575259688 11.946563791370897 12.209878376667968 12.56791591291701 12.764720066788962 13.220780884498925 13.330124803824084 13.466804713928845 13.965661395260302 14.194795688145696 14.337642143594246 14.815515595587934 16.98294407772102 17.299269209414508 17.630541732826483 18.584641748839495 18.667711743928624 18.785310077392236 20.390207181369448 21.15496239970624 21.203523273814337 21.824153327024536 21.928262831970073 21.98913172372353 22.04123847776765 23.771324151716794 24.06140158287621 
0.038461538461538436 0.038461538461538436 0.0 -11.565076393460197 -8.137050365045717 -8.105945762530157 -7.162945164603487 -6.80441051322914 -6.667705593566289 -6.591847560028563 -3.5320470651233835 -3.3696432425966503 -3.2210990707437706 -0.583556006439885 -0.5560317999605524 0.36251317721482407 0.37129172114501974 0.5138417731803335 1.1729365428418426 1.92784174099784 2.1332449325600558 2.208065618159461 4.414455702612429 4.443191708482143 4.526483445360587 5.220750457300869 5.270201648022151 5.345830689170954 7.0816031062103315 7.092094106159138 7.1472230986460215 7.898620181926929 12.013667350332362 12.105722233102268 12.197043909790297 12.543639470831053 12.6301060341228 13.382074703685191 13.422248212062179 13.47925475927157 14.068437448547002 14.100264915068232 14.332786414106911 14.58712557921929 17.150834383140182 17.324479601640896 17.4983553427575 18.61390225556084 18.64241814952022 18.68935364836867 20.313073786736314 21.12355399921166 21.137495621771656 21.911451557980918 21.956751710849225 21.99048944948587 22.006772090193998 24.10570269457617 24.219238260064586 
0.0 0.0 0.0 -11.57846824971241 -8.095422954981448 -8.095422954981423 -7.015907905376125 -6.7598760304196155 -6.7598760304196075 -6.7598760304168195 -3.3605342408983847 -3.3605342408983345 -3.3605342408983234 -0.5698687803878489 -0.5698687803878204 0.4219811942613216 0.42198119426132596 0.42198119426134056 1.212827004417581 2.048397997680983 2.0483979976809876 2.0483979976810316 4.476422364125359 4.476422364125381 4.476422364125395 5.273126717396509 5.273126717396525 5.273126717396571 7.118849562520882 7.118849562520887 7.118849562525623 7.806319144868197 12.18945272610068 12.189452726100727 12.189452726137537 12.503095348936133 12.503095348936146 13.45913307519424 13.45913307519425 13.459133108892372 14.024421761111489 14.331621972791138 14.33162197279116 14.331621985655444 17.33211108641129 17.3321110864113 17.33211182798633 18.638325871682127 18.638325871682174 18.638326194525405 20.285351541086207 21.11127018250777 21.11127018250801 21.967239091748656 21.967239091748695 21.96728273890801 21.994610726338294 24.44502931033924 24.44502931042544 
0.03125 0.03125 0.03125 -11.565284862263093 -8.121607553022832 -8.120609904803448 -7.166740846569432 -6.7967659356914405 -6.66476226120221 -6.5998814376925 -3.5321343456508756 -3.367067386857877 -3.223719035140947 -0.5713611891554382 -0.5683696452084152 0.3469583495035067 0.38613137952717097 0.5145321206081163 1.1729945544590137 1.923912833098138 2.138184647641636 2.204310317587589 4.42634364127031 4.430293757689206 4.5264525776201054 5.219294084713017 5.27417018860736 5.3427721292125385 7.088039594160042 7.089671087452922 7.14179253779763 7.897879163954689 12.04086753796453 12.089848234627238 12.175328655546261 12.584041479679092 12.598548404039041 13.38929258596052 13.41342319340868 13.481022452593232 14.068131507687445 14.105996634234195 14.32667765707305 14.585819230694986 17.153077744958257 17.323445313425662 17.495547946802553 18.618037991792445 18.65421986075352 18.672503919174034 20.312817586062817 21.128523642764634 21.13171621171846 21.91185114250099 21.95572090171176 21.990162503398462 22.006646394886786 24.104071279136868 24.215807215203046 
0.0625 0.0625 0.0625 -11.525429013677858 -8.19406106468489 -8.187129635639245 -7.388651874038929 -6.784273897596892 -6.521491102521338 -6.351553358773772 -3.731866661593728 -3.3863838248464098 -3.1205410864547356 -0.5774320941855288 -0.5563967174316649 0.15622688093910198 0.3973960343113055 0.6642122476414962 1.0888602207544558 1.8430121444830894 2.339581635626816 2.3726079016530592 4.322463763295882 4.397599599822391 4.560928804340332 5.191751205860553 5.271524503816612 5.416319989844677 7.02667947206131 7.05628897081887 7.1613938530085175 8.126720000427905 11.798336996593433 11.903806120536442 12.137447561195538 12.634881674856352 12.744485940534807 13.261203994118034 13.28591772378112 13.46699055674452 13.995005256858882 14.191098204312999 14.31920138746222 14.809372875549384 16.997565876824176 17.30149385105571 17.612618923333567 18.636651686086864 18.694895784184673 18.704104750527453 20.390373282621614 21.1665406543453 21.192132204474362 21.825377580859204 21.927359276584998 21.987756760725706 22.04195605825676 23.769635896516824 24.042139376594093 
0.09375 0.09375 0.09375 -11.459103887098335 -8.296206299476818 -8.2788719465091 -7.606759857931486 -6.745722693855265 -6.3524054358208994 -6.094513538868635 -3.943587028278623 -3.4232388504686293 -3.0434415942254898 -0.5858009482523233 -0.5262273152620321 -0.08531279390642839 0.44176399659909116 0.8559372018497948 0.9829014917130763 1.8118331513395485 2.530223263846157 2.5423074337703446 4.214669006463589 4.407958293900446 4.568467013194985 5.193783563745005 5.255449926249727 5.479901848147748 6.963943517242901 7.015143148194169 7.178721571149499 8.426099098519929 11.549911888760954 11.707981878487098 12.090025757181063 12.54444332230986 12.851018213761668 13.089392924026443 13.098415198343533 13.429627212028967 14.039529994086461 14.267817413358499 14.422768303034353 14.958026206304192 16.89581119135869 17.278239320275237 17.662985453182955 18.703036716667825 18.726686836413563 18.740901821222554 20.502692518185818 21.19509042906467 21.269803746146543 21.711650194804903 21.87751482047169 21.97118609698564 22.102077879115928 23.474621056100677 23.90250395031754 
0.125 0.125 0.125 -11.366642787630225 -8.41016843491461 -8.381104901500233 -7.812196167404288 -6.705385980027735 -6.186067500067138 -5.84494882132495 -4.141954280686132 -3.4793713754328732 -2.978636121708128 -0.5874833280145216 -0.4718323384038596 -0.32547020361044204 0.5092418838974406 0.8537497440221234 1.0672341618763146 1.8322582068094215 2.654441660889539 2.6764919620035723 4.163346785483666 4.466272927960947 4.546973608785628 5.2187660958718425 5.231451825158279 5.523643143126633 6.893278295946091 6.965282663103004 7.193021565798952 8.749868297118669 11.32308000057759 11.508102514282278 12.038983709640732 12.366435461650331 12.890485786376521 12.893856818973711 12.902567315156872 13.385072833411552 14.178957425892266 14.24290074498539 14.680816880251234 15.008614544559086 16.863832193861654 17.260197839353275 17.667129143468145 18.754094341308313 18.780891845624716 18.798393122529383 20.624324878586485 21.174438162046293 21.29638496546586 21.619133955125502 21.806394504020158 21.97022323942672 22.189799203427224 23.245088765498103 23.783430083265163 
0.15625 0.15625 0.15625 -11.248129900483175 -8.52362669558485 -8.483716481003423 -8.002392131017645 -6.6816174651194595 -6.058058700817887 -5.619445201064765 -4.288027320143696 -3.552728074937582 -2.909719287768425 -0.5714451531534432 -0.5295473832129184 -0.3911871169855628 0.5950269912537959 0.7048855868301308 1.2702654159086915 1.916048024382553 2.7157998121775866 2.743958084893541 4.181133369106938 4.501759902194638 4.559326458917867 5.22014771682373 5.258619930204905 5.544849632513152 6.813354493141355 6.906070942125452 7.209089647726123 9.069848290369126 11.138559078279163 11.2963110966124 11.970710775063605 12.20000189188039 12.709891470823477 12.725294583125542 12.871767300531182 13.334279990142441 14.217477209880071 14.346619919881528 14.976875716588404 14.982740368306176 16.89518564630809 17.263545912626082 17.652459672175592 18.788379409054503 18.806241694232416 18.892384102860607 20.72802182901402 21.07544220404624 21.18355470323717 21.608344999796284 21.71765367372581 22.005415902820943 22.305084041547083 23.099384933102794 23.697652693137453 
0.1875 0.1875 0.1875 -11.104462405066691 -8.628814216651337 -8.580337042577113 -8.176570303231582 -6.685184359731389 -6.01032386903596 -5.444447377050473 -4.339086248989446 -3.627616586275123 -2.8287606963538106 -0.688835502927541 -0.5318184816058695 -0.2857984862364277 0.5451075072965028 0.6907369000619971 1.4420390370858776 2.0597099874251517 2.689109359799192 2.8056207194364307 4.216592895924746 4.425131464492193 4.642742432217055 5.239484150200961 5.309949564254758 5.553395813637011 6.710857577103195 6.835518004799745 7.225215065705592 9.363489631158803 11.007316984972533 11.068807191540628 11.851310310051524 12.101575522291038 12.520863902938048 12.671422272351421 12.808172717441526 13.25619899883219 14.206101432976098 14.500773175779237 14.898337560834317 15.29403405296396 16.962361559909787 17.306897064128012 17.63992872576538 18.80850227864592 18.831301244806784 18.96106015072206 20.793506646650957 20.899709800705786 20.98288229913043 21.61027341601384 21.613181367790723 22.078433566145232 22.436235347387502 23.043028658291465 23.655073282101327 
0.21875 0.21875 0.21875 -10.936473690849006 -8.72138326155469 -8.666956874850982 -8.333751232129606 -6.720692614816351 -6.066582731709753 -5.358606999532436 -4.271184890854081 -3.6679194581216046 -2.7310248933566186 -0.8108312799817499 -0.4639509224350174 -0.1574943064622561 0.39813576942889184 0.7941400982478014 1.5764507297585075 2.254367647208299 2.6376319920714777 2.858112338218726 4.216655616253396 4.31302002099437 4.663237254920952 5.287748548116681 5.367241359900132 5.5651397002393415 6.588185744640658 6.750927304437639 7.238449225593676 9.616381730656347 10.839356516813094 10.937219590576234 11.696934542843332 12.071040104230994 12.366638859783663 12.735179161156854 12.739275714491056 13.127184211282355 14.228312623759043 14.626214809250223 14.814192246662058 15.577848203268752 17.04327698001448 17.41296188974081 17.641961400622893 18.794344866291336 18.876652179108277 18.993793058612408 20.667101433047407 20.74567677212826 20.81423870079799 21.503253842073473 21.57219685538138 22.174010712799568 22.563086872234734 23.062938000251442 23.660766351907846 
0.25 0.25 0.25 -10.745390812707482 -8.799383973028714 -8.741786994770683 -8.473996163667348 -6.785668260888356 -6.205440529854527 -5.396826990783761 -4.104546885360389 -3.6356251570757623 -2.6198590782954283 -0.9204196042037283 -0.3632874511019793 -0.009342349631776211 0.29944794080554743 0.9012821235492169 1.6821898080891493 2.4761006027001513 2.5858961538957983 2.9172605502955458 4.166573474064363 4.169191805288525 4.58305451987897 5.3283755510968955 5.415627588921331 5.588463635504523 6.460037692527336 6.653617224175951 7.245005654794403 9.819610135023881 10.628162906168805 10.925891676626785 11.570015289554044 12.043548168798193 12.314853871218542 12.682461564317228 12.855142716182582 12.947545471205647 14.299677802578445 14.711798399241076 14.75079872161737 15.804594207094787 17.12259194197966 17.578676877467384 17.655636274874457 18.77384962171763 18.912770772214547 18.986090814476476 20.402255788807356 20.4793982002143 20.792713231955616 21.389693005520247 21.493552769345552 22.271309032477834 22.656871113023836 23.122404015850968 23.70443712833483 
0.28125 0.28125 0.28125 -10.532791532630283 -8.86091309196666 -8.80273927502698 -8.596596017368443 -6.8728995021682175 -6.388507649302139 -5.558752094738417 -3.87830312220273 -3.5234589379717516 -2.503230902171864 -1.045085408138049 -0.2237384738794982 0.15722038127651172 0.28082912679597366 1.0112731503547636 1.7684961832646384 2.5406873705471216 2.696618206589452 2.9970242242058363 4.006968601122382 4.082331570249345 4.4039061141994456 5.307216129400485 5.443632780699103 5.607458029294774 6.352006073241343 6.542911174031368 7.236743838305027 9.96166988084769 10.456150927279081 10.959234293303062 11.526296576420624 11.991346622720167 12.394752584500184 12.63448981382923 12.760472157096775 12.970656312461173 14.419556701065662 14.719171516093452 14.757559273076179 15.979475165623041 17.198559379152254 17.67972132770709 17.780434445839035 18.782715762742068 18.93583261926097 18.943818110750772 20.12469412630882 20.18985284071381 20.752232492592697 21.28225164809013 21.38777315643292 22.35307458173931 22.696021619957552 23.197583685885135 23.759758295507574 
0.3125 0.3125 0.3125 -10.30111652004071 -8.90640359296468 -8.850338945600377 -8.701760327285577 -6.973463227929856 -6.584344418671593 -5.81020302333927 -3.6248042927885664 -3.358119235863102 -2.3954632601040258 -1.1983062110988978 -0.04108237667329108 0.3399991053132228 0.357022995088503 1.1210059647080997 1.8391055395774791 2.502699268758613 2.875640171496392 3.100412185898091 3.8644888678539786 3.976271378295342 4.151050747228937 5.192044388593979 5.445009517476446 5.607202660400417 6.289031349424793 6.4190080990094245 7.200189874454941 10.04798626197139 10.32392074510872 11.002665660480446 11.588390636353486 11.982319381119195 12.513216616859328 12.534406786944476 12.70376715027377 13.055653162463086 14.538852734322266 14.714451490065924 14.772497188894032 16.159419466337262 17.274275656867882 17.70688607187091 17.955525460747307 18.84827746693612 18.876787251839527 18.935450030342757 19.852089437347338 19.89199365031112 20.724036330433353 21.1789533507002 21.261671655231787 22.375608235111923 22.65951738637565 23.271401159353967 23.79682031053819 
0.34375 0.34375 0.34375 -10.054116974762408 -8.93733055855892 -8.885986030046633 -8.790546893609767 -7.078448595115853 -6.77606308610045 -6.112860154383806 -3.366073378474358 -3.168571688502019 -2.3069358510421094 -1.3713839245933612 0.18345825346996172 0.5134385092892447 0.5378511196771235 1.232515226600671 1.8921641009682084 2.4652260030262614 2.931123285360148 3.218431086626763 3.816540172675717 3.854277885381444 3.8613222097261737 4.997854613213908 5.422641090830315 5.580382311782887 6.25250494596105 6.2813229785782605 7.117171227765509 10.093351079375724 10.224138232626164 10.991701570061227 11.741592222622925 12.053467681340754 12.413924937630348 12.684335322755137 12.747055220980963 13.115236040169135 14.580450871997018 14.726256217958717 14.764586560034335 16.40991302923298 17.34820371756183 17.72153248255198 18.072147439532507 18.800326765891572 18.885557557606383 18.95137057741768 19.594420125956795 19.62104024547093 20.73792162200776 21.085038306751915 21.12323079913163 22.27117367242354 22.52215666196435 23.33170923123406 23.791797032590676 
0.375 0.375 0.375 -9.797756673459613 -8.95513258616275 -8.910482303486624 -8.862416038870432 -7.177097078511551 -6.951424842007446 -6.437684963032048 -3.1146312435278953 -2.975782692443736 -2.247640817263967 -1.5510028764627792 0.45185145415863776 0.7292303624809151 0.7497011946592695 1.345373701243566 1.9223056263572966 2.4161623516845974 2.8116892890236866 3.279448551523424 3.5993117330894 3.749089700326993 3.9055557491738013 4.755123737716223 5.394441311481887 5.534811799166231 6.13904919249546 6.2245690150900845 6.985762437438832 10.128822029949566 10.15681374399482 10.886000360071124 11.951259454952533 12.2032622313851 12.420212363402046 12.818798955765065 12.843465107178686 13.15455855284298 14.503607274887742 14.740586869859321 14.747100978130613 16.747138711595397 17.421137168264796 17.711388629742252 18.16053689838506 18.73748153621106 18.748835590591966 19.021948867370494 19.355625305825875 19.432013231865263 20.77476185129133 20.990956533585383 21.046805988150563 22.02584541880457 22.28956984373972 23.37790442566376 23.743033815191865 
0.40625 0.40625 0.40625 -9.542159335595343 -8.962206886012886 -8.926460434335615 -8.916898232996001 -7.260391769425974 -7.1007059670121135 -6.75782500117747 -2.8836832870192683 -2.789015494622465 -2.2228728198121663 -1.7267194802342494 0.7592357691667064 0.9756181653388264 0.9845983741948183 1.4591847451693927 1.9245851429886658 2.3419881746052926 2.584830332655163 3.0296471661020163 3.6451349682195016 3.6532152543454552 4.047653290031922 4.509317234279186 5.380363733764237 5.479401156341001 6.010589035148133 6.1960181669224825 6.80669179217542 10.116905435276683 10.162145567836022 10.711768287737776 12.189639667633154 12.404175302872313 12.491536857177246 12.927570713074113 12.98827537797045 13.186995118434682 14.33766868748393 14.72795804935234 14.741242433418037 17.127752073298375 17.492099383576154 17.672210722834038 18.2654811035866 18.55578368233216 18.707315247957258 19.024403185142067 19.139596417244466 19.323657390454727 20.741203304511313 20.891171612116374 21.13270846444454 21.71596049491951 22.01545855274269 23.404473795002225 23.653319526665978 
0.4375 0.4375 0.4375 -9.308424970905962 -8.961879978731394 -8.952061272014966 -8.936820737413582 -7.32114640042869 -7.219511847368494 -7.046847801424252 -2.6814820408093487 -2.615629744913626 -2.2368305137493474 -1.8925147945424006 1.0992940400481326 1.2156326151206582 1.2594337544680287 1.5723373134263467 1.9019302688983764 2.2260276982064293 2.3169184532101696 2.6557543803867616 3.584510177685442 3.804955933395108 4.149228068163079 4.297833071272536 5.386712636353838 5.431053233790001 5.941239031008793 6.168736065004091 6.59255345434056 10.112357834092478 10.193423631206018 10.522814699692612 12.423111350766318 12.573398955605853 12.591517744613094 13.027974435568225 13.145253706529301 13.216583556079506 14.125327077618989 14.706358063751079 14.718515961405412 17.4808256631342 17.544111925089766 17.61524426633725 18.380844429741227 18.398065289527196 18.678779709349037 18.98483497438424 18.99402666181667 19.2413826384107 20.668261115137433 20.849552466943432 21.183061563719765 21.42105280692532 21.832458630438563 23.41455845705111 23.541314669430914 
0.46875 0.46875 0.46875 -9.139296251682806 -8.961116147631142 -8.956906820402196 -8.943996221362339 -7.350896461538361 -7.301612277010941 -7.262381577949722 -2.5118574509291154 -2.462338758686774 -2.288602057252388 -2.0388458165284207 1.4612617186975516 1.4699185450487824 1.5332470521477564 1.6795920628498089 1.8510292603128464 2.0439129994985277 2.062203387358486 2.26636959209426 3.5491707004918918 3.9682268218210255 4.152529626020886 4.1678094554525815 5.393076100256329 5.400010350808945 5.985062481323643 6.150460269919596 6.361674996837163 10.148677901856615 10.220194804070838 10.356978081217612 12.613709688512808 12.646332944873622 12.689540131156901 13.153741945819304 13.242702184994313 13.25302870424342 13.934794772115916 14.685209027452277 14.689207174745768 17.560677287828952 17.571249759135206 17.742741754620216 18.357848839246167 18.439576725058007 18.574312768062224 18.97071918702416 19.01365641808157 19.15022128969469 20.609554195214294 20.88144530600406 21.067498053279206 21.177305932744673 21.846772793012114 23.413565516330575 23.44283562696254 
0.5 0.5 0.5 -9.0848928161675 -8.950126148452764 -8.950126148452703 -8.950126148431403 -7.344857918797435 -7.344857918797422 -7.344857918776854 -2.3800722805424694 -2.38007228054243 -2.3800722805424233 -2.1164408945210003 1.7201192708255375 1.7201192708255384 1.7201192708255462 1.7543249198327553 1.7543249198327837 1.9161173792994428 1.916117379299444 1.9161173792994617 3.5401328561535492 4.100767020584774 4.100767020584797 4.100767020584828 5.392026071669676 5.392026071669698 6.144723576456573 6.144723576456606 6.1447235764578165 10.231134494045245 10.231134494045389 10.231134494409533 12.694914803960394 12.694914803960396 12.694914864128162 13.257046932482014 13.25704693248203 13.257047019069196 13.851938674632697 14.677774521263467 14.67777452126347 17.55827120595559 17.558271205955965 17.847478684773005 18.438370484377362 18.438370484377472 18.438542712975355 19.051507629926377 19.051507629926434 19.051571467644795 20.586395953446697 20.98901991190779 20.989019911908844 20.999086830949118 21.88866685455164 23.400335372342564 23.400335372418276 
0.4642857142857143 0.5 0.4642857142857143 -9.128722840479112 -8.973002477184842 -8.952634952975414 -8.939233579174097 -7.350730985527598 -7.29881939461447 -7.280098896661092 -2.5022289554003425 -2.453507880551036 -2.2928777253507704 -2.047281330136459 1.4450172918907531 1.4912634705996226 1.5936552395850818 1.7045105892115617 1.8509120191678747 1.9436981522376349 2.1094467196458244 2.2354537645276804 3.547148702985217 3.9830234685693418 4.1324226053911275 4.175708618174 5.38320359699902 5.409678185827094 5.983816295633034 6.161471408217383 6.3425453171020525 10.152091836736407 10.222909622580127 10.346547718360107 12.62575151245495 12.646054211474718 12.694997716006151 13.16095541433644 13.221385974734105 13.283037359379724 13.923330284754062 14.67347474324886 14.698709186738835 17.55693293911715 17.570143942972003 17.761012299274643 18.354149078822463 18.44736553483544 18.561244156517194 18.959516978629388 19.03484913495146 19.141081863125375 20.606687954669518 20.888461961661385 21.054966363530152 21.165129154100836 21.85107440581401 23.403698575812662 23.44366041976662 
0.4285714285714286 0.5 0.4285714285714286 -9.254395685863408 -9.042354261218179 -8.931929914148844 -8.909025584990433 -7.33221976597912 -7.200385618253956 -7.103734542006183 -2.6636943568548004 -2.5879414618396965 -2.2385782410244426 -1.913444537733672 1.0988198144973096 1.1940488359973922 1.417374279907818 1.6076151493391155 1.9170042792939213 2.0690269341478267 2.3873199497448776 2.5818276221078484 3.567964587690289 3.8363280952048937 4.203252883685063 4.230760501379827 5.358367014568239 5.46485341945831 5.8965047762634155 6.211745087780123 6.553403097594176 10.109595621468717 10.206050813769883 10.497679798225722 12.452641375309405 12.560592867446433 12.644815316689657 12.99646574996208 13.154577062786121 13.280412241380315 14.084868298012298 14.670607329427865 14.752801600492795 17.480738714645373 17.54352742301741 17.6855630366676 18.335295136281488 18.41589659072948 18.670843519958495 18.888203810459316 19.072934715544175 19.238596449490288 20.655764250171188 20.858350564038307 21.17002194380156 21.393121433522065 21.822230410720184 23.361838866483502 23.54933907931985 
0.39285714285714285 0.5 0.39285714285714285 -9.42649073395022 -9.147016387320312 -8.885228391722306 -8.858134947960275 -7.2972974387863525 -7.059892392743474 -6.854308290462694 -2.864013319132604 -2.731807169647616 -2.2132253553968626 -1.7629109548614272 0.7553811115019706 0.9205391055265533 1.2270873777390683 1.4956264105724293 1.9697242526472976 2.1977340704518986 2.6475692791424206 2.9040288022834275 3.5968816033117887 3.6803994654440255 4.204507954965629 4.36968809151122 5.324865823370368 5.5463523431065775 5.894635346795662 6.287395235290602 6.754479387454215 10.093088259671475 10.199388738119179 10.672010233278742 12.227432954058722 12.437001071583259 12.556060151999187 12.81445475922605 13.08211787496482 13.253149763691962 14.260800214876925 14.668994655555952 14.815885559252939 17.20285705507093 17.498331483522566 17.762513402161137 18.21601250389811 18.47350747517234 18.70265201547854 18.896037183878615 19.21822017510854 19.35644778964278 20.711070174471644 20.882739309855733 21.171293603230446 21.659354385264216 21.954583796691757 23.28148770437226 23.668214526030667 
0.35714285714285715 0.5 0.35714285714285715 -9.615317559806918 -9.27061001708839 -8.819083884705666 -8.786343156813391 -7.2495406256791135 -6.893654759478057 -6.56462467757992 -3.1015093342796933 -2.8837148578108995 -2.2149887176212673 -1.6113685649017793 0.43393442484212186 0.6659570839814075 1.026791622259728 1.3729953129464645 2.014620090309793 2.3209173859761787 2.8485100426170678 3.1697517777635507 3.5034656934545203 3.6742359304663927 4.190417200590194 4.525900149616644 5.310960952987992 5.63270403650807 5.953196868511035 6.377406895397044 6.921131619244539 10.082369417434512 10.213365310778139 10.844162970568927 11.995383084490614 12.276760495304783 12.455963964163411 12.652544873278984 12.997315731934128 13.1977043836707 14.392304797929048 14.671940741007228 14.875403908917095 16.89180325552813 17.425292374247185 17.81045743862081 18.084845137673597 18.52472300035335 18.763711591341682 18.945174340482474 19.390039329464287 19.518905503228524 20.761482606801998 20.87474142816674 21.141215204685555 21.921032500326856 22.2256769971962 23.18294814319809 23.75134269039555 
0.32142857142857145 0.5 0.32142857142857145 -9.80343151349228 -9.399826163989815 -8.735916339243177 -8.692587291185212 -7.190289387338676 -6.712044171412486 -6.255521933778424 -3.365179288012463 -3.0362385351146455 -2.232672827890716 -1.470181032812751 0.1547062629476483 0.44287511187403195 0.8221644622001977 1.250255513501466 2.055918505551387 2.441662214784362 2.951951445914808 3.232815461585823 3.5144786332675606 3.7694501956942728 4.199436006702671 4.67726847847015 5.349544473152235 5.70710337032212 6.0428559966925635 6.471887324933099 7.045508594000578 10.085427642045115 10.256447990328118 10.979903591723822 11.807897081761197 12.106004495947593 12.379371513287687 12.524594174668039 12.90012966588743 13.126637367850234 14.471348285030958 14.676513818878536 14.940582102517078 16.601689381163286 17.34067213536689 17.714785029110995 18.102929153344647 18.49115285324963 18.944860405682167 18.970840167577855 19.539963688368665 19.750393845418145 20.712755739583145 20.89339422197966 21.21193357848484 22.117288211938238 22.557300897314146 23.12470177917416 23.763718118955975 
0.2857142857142857 0.5 0.2857142857142857 -9.982034206228423 -9.52740015848018 -8.638934119374744 -8.578420901782989 -7.124502846688412 -6.52642730936713 -5.94758589151785 -3.649731180325137 -3.184262487793621 -2.263842819407989 -1.3661878901173743 -0.07092219101494977 0.25643656671888615 0.6189413651984139 1.132908982053606 2.091634862827427 2.5428999031449124 2.951630991683568 3.08712962604905 3.711517601541408 3.860027845365769 4.266386304386973 4.808054916378769 5.4309231735205685 5.752455175555298 6.146573637753992 6.5558338549329696 7.117970649790248 10.115285644122373 10.310338271817162 11.04054442346199 11.671991427862107 11.936154177504106 12.362628472646588 12.428223238421802 12.796069376594104 13.040064249934353 14.511464732757839 14.629535636485723 15.01754678828676 16.357410590769522 17.24091882177187 17.57175301387484 18.130240666200127 18.46855129032902 18.961810102533477 19.15824332246852 19.667726666967805 20.021568224653066 20.594971700626168 20.99182397689851 21.3002727719216 22.19087695680761 22.84558287157919 23.205251814290467 23.653977673558906 
0.25 0.5 0.25 -10.14596734732973 -9.647881239884025 -8.529905235068796 -8.445595897920494 -7.054954069709787 -6.34346625684708 -5.662857476921175 -3.947487737901294 -3.312570436359657 -2.302227384592924 -1.3301677603161806 -0.23795821050571705 0.1163106210498355 0.4409671996479754 1.0321053580678627 2.1277487677237303 2.5870679678271418 2.895592170462468 2.9504644898551193 3.8754464865492375 3.9362100313837916 4.400708826249399 4.921104434007847 5.489720833764134 5.790524527459133 6.266140518115491 6.611253651461133 7.149195370999487 10.184655238935337 10.364972926198229 11.033827458239362 11.567307217318012 11.781899863796559 12.36127874690776 12.429514870419668 12.702128159975185 12.949971201951659 14.438069124309603 14.623205802458314 15.101270696754801 16.17791659171202 17.120201940652816 17.451793923528996 18.073201010932774 18.494817471050244 18.93482123990449 19.382226452827673 19.783993540891327 20.296141195258222 20.515050713528705 21.103106965022114 21.36565854596076 22.17374250095003 22.897732075026912 23.32425556850365 23.689981766268872 
0.2142857142857143 0.5 0.2142857142857143 -10.291435802170906 -9.756777264058417 -8.411064492516013 -8.295358130134787 -6.986751584056212 -6.168160071993213 -5.425044162048939 -4.246259629057415 -3.396527106366865 -2.3415563387578313 -1.3663554464833294 -0.372630129023666 -0.0035872765722694904 0.3589200025517794 0.9630107435322603 2.1666386170657486 2.533340999000785 2.7283850893766206 2.9807690798154303 3.893588895835634 4.11116918816979 4.5660767659472485 5.0225275250526655 5.4490288226471595 5.876886993576276 6.409661796141614 6.616582142430069 7.174260779432425 10.28846757486695 10.420452752777706 10.984840426706713 11.484909464694956 11.662056556396598 12.32694422647294 12.51638869792963 12.665953202870526 12.876561975068272 14.254803698376616 14.702808592609735 15.187434482724306 16.05548527908129 16.972201657381888 17.367836424148848 17.971279016740947 18.521250357545952 18.913152017671223 19.614388582688346 19.89903300611268 20.416493996411248 20.632668789267218 21.221091849777928 21.401096256444823 22.121112627926458 22.838543302395536 23.244998849068722 23.947044258558172 
0.1785714285714286 0.5 0.1785714285714286 -10.417061000240102 -9.852289860914297 -8.286935063737031 -8.130459631874961 -6.927875075717416 -6.006315030255125 -5.263298388934863 -4.538893174055193 -3.413507471738264 -2.3834694679151367 -1.4455385524590052 -0.5086837300842769 -0.16047628513713372 0.4231748144381487 0.935763752426704 2.2016990404891734 2.4242806486361506 2.5349946299398813 3.0562369919111 3.892885530196356 4.265602961842536 4.718632527130759 5.094927949939371 5.3488486561853446 5.9733090972015495 6.531700725985502 6.594176105190391 7.223329314512801 10.372661377039712 10.480274999259853 10.9274384767331 11.411318980335384 11.592085405676155 12.28937897158348 12.51091899485108 12.77547562827391 12.827363128953552 14.052276153597308 14.796219330601483 15.263138504123916 15.976536320256121 16.794186340402195 17.31055467013359 17.861786529529464 18.50529407854716 18.900778474286632 19.835445257744205 20.0074556170783 20.42226608821987 20.877129943680014 21.34069332447538 21.41220145533228 22.0597448336283 22.72510912779312 23.165364488926187 24.115386430123266 
0.1428571428571429 0.5 0.1428571428571429 -10.521307296622226 -9.932544797531309 -8.16374252704486 -7.955975608129005 -6.887299343121017 -5.861518438997099 -5.190464838404081 -4.813465467384038 -3.355835576661763 -2.4263408579690555 -1.5272353312490303 -0.6535699583668746 -0.32661311671423854 0.5687457437284213 0.9659475785085653 2.1775443922248314 2.299819484556333 2.3876985894387865 3.1178754703913656 3.902516669476778 4.378788263453867 4.815195899562014 5.107984625006558 5.310467282784595 6.026057907255339 6.445187152160877 6.754610325269018 7.296528725353185 10.39238492071333 10.507132686416732 10.94211223442437 11.355363990945603 11.551997787984435 12.198812096841625 12.538168093362303 12.790036061062892 12.935186401846787 13.875151212458707 14.881425088581446 15.331856035316928 15.932390758584937 16.601950247463474 17.272016579500658 17.751679093430493 18.44685759800378 18.89432580585602 20.02995034649801 20.1021067600634 20.448522800437285 21.07144868166468 21.414240742138222 21.480861174906423 22.010794604029467 22.590520118383544 23.080358539626026 24.20407179383725 
0.10714285714285715 0.5 0.10714285714285715 -10.603154702335281 -9.996145659972566 -8.04925455646133 -7.7780588621899724 -6.872945258050207 -5.733175809415024 -5.192999352334681 -5.055553313156691 -3.2454448385878703 -2.465475570351603 -1.5870901746064487 -0.8029171963440049 -0.46440151990743633 0.7292709731194639 1.0686980131197128 1.9958204712417629 2.1639499904435473 2.3994691452768304 3.142069977163175 3.9358539620604955 4.421965095589755 4.825073042598731 5.140501441243006 5.342193122646896 5.9913462531559585 6.3833623031146205 6.91827305936452 7.380376190055986 10.373807238743893 10.457296314701075 11.043762617070414 11.34071275665742 11.51902473653529 12.071481859216831 12.620683264703706 12.766172864943291 13.070300440332348 13.756452033996693 14.945288012684127 15.393649778274952 15.91987455785538 16.423007541449824 17.24478845714219 17.647057707683924 18.38061814632909 18.893398675962217 20.174747442073713 20.19882344704165 20.491575142003445 21.168366912001247 21.460334580776273 21.615531088922175 22.00397011586118 22.463049277419742 22.967540220763834 24.240553790145672 
0.07142857142857145 0.5 0.07142857142857145 -10.661828339260701 -10.041891951765429 -7.953511019558118 -7.60836905419701 -6.889791958223352 -5.621518255162591 -5.255203899620156 -5.234019474206794 -3.1250334400399877 -2.4964818610285695 -1.6175509914457284 -0.9425874539908525 -0.5632958342276269 0.889020178772331 1.2262487918565463 1.7546069625227292 2.0354344328764187 2.461837401231983 3.125442422886862 3.9857967348141905 4.386008772977677 4.830444613219454 5.206327778533063 5.382401387182472 5.880346498335173 6.379340443078669 7.051973137507966 7.4590469046514825 10.34125131360478 10.39091796986058 11.14396802949114 11.373244971985184 11.485884284447886 11.941161156019412 12.705813593823638 12.773559246944105 13.136340599573153 13.711473890949009 14.985437698674165 15.430137079589343 15.942450833052826 16.27940108732834 17.224475531768316 17.55019355617641 18.326531338445754 18.894440880738973 20.241706633582854 20.318552036662055 20.53294253634064 21.20457024472255 21.47916277061778 21.75015667153167 22.07094940225904 22.36670504283269 22.821662761693002 24.253554069371297 
0.035714285714285754 0.5 0.035714285714285754 -10.697265822162132 -10.069636001533558 -7.889152796895131 -7.470765148030478 -6.929303178850561 -5.528552361374734 -5.376903645157108 -5.303633137547025 -3.035748868013357 -2.5148313189383025 -1.6260223793818276 -1.047162895792423 -0.6225365185727004 1.066440427889239 1.3858402638634986 1.5083392747555802 1.917404101949813 2.5240177170180345 3.0871167993343738 4.031879882964188 4.327804101595785 4.852265186086485 5.261023417384582 5.412052750589044 5.7687529188538536 6.393131785926647 7.137995508122478 7.514956427633332 10.312898711247847 10.34438076789408 11.197184326720887 11.437466482498085 11.461449652025172 11.828809348142423 12.709033929620333 12.885451297959227 13.108799246902317 13.724201848971084 15.009360539667128 15.43402101694848 16.00104795694999 16.169918202405537 17.20579362048104 17.477790770581137 18.29712035449737 18.895542524219074 20.281338016724387 20.401769516057158 20.556847302113496 21.232190033498163 21.4536439736757 21.84689443640281 22.18565442506477 22.33225032219941 22.64851560463504 24.253438433948354 
0.0 0.5 0.0 -10.709392200907779 -10.079212899974854 -7.866859816074391 -7.412698312447144 -6.954311511664693 -5.4833451075163735 -5.4159231085031605 -5.348909719692159 -3.005387993175924 -2.524262689161762 -1.628068529839596 -1.087761946309512 -0.6442102962402392 1.2698311035111263 1.27073729391871 1.4632568228916818 1.8546374282120774 2.5496021209901434 3.064913782691926 4.049024820391078 4.300338515101017 4.8612599561367436 5.28165276179757 5.4212008850283855 5.719903922002582 6.39722479630238 7.1639805470942814 7.534603580555802 10.299804472748534 10.327202196103656 11.209892365135438 11.44899337465232 11.475057661264758 11.775938896905313 12.703187544536314 12.985516960373284 13.032557274422347 13.736623237979604 15.014483307041656 15.427669729937401 16.071748193522758 16.084695214168484 17.193061065304192 17.44955274835077 18.281041961727905 18.89273201523606 20.28998972880174 20.427644430628153 20.55994116737646 21.244323540866873 21.432339746158863 21.879117748577873 22.22193271975049 22.41026071150907 22.500099276895828 24.24491455949292 
