 4.51879255  4.51879255  4.51879255 90.         90.         90.        
C  2.25939627 2.25939627 2.25939627
C  0.         2.25939627 2.25939627
C  2.25939627 0.         2.25939627
C  2.25939627 2.25939627 0.        
C  -0.85740782 -0.85740782 -0.85740782
C   0.85740782  0.85740782 -0.85740782
C   0.85740782 -0.85740782  0.85740782
C  -0.85740782  0.85740782  0.85740782
C  -0.93320935  2.25939627  0.        
C  0.93320935 2.25939627 0.        
C   0.         -0.93320935  2.25939627
C  0.         0.93320935 2.25939627
C   2.25939627  0.         -0.93320935
C  2.25939627 0.         0.93320935
-93.16120766
56 bands 
kx ky kz  bandenergy1 bandenergy2 bandenergy3 bandenergy4 bandenergy5 bandenergy6 bandenergy7 bandenergy8 bandenergy9 bandenergy10 bandenergy11 bandenergy12 bandenergy13 bandenergy14 bandenergy15 bandenergy16 bandenergy17 bandenergy18 bandenergy19 bandenergy20 bandenergy21 bandenergy22 bandenergy23 bandenergy24 bandenergy25 bandenergy26 bandenergy27 bandenergy28 bandenergy29 bandenergy30 bandenergy31 bandenergy32 bandenergy33 bandenergy34 bandenergy35 bandenergy36 bandenergy37 bandenergy38 bandenergy39 bandenergy40 bandenergy41 bandenergy42 bandenergy43 bandenergy44 bandenergy45 bandenergy46 bandenergy47 bandenergy48 bandenergy49 bandenergy50 bandenergy51 bandenergy52 bandenergy53 bandenergy54 bandenergy55 bandenergy56
0.0 0.0 0.0 -10.512483250343266 -6.606208836971344 -6.606206947300189 -5.285055908597511 -5.285046997645026 -5.285045365604842 -2.267467922464736 -1.4155296056669253 -1.4155153705110182 -1.4155143365308418 -0.29523365295362297 -0.29522032272074544 2.183517147846993 2.3995985240726405 2.399615715428536 2.399619487032764 4.284584512631442 4.284599071815204 4.2846072209141095 6.739757320023672 6.95967747591469 6.9597011148979 6.959703593296405 7.774216384734839 7.7742212204684895 7.774245189771979 9.408087043363327 10.586677237706331 10.586699548771932 10.586707362786342 11.975413443994578 11.975469090335649 11.975481716047943 14.781687011970972 14.781712415052711 15.380530964528717 15.380582576870244 15.38059449917767 16.387412306744842 16.387476572826653 16.38747659264699 17.17738241005139 17.177383317570413 17.17739589436778 19.71387881617246 19.713908849505767 21.2162547400834 21.60436228285084 21.60437020676467 21.604423879993487 22.813980026904822 22.814057775893495 22.814081234666403 24.02749358255625 27.570017609363084 27.570061811699983 
0.0 0.0625 0.0 -10.491792010658049 -6.726607421178667 -6.591105299306007 -5.3542112303128615 -5.2092864718084595 -5.189781058317393 -2.2318175195855567 -1.6648740327682068 -1.5224890320708206 -1.187550799272715 -0.30848766280470147 -0.13899552348222674 1.9195221690078406 2.3206247084495293 2.390886220844315 2.647473160471883 4.202652175144623 4.332911811583464 4.48477078537567 6.628380462941523 6.7349867916073505 6.965510570963974 7.033845447937035 7.716841724738201 7.865156205854224 7.962431042978107 9.557867806745648 10.56047803601728 10.594067851338222 10.633741760461392 11.86023855045904 11.983867443478909 12.004363050629339 14.668257189141903 14.795921163459028 15.348682730021547 15.375413132778059 15.395845826991913 16.238673872425515 16.342591809504253 16.463194519932344 17.04525461371889 17.13947664966417 17.31933996830224 19.749276992107557 19.80593264311975 21.234031545006918 21.52006453590462 21.66466386707582 21.688743913778836 22.648370135095792 22.81299414669511 22.982157892645834 24.06963681297845 27.178043093203176 27.52100402315489 
0.0 0.125 0.0 -10.42989281778602 -7.017608974238144 -6.5475600378708085 -5.403656485004897 -5.069959991522486 -5.054432482474117 -2.206815082222996 -1.9395075186241888 -1.6412564307261504 -0.9783404779220545 -0.3538382909421397 0.19247767242652536 1.6086937277457647 2.101133129761927 2.369547499927369 2.8907642160079314 4.269799642293616 4.475836689746364 4.684633036768233 6.3850108176124625 6.465567897430161 6.972404912007364 7.0422472903084135 7.646909959971982 8.097161166636502 8.24874629647368 9.916237201796909 10.577912032618626 10.622246158035837 10.68204981186677 11.535256011969773 12.017147414131065 12.069606311946826 14.352049267394177 14.829186888847298 15.267473602834603 15.312438008746987 15.38828659454879 16.05209018743207 16.20952352412366 16.44102832943553 16.91579311921844 17.047727817934373 17.47513616785004 19.84585741661432 20.019213984084605 21.322335644822314 21.405307343662866 21.78068143799212 21.8067308812061 22.50395268499182 22.780468224367233 23.124479760075324 24.18840274560967 26.74636031093906 27.395352479623437 
0.0 0.1875 0.0 -10.32729484968012 -7.384694555267931 -6.47798427667262 -5.435979552043663 -4.923310831888654 -4.910179172811379 -2.351455100987302 -2.2360382720632344 -1.5145297016199668 -0.7811578780094027 -0.42676962420054354 0.5485819011041666 1.3817376497858103 1.7958607765643764 2.373321658305568 2.9947439547887513 4.3911506970465295 4.697639813856474 4.804152867104947 6.076544409729052 6.32330973377725 6.99388970258037 7.124242653238967 7.611353878021976 8.339725334024225 8.46407427019626 10.337144567435981 10.67166771905556 10.715482935144031 10.726701010360156 11.09931757114297 12.072005083262171 12.160836901135594 13.874203114321809 14.864665211434184 15.136622822457797 15.161814277527323 15.287036595466612 15.880048733247252 16.00530186160984 16.349917485941706 16.78748796408527 16.960122181466993 17.6386564230868 19.994101300500304 20.23765916294969 21.241416694080314 21.517935656958397 21.873902595147648 21.996325291433845 22.386755194585167 22.731347909302407 23.23445849369659 24.366826864454495 26.322603314742494 27.216171477593303 
0.0 0.25 0.0 -10.184646669854239 -7.776259995812592 -6.386507878592093 -5.4551036207643 -4.817260224009014 -4.750522311263582 -2.5516368048777958 -2.548166248247263 -1.2795874633065434 -0.589752876120899 -0.47315844158955545 0.8309068257912892 1.2999741539264729 1.460268319871174 2.420458508935481 2.9481189498705227 4.386270203199589 4.858613095689546 4.948023368111593 5.942469486717143 6.210736678884642 7.040765379357556 7.432717094487312 7.54161503101732 8.417990328899016 8.67049019581955 10.369165126363429 10.74065937341613 10.885371548770534 10.910796349701684 11.00757127083154 12.136117592209546 12.261459677302442 13.31459423158358 14.855477858935325 14.871530889269772 15.002437895507086 15.076272030612522 15.754686912107331 15.76400434700688 16.24738341672814 16.655824080849623 16.90821980029092 17.796557107473447 20.17801632491671 20.395750248825397 21.039457997871338 21.766094473539233 21.966865689302626 22.220179523862992 22.283462608970304 22.711514484985894 23.305945625242593 24.581539759655374 25.937697935648792 27.00962961891636 
0.0 0.3125 0.0 -10.002353348933406 -8.167128329530941 -6.281490163837853 -5.463939761643931 -4.78919505142463 -4.549346526352336 -2.8666105622424976 -2.699086639458875 -1.1884053671512023 -0.39385395293391084 -0.33693131937737086 0.9489892530782694 1.1298158816552146 1.4128608092698876 2.516078795286196 2.774557575034172 4.2124851326007775 4.830041979089802 5.164832962580477 6.083496153495838 6.19093437029826 7.085141687704457 7.530989591876731 7.81728042866127 8.303062405579178 8.885963122988011 9.923372102733502 10.775828684283423 11.136853948340953 11.144188936542196 11.406863313626198 12.202395958820007 12.359079885136458 12.776787437530357 14.489093448069626 14.751569649822079 14.832132211763046 14.839391364489419 15.525176479836208 15.70062795518011 16.184088595339507 16.525540473665256 16.88733412423567 17.93361043583875 20.378488924386037 20.497638027892123 20.837434068233385 21.94675620717145 22.041431071615097 22.18122337612042 22.367556647114625 22.856377270393683 23.35771907232524 24.813580538954845 25.611210775015888 26.786953819305268 
0.0 0.375 0.0 -9.782658554247138 -8.543120814116687 -6.176706012618507 -5.467468655739082 -4.8152373435680165 -4.322969181231499 -3.1836437972565577 -2.7746153462249277 -1.2731642525689137 -0.18951687316541027 -0.020534136549927653 0.8161611336794705 0.995546924954638 1.5882355558013983 2.512589693537036 2.647929133998485 3.9659716304030512 4.7416896956713 5.307163776253133 6.343874293478031 6.415312604014419 6.95546515788112 7.625408387847564 8.005233781806771 8.242246919786602 9.048768369856171 9.619384352289519 10.819739124828276 11.151152695402889 11.40754945530083 11.772515833612747 12.2543609106995 12.418142432450317 12.525493056347 14.124076921750845 14.437937881594298 14.605830506937362 14.681326142328333 15.39457903345789 15.678165351698427 16.161261830323326 16.40219964541279 16.88245906747441 18.04119955631604 20.54585134920705 20.5830980174888 20.66372362324342 22.029483215625376 22.04829380097505 22.140101162035325 22.33999357330645 23.184009887965665 23.393164031768595 25.042513760648543 25.35272714188169 26.56065705325598 
0.0 0.4375 0.0 -9.527867698601659 -8.893565938250042 -6.093758551802037 -5.467466926680189 -4.859206157326737 -4.072254205708639 -3.489297565691573 -2.7931188133986815 -1.3769731249891224 0.029460469354293754 0.27400042418022114 0.531022200893479 1.059879240769372 1.729660914757296 2.222048080107012 2.790361900056671 3.7405719949511913 4.670153264614071 5.3908208155796125 6.632085970338407 6.807295062966343 6.808255360968511 7.535543792945282 7.709710729517826 8.502521180650668 9.140709939377174 9.686420031961218 10.76644419408773 10.874951618380459 11.61562358317057 12.05064732490834 12.293130550624003 12.423381691230727 12.688078749956768 13.859288454930985 14.148038003784837 14.339535619478223 14.56683808223687 15.356050268707651 15.68489859861479 16.173817444277695 16.302011205775628 16.882279971597036 18.112578522040472 20.54978843805664 20.58987083476701 20.721475185743266 21.953962998218866 22.11477695524969 22.173172014502263 22.27123329216284 23.418977564690678 23.461705784864588 25.18588248126574 25.24457626275325 26.360736475405364 
0.0 0.5 0.0 -9.295617231952093 -9.158460243402217 -6.061758782336823 -5.468125248987972 -4.882028894624892 -3.8493958295321398 -3.732945726841364 -2.7957208872549573 -1.4212550943970688 0.2423982058801438 0.2912759664497691 0.3892610274572079 1.102618258407859 1.8147086903629894 2.0451822521085425 2.8596892139392724 3.637420130740136 4.6423040052895646 5.420313534559608 6.705910924802041 6.89041222864109 7.077895664099488 7.3557360153711935 7.464877743564917 8.606040174816412 9.164945788246564 9.925074093927083 10.408952456954466 10.896577753430329 11.694545598526645 12.16682700149559 12.31205235837053 12.39802234877791 12.824317833751776 13.758344149120925 14.00932989791696 14.205071957730727 14.520307597082041 15.346060810996299 15.689344884330252 16.19547151097514 16.244074618863024 16.880368155325524 18.133782090509847 20.506164119915347 20.600009961042318 20.773790546817253 21.91812654627624 22.147196733891008 22.182838870669716 22.22026735417923 23.424143150287694 23.560125487741335 25.12591964208251 25.335603151851316 26.26646698304543 
0.0625 0.5 0.0 -9.276935187800833 -9.139592564248092 -6.1423771396777305 -5.409478037308403 -5.044443415972546 -3.768682166110767 -3.697049850064498 -2.7798002831743345 -1.333065271286305 -0.10548821728920454 0.2656375020610634 0.734158007843307 1.1654266873957044 1.742061525465766 1.903207016552933 2.9957528438089134 3.7699853015023366 4.379139488496538 5.691120525904156 6.587322181445365 6.8742714598011485 7.1974805622016005 7.271970513026921 7.558888377537337 8.534057907142337 9.159935006182561 9.980595334334234 10.430083501125123 10.7876953465249 11.713883917524102 12.161941714796503 12.313734239665843 12.353794456688005 12.862364002681408 13.733059955047665 14.066384076626322 14.15416524400853 14.544418798872591 15.199536798263084 15.808734033078524 16.168865609466252 16.202601068224954 16.90919222877871 18.106591557822544 20.505636995319318 20.59537950033986 20.82616412570541 21.89176823466995 22.17837823221998 22.209172570688256 22.25552142287459 23.39015398908972 23.59338999375074 25.066851477287187 25.37422009287745 26.306869159339975 
0.125 0.5 0.0 -9.221895028990655 -9.083885418596616 -6.335416591450762 -5.386799056757602 -5.282897188121864 -3.8559803069746157 -3.387109377638913 -2.7362370840228993 -1.117609438865182 -0.4872114689795714 0.19728188459257356 1.0630360689770701 1.2435478971572724 1.6381865931388027 1.7139459313061125 3.2346875641508293 3.942618582920864 4.101850243238996 6.151264948537987 6.324278401150458 6.920163109933892 7.089467655607505 7.349435602143008 7.768871629445759 8.33466539581869 9.164775006081758 10.106419706362097 10.479510891060151 10.498785995988179 11.740191153834642 12.099238684306519 12.123414096927528 12.494640009673645 12.919940614070097 13.680574149782114 14.02329977202239 14.118028194965573 14.59451546433355 15.014036576790943 15.852437615756159 16.0965036801178 16.19088010925364 16.950685610035855 18.020300382323022 20.52411628622563 20.58353726067287 20.956354733898326 21.841522625421273 22.20904985392022 22.268872477717913 22.350379709808884 23.30223571353377 23.670330417693588 24.911119018181733 25.47557196946397 26.41285684229567 
0.1875 0.5 0.0 -9.131029262316082 -8.992519891342658 -6.585960462847801 -5.775783232257919 -5.13696368306114 -3.9522335847847723 -3.046027837328836 -2.667772928272361 -1.0471832049906928 -0.6186475827938571 0.10261624687173784 1.0604740677088036 1.1034808617096536 1.8066203849315687 1.8682329032071647 3.322539841516619 3.6552887567316468 4.529145978131294 6.01893960652227 6.614802207462612 6.8383005199682465 7.004118247513422 7.439058525692289 8.065292569091538 8.075338651783884 9.205496156117798 10.10449318985798 10.270267744071857 10.525793732650728 11.685413587758323 11.991975252308393 12.006122434466139 12.686716559366795 12.957756942235761 13.60662980441024 13.844821558631557 14.044233997810604 14.692875416977067 14.96762259961003 15.667049254551344 15.954944903311928 16.351308867250633 16.952686691499988 17.882182615478975 20.58242198829738 20.60114106210099 21.146754716914202 21.808480779806512 22.152258065272058 22.354330093399497 22.494059579763093 23.21898830517286 23.77998541438416 24.696187980909865 25.62100248070812 26.572760151499285 
0.25 0.5 0.0 -9.005976650164577 -8.868505372191526 -6.8668831280361875 -6.164990308367279 -4.9886945840758745 -4.031615962361445 -2.712220382396822 -2.5769489304850626 -1.337181387677701 -0.3623590090106981 -0.037528635010387 0.7980787574471143 1.0107418289013925 2.170691042041 2.227337618266154 3.0016347421259106 3.7847406643552333 4.972767767388122 5.696994851994471 6.542238451168542 7.0394458036809535 7.088075212207321 7.424890805658432 7.885101275631213 8.408817351499655 9.257265112229671 9.735735363175516 10.429804496636526 10.49288288488237 11.497296841044074 11.919384254277846 12.043382539620781 12.86451271894866 12.948073252338565 13.42847972399296 13.636851520830364 13.963526955598493 14.867798538603383 15.013591177710023 15.385992371332593 15.786942941716008 16.555313467813203 16.898007868476594 17.698842018724203 20.602369123491812 20.736184142116205 21.378076341007983 21.777405982463033 22.012068530536595 22.41888205467698 22.66936760246337 23.19240981810444 23.901875319601967 24.473872029622605 25.7889347448019 26.773579030773686 
0.3125 0.5 0.0 -8.850688051903825 -8.71867731679741 -7.160092054844905 -6.532487615342252 -4.850386712552856 -4.085192806080158 -2.4938826321494973 -2.381434221209774 -1.6395422327235891 -0.25253653927065783 -0.1565367098416197 0.6098078138213138 1.021995171693989 2.5576353364020346 2.578064516772101 2.736092676102496 3.9425426369245358 5.305230403862505 5.396574804023529 6.224938628399437 7.094808933779885 7.37478267909923 7.4176284560312835 7.81628945436644 8.714549263504924 9.171723175209962 9.580250935905772 10.262699957194663 10.619664238389515 11.415695585636476 11.849921529345199 12.152617967459593 12.871917458449767 12.90580909633471 13.189424362309163 13.434986129744411 13.984746182267784 14.924741290683341 15.118930853934566 15.19017850469679 15.597389687810905 16.76152446732771 16.81516521108593 17.455012453817762 20.63642759131074 20.886536992158735 21.608570693872505 21.61983708588866 21.956575368634894 22.442949405398597 22.83902919766426 23.200706939155307 24.020198050482513 24.290532506488738 25.96128079633163 27.042012845044418 
0.375 0.5 0.0 -8.67264015769934 -8.556146844199425 -7.444939175026636 -6.854831263375948 -4.733783492751211 -4.112519497024287 -2.4026115499749796 -2.0879203362752357 -1.8859989413360985 -0.520740450261415 -0.09244102044647184 0.510688917983714 1.1779376017363894 2.375394400937991 2.93014821686574 3.103385101089263 4.065509642496681 5.040284813460245 5.491381487562889 5.909896343234567 7.1492463605668695 7.535851673198698 7.58076876632638 7.777683329578726 8.79169995483752 9.15855093344456 9.633864032601107 9.868311675308204 10.84843853071046 11.483737549100105 11.837245714882034 12.262747116327638 12.61758346442823 12.76714379054226 13.182440641673715 13.26564902696207 14.05321738102458 14.600523909859243 15.225895138028138 15.387875259402703 15.451029685603364 16.73900723625915 16.950694570292335 17.172868477036406 20.68821976115063 21.02164198981815 21.33995629981212 21.83425339021667 22.009470176174755 22.43930088862692 22.958276665387256 23.217441688879298 24.148300199967235 24.18961146469755 26.127248394064964 27.864634579205745 
0.4375 0.5 0.0 -8.495065076114413 -8.412708005816238 -7.689273738587193 -7.095792950034841 -4.654535183128738 -4.121143078814548 -2.3393484651338388 -2.0484939256670516 -1.8352173719404197 -0.7749692481358502 -0.10040616177075636 0.46789923303183634 1.3571392315107298 2.2078002561593 3.246772921137907 3.4574927680754284 4.143261064531277 4.762669452220211 5.453755574899984 5.643709658908962 7.345954112275002 7.647956255535615 7.7030057328825885 7.723734384234644 8.708351407213168 9.347282326798414 9.465712871186604 9.658264529488866 11.114549936042796 11.600393927376212 11.818294972818416 12.304587435045292 12.317151139699217 12.725392069228661 13.12715851803747 13.228947820615188 14.109755232831855 14.304424394086402 15.269518949947555 15.284940539058704 15.737603247983973 16.69172766666411 16.88961364854898 17.08589985038345 20.7654376226941 21.089171160414093 21.11629236460361 21.981536288289128 22.0771143266265 22.422528098661246 22.99938324185944 23.224348584581918 24.15159917105697 24.290079595722272 26.2602259863065 27.77131113156563 
0.5 0.5 0.0 -8.401475371632694 -8.349883565699757 -7.8053352678505545 -7.191008584245685 -4.625715694568185 -4.121139718229663 -2.3152274937375963 -2.10580849974033 -1.7156044852217691 -0.8959260432315634 -0.10999512906646046 0.4569693441658534 1.43371239316382 2.149915901384861 3.391905276216516 3.6109386780243775 4.171262260964895 4.634976494008847 5.414667683291079 5.530919235323297 7.468014514886315 7.6534757124100015 7.671230573765833 7.813948702204539 8.685556002305287 9.272984814779244 9.456298798033963 9.633481469187167 11.306600416546551 11.661082151037485 11.710734910732246 12.23567500726063 12.291397330063763 12.749373941986056 13.058825260721479 13.251059225169763 14.14619810759657 14.166458240445982 15.219083496908873 15.313297590422096 15.896370830035725 16.706588455448482 16.71125040748413 17.137663006538453 20.863571207951363 20.927548745822737 21.15041502590395 22.033337290201246 22.11384564948519 22.419170910714723 23.00492338725936 23.2262835948005 24.149599695253585 24.360247107177873 26.314182505036094 27.731846334569177 
0.46153846153846156 0.46153846153846156 0.0 -8.508164418834614 -8.358092004734788 -7.722429112235895 -7.118549606385073 -4.638283464672988 -4.127170443041674 -2.4309974074343756 -1.9746674798503066 -1.7505779457055108 -0.8679105727764044 -0.06727348474918543 0.4273941525800935 1.3979541321154232 2.1835825462830036 3.251121406684937 3.536833259650939 4.149986108340231 4.717721555690212 5.468364468583589 5.613230696471229 7.38365328892832 7.605626202555765 7.7016883436256505 7.748162249815337 8.754634070198254 9.364384004299913 9.391665864015032 9.618045508936836 11.192076005157395 11.61902803949461 11.792532911016494 12.271115947315282 12.352736813407184 12.690097196822556 13.109824509664824 13.28466559752078 14.127621556839884 14.232553631494843 15.23429093528958 15.263364884377518 15.863162849422228 16.68508766132827 16.77607198553386 17.134142901955762 20.797537297838016 21.01579576795726 21.167034221490898 21.978719633252677 22.13341004405534 22.378492056457972 23.022784016762497 23.221155652589065 24.112596621528255 24.320614056790212 26.275013629396728 27.72358663058928 
0.4230769230769231 0.4230769230769231 0.0 -8.758256839734702 -8.317203742638963 -7.600676223817286 -6.909517238475156 -4.673968450356314 -4.142080638348357 -2.585768000170873 -1.8790319360486945 -1.7230212399098985 -0.7956828382540391 0.0286047404913889 0.36054902689516144 1.3072899002601528 2.284539643241026 2.9569468495737725 3.354331454509769 4.066854184180631 4.875752053302235 5.59841235883884 5.851100572251698 7.198680356649407 7.466896918523701 7.597627487918372 7.799741749135326 8.879379395449094 9.247471961349872 9.499407503106557 9.66554416782921 10.987007150354037 11.553066407584332 11.901279691598639 12.284976002857846 12.463475816394084 12.693912751717088 13.241360440022952 13.322347710528282 14.12378563910198 14.378160442620018 15.146840958094717 15.303403031267653 15.80138468219126 16.704621170689983 16.842276668375835 17.13764533745118 20.7176437585327 21.13100882015492 21.242863422492984 21.904889972452708 22.11265535215287 22.31372810820959 23.038452690711413 23.20879597764435 24.036632313154325 24.22364471899915 26.178536267777776 27.63261856742489 
0.3846153846153846 0.3846153846153846 0.0 -9.030464518720736 -8.245215092704342 -7.500351452462005 -6.614092319453548 -4.731769404425925 -4.165308951205667 -2.7177081500910187 -1.970661337844635 -1.5142582107839855 -0.7011543605294298 0.034623313563579845 0.35512155958524766 1.2052870904955757 2.445890947295444 2.6395561672042644 3.103502756075778 3.948344873852573 4.982153065123396 5.725362375459768 6.198576464437331 6.985825566261823 7.211390661270196 7.586535608251862 7.856915282968137 8.816019013133383 9.214542389602597 9.419039998187907 9.983830860370926 10.801834297635867 11.452966682666009 12.008947735551779 12.152425275342797 12.614101853106341 12.783441874434981 13.304034983388979 13.472579301386899 14.172320492062553 14.542668977101185 15.072865991294975 15.40115618086281 15.743976720975034 16.73221387192509 16.870684405915902 17.159115804953075 20.636097894057865 21.189771184703226 21.412624677349385 21.847969781670145 22.028330086067495 22.257953931611432 22.977509848926637 23.179486267378213 23.931431985119985 24.149093166970538 26.054753018635072 27.408884473966875 
0.34615384615384615 0.34615384615384615 0.0 -9.294732916516846 -8.1445425936077 -7.404433503977896 -6.290029452889983 -4.807539747323721 -4.1911474029224065 -2.8212395452784333 -2.059013398694107 -1.3140240446827716 -0.5848822849764117 -0.11771702076861418 0.39403621947113937 1.1885569115520982 2.3395536388536295 2.669918318558874 2.831707507615463 3.8171744374720373 5.008604974979988 5.78832457127524 6.565439466138383 6.782947013058105 6.979195636895334 7.6215727035521 7.899396147625417 8.563030149912974 9.125551369659705 9.507039335071916 10.316516359348306 10.703278083994626 11.29618597715738 11.997834359372206 12.0929740640613 12.689556582255967 12.814339684265908 13.373784476260647 13.775052596557956 14.28224069148412 14.645733066473554 15.098194071459607 15.524400248719454 15.723368739978998 16.737643066632174 16.880866245760448 17.19668215297701 20.551265439180703 21.22895806130183 21.580869047023317 21.784144168486304 21.97034034317251 22.205047970056906 22.815243528865057 23.13393875927757 23.742718585956283 24.21444806821344 25.919832742689533 27.1559266593519 
0.3076923076923077 0.3076923076923077 0.0 -9.5403723030904 -8.016484041635973 -7.301977878223996 -5.978961454369546 -4.895743364723535 -4.215764634890504 -2.897587657794905 -2.1173415271293847 -1.163491290666808 -0.4606231320018364 -0.30398517738366876 0.3344533373511544 1.3053735205435306 2.1004862269444686 2.5498144151014506 2.949588051911552 3.676671625499669 4.968092927115933 5.746893918651341 6.531335672138803 6.8186020069240625 6.941120388951361 7.661728070963077 7.922620899539965 8.324941131486904 8.937090246175714 9.703057833790297 10.473994300284717 10.80559114703926 11.088946956525573 11.86512599299978 12.068847324469528 12.64148899597314 12.902004897582444 13.56181312939412 14.11474367092313 14.414344504216361 14.668265556744444 15.217504095796674 15.65351935758419 15.77101519906147 16.729539821241087 16.881727152090008 17.250448618612072 20.467785367837138 21.267055716146853 21.632935335653134 21.661001383391667 22.010742326135954 22.187667742041913 22.604515025608915 23.074508951252533 23.51418499931018 24.371509560437385 25.785023351236006 26.987978144802092 
0.2692307692307692 0.2692307692307692 0.0 -9.762203557316994 -7.862641889605194 -7.190938575889378 -5.7132848272470165 -4.988453565595116 -4.239549123423196 -2.9407346163929704 -2.1385425212877243 -1.0943099818362505 -0.5950050521304283 -0.2088906151074251 0.23218916408209592 1.4009290747377428 1.9895950437994687 2.3300992387718558 3.20476077073247 3.571578215389378 4.885116613178043 5.618757299894517 6.275394839121436 6.820790849865103 7.096599291159412 7.666849443719947 7.856002243422719 8.279757811841959 8.734760433584537 9.892642472640677 10.524603373753123 10.729434064097418 11.136081481204974 11.742431798223691 11.99055545619371 12.484937797342141 13.117647373716062 13.75944051884046 14.432633464272053 14.54760711650226 14.72273280077314 15.38304252355214 15.759978125618856 15.879829535269865 16.740729143642785 16.865321765643554 17.314117994947154 20.389788002843986 21.306541581288077 21.396708360727025 21.64107749944738 22.060452325734694 22.208865990616545 22.449581367089408 22.989108314832638 23.313224431417492 24.542057661146654 25.680877179580182 26.91957817978313 
0.23076923076923073 0.23076923076923073 0.0 -9.95777341442396 -7.684605994243642 -7.073613488834277 -5.519006014529319 -5.077993684231227 -4.281845009397713 -2.921886628397456 -2.126087522200399 -1.1076286606540302 -0.8245175067127617 4.937948357344845e-05 0.1729869018941063 1.2917303628293206 2.0555412882057054 2.235961926367056 3.198513669713646 3.7337647908732454 4.780727067185249 5.454774182427774 6.03904094724924 6.759408313280121 7.137837090452632 7.606888274641198 7.818870517922718 8.32620848981323 8.561039145247264 10.036873981430606 10.388118651889735 10.776216565506182 11.254278205391943 11.641602712512832 11.860184187327796 12.307644067656303 13.39567242446555 13.926690824233658 14.613831242650022 14.772333370682002 14.902235449923582 15.559393451961054 15.835309307003593 16.019490718854282 16.76563038190759 16.857168774089615 17.37176766938079 20.316947879455277 21.092309955888684 21.34238819658454 21.61451605898678 21.945507425154858 22.23355154326301 22.44523519691187 22.848776053056934 23.209847085608175 24.63201167546038 25.684290691408645 26.93254118076536 
0.1923076923076923 0.1923076923076923 0.0 -10.12544621683258 -7.485545187766097 -6.955152732323729 -5.40162539939828 -5.156663992483652 -4.376092376114636 -2.8051229262817525 -2.091557507950305 -1.2053100127375447 -1.0005292212345196 0.025767792128157493 0.33355225539851174 1.0850740094804283 2.0575076400963845 2.3842936536192854 3.026697153773405 4.0333750382685905 4.670353081244567 5.285298314719384 5.873116554224678 6.627891210026324 7.095218425416906 7.563302434344931 7.837659479034331 8.189885931180864 8.516930335148317 10.096599546161412 10.29608931259651 10.992634890789734 11.233811345677752 11.522361455708843 11.64406552845835 12.219284935341124 13.693240575666218 14.116500386757249 14.789802847226992 14.969259342383125 15.147600308688235 15.723596525300195 15.896992564599302 16.166573639760415 16.775570967450655 16.899185384941223 17.416426768130535 20.231535068994845 20.771759408240108 21.374387294420483 21.557554940174782 21.813502872590835 22.211310690807906 22.43611104702285 22.750417967894126 23.18675122306051 24.58289647759093 25.85644548655137 27.007128610266594 
0.15384615384615385 0.15384615384615385 0.0 -10.263904384475738 -7.270858403275475 -6.842981648145412 -5.344812784409763 -5.218950648370514 -4.539300185505683 -2.585397408744295 -2.0647062012602535 -1.3599942696280243 -1.0832637297714884 -0.042966655283284555 0.45653505405089584 1.0000105359319928 2.0867947984144655 2.559757309412435 2.8429301043722788 4.2324438936699735 4.59327559422433 5.094251012373091 5.850785848465502 6.510449875936907 7.024549780544213 7.501878523524167 7.847202418434679 8.008401365957852 8.45838435392495 10.081928073910607 10.358730873133343 11.018205116922637 11.145066929388557 11.321849017987816 11.680982283367225 12.154703694781203 14.00121062605636 14.342922513639147 14.978258678368505 15.139344427585138 15.325319941630095 15.851869311080192 15.995361461689276 16.29801744158972 16.797096371463255 16.966686658768765 17.436158031519273 20.117067460390395 20.46128746841953 21.40525321311574 21.448082712966997 21.773590844242083 22.092370749164 22.40102422218683 22.759422937937806 23.17780285622198 24.443945119712595 26.152422851132947 27.125174211774794 
0.11538461538461536 0.11538461538461536 0.0 -10.372182928301147 -7.049588785830513 -6.745024780833072 -5.32582016771297 -5.260270447128358 -4.751747139994077 -2.294919506472177 -2.0862294387804523 -1.456981609758208 -1.1298527522842607 -0.12493329478198986 0.2813202935805489 1.2349941861064246 2.16869011984693 2.6234219509769887 2.7192641935690545 4.2310801212607885 4.564836250733276 4.874405147382983 6.013672681777443 6.5086686954625845 6.960065421458566 7.358134465186336 7.815213023128032 7.933848147549699 8.31870115050216 10.022637474906675 10.42315252542974 10.793721205423 10.870433488840959 11.566844885207926 11.775737146672746 12.086683847277554 14.298723568066626 14.554002408183127 15.148566919602743 15.263918928188382 15.41341633164186 15.947713987677579 16.14963966835338 16.399162238951575 16.857565794813258 17.035338188951524 17.42601995101165 19.982212223558047 20.17708069648077 21.330153514137564 21.454758118703044 21.754815512137043 21.922580194626136 22.432940241105825 22.791445872925944 23.146390615443508 24.28633602977877 26.504553331141096 27.26972383192556 
0.07692307692307687 0.07692307692307687 0.0 -10.449870352982723 -6.8389109555665115 -6.669329697319901 -5.325918601723763 -5.27847409603299 -4.976366924836512 -2.1623700417634004 -1.9736012856151368 -1.4632607590553237 -1.176426018968879 -0.20642873752236238 0.019814302568601255 1.5847651476260354 2.2747883978233503 2.517570097270637 2.692588372006085 4.179239485834592 4.466046306515982 4.656805672724184 6.3096904120605855 6.64671135390835 6.923905377010871 7.180495993724148 7.78672328563857 7.8956039344560995 8.116447939161377 9.794907136667447 10.483791471344965 10.657519559392915 10.71684106488258 11.78227775346925 11.87701902443888 12.030240992631605 14.550940789518274 14.700390047933542 15.279766788521096 15.329215436312932 15.4313864299177 16.086806248598755 16.287532412903083 16.457123076503464 16.952373367635257 17.10117947024822 17.379846480188778 19.849849068893622 19.93960160840244 21.262636075133443 21.495663916800495 21.705268099177278 21.78001108994813 22.533015687889836 22.81291863902926 23.074653290201482 24.150354656088098 26.875418646309924 27.41373360601926 
0.038461538461538436 0.038461538461538436 0.0 -10.49673269675878 -6.672923762116792 -6.621964214045475 -5.3226461033033985 -5.283787049894851 -5.168845575367551 -2.2375548331253357 -1.665630581564111 -1.4320963734601944 -1.257022668379723 -0.27028547898346283 -0.203082837400678 1.941690221498059 2.36467097276941 2.431820644156094 2.5660057138728978 4.189191425609843 4.3396907241675 4.4527881372924405 6.610764768003562 6.837441317823146 6.93395154256426 7.0404197082324185 7.771853466055188 7.826227314049578 7.896740611956815 9.523824847800016 10.544360569582969 10.617675228221719 10.622766726826509 11.92729605855748 11.951864254672223 11.991020882444134 14.72071495407956 14.766529826175042 15.35728295016629 15.364703994786137 15.405313188277496 16.256200346585477 16.366438340431408 16.45681262607685 17.0624305865251 17.156792271325543 17.292525171684286 19.751289728178612 19.774584534807563 21.226811891468692 21.543305809242423 21.63751677801867 21.68355091994251 22.66891314895425 22.820145387723965 22.96087754259174 24.059750391966148 27.23838493886803 27.52672022868922 
0.0 0.0 0.0 -10.512483250343266 -6.606208836971344 -6.606206947300189 -5.285055908597511 -5.285046997645026 -5.285045365604842 -2.267467922464736 -1.4155296056669253 -1.4155153705110182 -1.4155143365308418 -0.29523365295362297 -0.29522032272074544 2.183517147846993 2.3995985240726405 2.399615715428536 2.399619487032764 4.284584512631442 4.284599071815204 4.2846072209141095 6.739757320023672 6.95967747591469 6.9597011148979 6.959703593296405 7.774216384734839 7.7742212204684895 7.774245189771979 9.408087043363327 10.586677237706331 10.586699548771932 10.586707362786342 11.975413443994578 11.975469090335649 11.975481716047943 14.781687011970972 14.781712415052711 15.380530964528717 15.380582576870244 15.38059449917767 16.387412306744842 16.387476572826653 16.38747659264699 17.17738241005139 17.177383317570413 17.17739589436778 19.71387881617246 19.713908849505767 21.2162547400834 21.60436228285084 21.60437020676467 21.604423879993487 22.813980026904822 22.814057775893495 22.814081234666403 24.02749358255625 27.570017609363084 27.570061811699983 
0.03125 0.03125 0.03125 -10.496866703832692 -6.648021677040463 -6.646075483065362 -5.306149735986606 -5.304275862975607 -5.164648615217373 -2.237273436157661 -1.6722430459750275 -1.4069614329523736 -1.276815981904206 -0.2435544597149947 -0.22814097456950444 1.93632201958138 2.3993709689750355 2.4198854465946784 2.5516602245707833 4.184991113246241 4.346893485255375 4.450465573375283 6.599392787587877 6.861878900648704 6.950032736545391 7.013589970959939 7.791786557935959 7.847370669014289 7.8564073388172 9.52343934045643 10.543133214163527 10.611768134826107 10.630662668917179 11.940738906776616 11.958945771765165 11.973266346761697 14.744052191566654 14.745539500141486 15.346280051052737 15.38214998931317 15.401666309219031 16.255051430500178 16.37167193938758 16.456408781201166 17.06391437877723 17.158538665795398 17.290611139381777 19.762390260272277 19.764413760137028 21.22616087978639 21.5489554164065 21.633500193688576 21.684468721500334 22.67018667390402 22.822895609838625 22.959287974722788 24.059626988500195 27.239829944713158 27.52393338250589 
0.0625 0.0625 0.0625 -10.45046492454834 -6.75936040021254 -6.748105015288541 -5.360746303191332 -5.2535385238019074 -4.9683462655922375 -2.1530627014124692 -1.9915237168747042 -1.3844348942213809 -1.2606220285493313 -0.12771606483657452 -0.0442352893715767 1.5560460350937624 2.4128000278401056 2.4500688655340426 2.653368342428994 4.15817424817442 4.490223310299984 4.649106556699239 6.254581908119856 6.740852862373611 7.014774702581965 7.027734943574426 7.9023666843879505 7.933475903795062 7.983299685361616 9.793309705728607 10.475298274068477 10.606505468055705 10.769391417297491 11.840787991428675 11.893288513710969 11.956824751516585 14.620172985009244 14.633311790741168 15.23991784426375 15.397360398038183 15.403099792516207 16.08208471483816 16.309547581212957 16.454049172295893 16.959220499477034 17.100400536226445 17.36581990766476 19.887397016895793 19.904491814325436 21.250980375301236 21.517935991722528 21.707066437827468 21.76423347869923 22.528739750320184 22.82433641402404 23.06498855921089 24.149154744449824 26.881745433679043 27.401553959576255 
0.09375 0.09375 0.09375 -10.37350865931941 -6.9061194593565585 -6.880941991613999 -5.444594682608246 -5.171423868265998 -4.731914354495499 -2.321015143761233 -2.0326848320197066 -1.3547983620901833 -1.2968115950439834 0.01787383572719404 0.1942269314016778 1.1648681732394863 2.444525000795948 2.4963666139775973 2.632461359297436 4.204794321676855 4.624072443995947 4.851243545684923 5.933404897822905 6.625859600108249 7.055266229251519 7.159709042856582 7.96328910380283 8.065991755738956 8.102387939869862 10.05965737628215 10.412191967891806 10.579747223005338 11.037974912915141 11.692698656370219 11.80065139521083 11.944772971849845 14.408307452432714 14.455829730969166 15.082102765320215 15.32721023503492 15.412199268148667 15.949909704827308 16.201994287079103 16.398195887640977 16.872805287194414 17.019193045212226 17.391657518609165 20.062552145588118 20.119764605439293 21.281330061272445 21.51362082634934 21.81498407027708 21.837648334078807 22.428792458271204 22.82813659656957 23.12463252511846 24.28391937946739 26.511046841380985 27.254934361925887 
0.125 0.125 0.125 -10.266365639750457 -7.06178321606561 -7.022763177082554 -5.54587396341428 -5.1012219418148605 -4.501120569155559 -2.6150395935853323 -1.9038977493585303 -1.332311514786537 -1.3232478826625942 0.1797271440406828 0.4387627443724798 0.8123520878246326 2.4903945562197984 2.4915347505849086 2.565106958768457 4.3098379414894366 4.657758218754239 5.0240459071010255 5.760150465867497 6.527761926561902 7.130983374054053 7.3668583791620765 7.966992647365967 8.16293077467086 8.244198019911169 10.223014585011951 10.384679568880088 10.53412972446866 11.399875526059807 11.51845571607887 11.694333671503228 11.958862649962535 14.119778996295445 14.223043907270894 14.91377696102424 15.152131415696193 15.394304136354926 15.877101402618418 16.046658467434913 16.29844567128837 16.815495458042406 16.93083774690679 17.370455675416565 20.268650488262306 20.3894356065767 21.30382010796947 21.511043920524223 21.894777519485007 21.938696243847495 22.403679008033667 22.835836394021317 23.121948916550757 24.44279086789485 26.1412474270294 27.12620469645015 
0.15625 0.15625 0.15625 -10.12930687575323 -7.210980712988608 -7.160130705223143 -5.6537007518183175 -5.07076840852331 -4.342977243882285 -2.8033077983829022 -1.8139862232325927 -1.3231641134525 -1.3025731565552305 0.3532349023481494 0.5444295340271258 0.6719181911114854 2.2499462961268417 2.5549109305403013 2.664523239927365 4.454362142832813 4.607668118676445 5.156798723074009 5.737598818045309 6.455196614396987 7.248163149024097 7.562564350109023 8.017725247959937 8.133094646418323 8.426725591266367 10.304955239241648 10.427707236794879 10.464461506556201 11.36802060575469 11.58869526427045 11.757977956587773 12.006255783111484 13.787482909476772 13.957674113730011 14.789826009758475 14.932562352653642 15.323389475359228 15.81064421186268 15.858000142326016 16.17614856065502 16.800684665793714 16.857715264767968 17.31518656747687 20.497899655652116 20.693846893287017 21.313272750315324 21.490032386110926 21.940157750095896 22.053306295698544 22.47725199708857 22.867994886667653 23.070692114994383 24.60251725728297 25.786356015970366 27.05531733598005 
0.1875 0.1875 0.1875 -9.96330806876791 -7.3456351055220575 -7.285873191341255 -5.760919717946606 -5.0946012687887405 -4.34517191014812 -2.798677447629794 -1.8519527848948034 -1.2930925757160752 -1.2166500825936004 0.3838486738147028 0.5358926022437202 0.8863461178835572 1.9655354796901692 2.628344665834042 2.799550356974309 4.553938735196308 4.61556577629673 5.256799476090462 5.782712770508843 6.400761521213205 7.356684598321541 7.618949036747079 8.006475239771108 8.195616473145924 8.618509293818168 10.34563649168243 10.36466058961934 10.543650779792106 11.296108254655572 11.480071191803072 11.95109816505222 12.139622186205674 13.455650117912123 13.67590604140632 14.699629267036071 14.74490059563103 15.176787089846547 15.654363665167933 15.716882879304611 16.045358594650317 16.812308406798916 16.819845632877136 17.234679131913616 20.738331515718805 21.011609885053414 21.30607574779797 21.462096983266058 21.975669099914665 22.123256701006284 22.62323607601304 22.948008672441542 22.97293718958986 24.738804271802234 25.4533583183781 27.064458202701008 
0.21875 0.21875 0.21875 -9.769596366138888 -7.461352997400111 -7.3957950289115955 -5.861515439095189 -5.173598598962734 -4.511463110985992 -2.599420252491055 -2.06261334584348 -1.2164916691881187 -1.0668476318230016 0.28859232551101927 0.7266481060974673 1.0834675291927451 1.7288069189235282 2.707994260998816 2.968787558406853 4.532351445106459 4.773609069988489 5.345676473697705 5.846661934888364 6.351006217117363 7.391433635150866 7.58108327400463 7.814405812206601 8.3813544160568 8.821284935339833 10.169387935356587 10.475202612091737 10.696538707407635 11.319219243482067 11.361150121112022 11.879276037580393 12.39039581217104 13.171636045819543 13.404985556588404 14.474839004867166 14.74099294906861 14.953169806091328 15.486355731694584 15.602416005625367 15.91816040880016 16.812810245555415 16.846814980612002 17.147304623666574 20.949594967488007 21.28518497440503 21.306670860826245 21.472370273435313 22.013444890594798 22.13646745057536 22.80030843493285 22.838274797677112 23.08665590268431 24.8399155098817 25.149910277171937 27.155188546541318 
0.25 0.25 0.25 -9.54992304200004 -7.556018151296762 -7.487470811060758 -5.952107637621337 -5.298140644176722 -4.762567191002679 -2.3876119353980028 -2.28471066057938 -1.1373888404324826 -0.8647171824028679 0.17092791673112798 0.9241183457820459 1.2678329299051212 1.6447029248957408 2.791450965340589 3.1699403552615317 4.542705436699392 4.920234158304605 5.444573749402523 5.909874175102332 6.28164359604915 7.324208071060024 7.528472307786192 7.601237485114356 8.462046395821819 9.004288053092662 9.982549165811553 10.668382921689782 10.807633585798547 11.248857833278104 11.387675235937824 11.700690459344802 12.6291809246512 12.971594105691594 13.187208284459691 14.290279363686224 14.67368427356667 14.676325017243197 15.421172650796622 15.483065898114058 15.807504570295759 16.866461264818426 16.875183843243423 17.0638726354366 21.056103135776503 21.259084807422507 21.51327413458937 21.58203023511251 22.10358019870842 22.11066888082105 22.693824787210364 22.981293415354788 23.270690175188612 24.886579467791332 24.91523696419312 27.85582413572191 
0.28125 0.28125 0.28125 -9.306300781853153 -7.62887471216469 -7.55979770802776 -6.030736704528839 -5.453498015779156 -5.0394261018932545 -2.7711097539834206 -1.9194380334522698 -1.1074867060539197 -0.6303668092978757 0.018605007951055408 1.130155756149371 1.4496360602455458 1.7350538102984117 2.8713465344007654 3.390216952359497 4.578136067604942 5.052831230757683 5.56939639758936 5.956814049822198 6.162085977530175 7.1620841053146265 7.416831186453293 7.488986557622538 8.44183848532422 9.08595796744472 9.852048506332872 10.718900361787734 10.820441401856074 11.240935922593268 11.401591892153418 11.576842802340797 12.797004751415107 12.86937840329045 13.092056823708381 14.185968746531593 14.395680122805416 14.555307272620489 15.376489076388758 15.435132283090464 15.715384060466645 16.86610098583726 16.99181298320189 16.996498698771223 21.068392813627653 21.229908291520438 21.56612576407636 21.748184923876796 22.080116231749123 22.273040193624375 22.574721031544684 23.145327773428328 23.47112704348497 24.678917790608313 24.96143986121704 27.58766788040228 
0.3125 0.3125 0.3125 -9.041627297088574 -7.680052678103582 -7.613079162991656 -6.096675540752485 -5.623627069913215 -5.312501404707527 -3.1815786724229516 -1.5329636422738953 -1.1745063910395486 -0.3869715241506367 -0.08222893899476912 1.3443717815365959 1.6386613918231145 1.940593502048389 2.9474493539795965 3.6090002600849305 4.634061571784006 5.172238749842227 5.7261927009340345 5.971046264884694 5.99245773057563 6.9312479892355014 7.2936528135315095 7.468081763604063 8.389479165494247 9.008716432569214 9.803827107965082 10.461383340245915 10.683441219270836 11.26681696924336 11.292250399610616 11.732738078090593 12.825486012285634 12.865058533717567 13.145532458959266 14.186695406242917 14.192618902945036 14.516756782528274 15.293357199226307 15.465277709982198 15.640355229038686 16.84237874819546 16.943199098237354 17.126504677324686 21.047397980131215 21.201080414405723 21.504053022864415 21.860024928409082 22.071719668616765 22.268306510484255 22.69525496132722 23.28658592193587 23.667067170816356 24.554918237207087 24.987182114557136 27.280027583725104 
0.34375 0.34375 0.34375 -8.761427462536352 -7.710727585595454 -7.648456004730651 -6.149511288472301 -5.794684176259775 -5.566415922806224 -3.5988152971400487 -1.337203563568595 -1.1510853182757566 -0.16037090435105752 -0.08849813997073569 1.5693339828151047 1.8418838072329822 2.1937699447304935 3.01682380785725 3.7885668101753383 4.71019690725738 5.260925237959566 5.831414475159498 5.906364287787686 5.94507633919005 6.663392302452469 7.233592085116577 7.443670716319055 8.39380106994712 8.823854100920197 9.756171441310771 10.15045742806484 10.371958867296993 11.079198852064186 11.197936471107578 11.948459280922828 12.754977062097065 12.958721128210604 13.259270380548157 14.140707848346306 14.302646321965408 14.60999802821739 15.25048171910535 15.508998939110915 15.588260013957004 16.80035694752152 16.90328307905034 17.229345817850344 21.022098367479323 21.177464551687613 21.389586745509515 21.850872112241806 22.091903004138498 22.10858893363955 22.983203156016785 23.421558995845203 23.84536120597082 24.53152066498529 24.99548907031942 26.93385830769074 
0.375 0.375 0.375 -8.473695234697281 -7.723316058270524 -7.6684249642894065 -6.191358506881564 -5.954420684720011 -5.792413100244855 -4.006789682979728 -1.5382281065923233 -0.7835900721446815 -0.031232915105859023 0.031186600839361332 1.8069121705748703 2.065843586670559 2.4481143999972583 3.071567195801176 3.8736621523219985 4.807401579910888 5.251113110826658 5.8296867552262865 5.87622380256311 6.051556859728046 6.438690704059434 7.2207489343153926 7.387406018378228 8.51618480012746 8.585955718760484 9.654234769548191 9.838348845170714 10.035301644754629 10.816041173123956 11.027083859067934 11.861363003485154 12.850690360541044 13.115542162228456 13.33272725243553 14.306851576088688 14.481645407183224 14.77638832039741 15.25659932906406 15.550453138609962 15.600555854171526 16.74811382065528 16.87331484610154 17.26550549705233 20.996365315011687 21.171200964147317 21.249034794102524 21.714881493698723 21.922521729692658 22.124488448403184 23.289844865141134 23.581416639524786 23.99346194182825 24.581795208608277 24.988827498124092 26.553160851836882 
0.40625 0.40625 0.40625 -8.191943509229544 -7.721370164006095 -7.676714363290537 -6.222918336717247 -6.091538496585632 -5.982070089861989 -4.385292498487097 -1.7250668500290913 -0.4516329957817895 0.04666127574630883 0.16995086955677297 2.0632871570373963 2.307013761759374 2.6739293704039166 3.1074434159042124 3.8112944701531863 4.926258034976966 5.179957883400052 5.777537226856222 5.9280654900127105 6.030740472824765 6.50504999764373 7.237757652882744 7.309855123764618 8.302123532168471 8.753082181560035 9.507994470491731 9.552607052977011 9.733204172745635 10.563689366292786 10.806307817228834 11.501847845121638 13.090356834580705 13.278641993256759 13.37915467786919 14.58675117201101 14.688463107190662 14.930780322588344 15.315197345510638 15.524877636369006 15.770763288489729 16.698101269651282 16.84667921207858 17.21939974631145 20.97152921846561 21.103608300552295 21.194137114905363 21.512516217849814 21.732359252968163 22.146826761018115 23.59126841194894 23.789246940158726 24.115422436743227 24.6469017825421 24.975177989018864 26.143429841866887 
0.4375 0.4375 0.4375 -7.939990229800034 -7.71067822339362 -7.67895583734448 -6.247354887125337 -6.196569773248636 -6.129450563758296 -4.707831368113393 -1.871284113851815 -0.17393028244319625 0.11542926505095301 0.24223528173474976 2.3392692679886626 2.5497035492277536 2.845751375992627 3.1105915460435076 3.5988640281851505 5.059513950914466 5.148588157118516 5.658931542789794 5.6721003522339 6.34973236285737 6.727583060973464 7.23633367400654 7.25513458532533 7.9617680598689775 9.039976309610836 9.316476720141376 9.346580203110118 9.516690324131968 10.372207687772123 10.583401523776265 11.049238056496403 13.300082167909054 13.397862718262614 13.420452106892174 14.85986990837144 14.882328214233095 15.032948573956796 15.393833368475716 15.49728473942237 16.011925832729723 16.664454581873585 16.813470976536493 17.086017812422618 20.925049225124006 20.961778881116285 21.239825334724358 21.338500675255162 21.555964806293055 22.138995981552746 23.8687323069786 24.033696133125858 24.19679644208809 24.682245828270087 24.957770371796443 25.718808237303534 
0.46875 0.46875 0.46875 -7.755572753975428 -7.6968866343583064 -7.680297710135589 -6.2644038718465165 -6.258148381803165 -6.226489466594717 -4.932178147440879 -1.9617989758377692 0.039660303073701844 0.16397551558964066 0.2472222287009393 2.644154698339687 2.7731277698181986 2.954128711707446 3.0645357485292686 3.3022859567100533 5.180513249143458 5.194888219727029 5.444119210970843 5.5387072972026665 6.736054123752346 6.952809609318207 7.187116414327756 7.231407197733063 7.5732031604046774 9.160185399663483 9.171950984845498 9.211408983314609 9.609695137570668 10.279929622304856 10.404276992926805 10.592300288774995 13.431052484198466 13.458921031324186 13.462472019207182 15.038711015009056 15.05767069129971 15.09486836811527 15.45646217570995 15.476661739814004 16.289822014933243 16.67126202306594 16.770585338756582 16.88653873014917 20.853151533360233 20.85586310723106 21.277571725917312 21.29289057782668 21.413247231928718 22.11467399015815 24.108615187735957 24.250200451299033 24.25384300764218 24.72533074007399 24.943790539854728 25.304920531714043 
0.5 0.5 0.5 -7.68554525137649 -7.685544188770531 -7.685542303254371 -6.269545754081892 -6.269543390439259 -6.269543239924497 -5.013924267717565 -1.992170180855294 0.18123214574531157 0.1812557506781022 0.18125925334729318 2.934722921581662 2.9347431049502486 2.9918173292158823 2.991831716430125 2.9918436698001667 5.277837465658268 5.27783971692817 5.277845971815386 5.465264226916441 7.119148413344884 7.119184585877266 7.172126426626768 7.1721338694803425 7.172150755404873 9.140103362466505 9.140112043244715 9.140119572752031 9.84791159322749 10.295325891272517 10.295329414458262 10.295335951569205 13.47982877995375 13.479846004381228 13.479855806424007 15.117661032673114 15.117700291145875 15.11770546723564 15.472557251888896 15.472609016786702 16.49262165038508 16.71661234085676 16.716621712821098 16.716628014536205 20.816209840436095 20.816234529111465 21.318625062120468 21.31862606116172 21.318665640334228 22.101867996559072 24.27376527303341 24.273820096735296 24.273834076039062 24.94098437150497 24.94099204170315 24.941000965337214 
0.4642857142857143 0.5 0.4642857142857143 -7.732056529974335 -7.718923960572723 -7.672160323527989 -6.277264729959682 -6.264250187702991 -6.21537624842466 -4.942927501178821 -1.9662301079958953 0.051268181358890504 0.1657035754244754 0.2449457355655262 2.6559319039432387 2.8040343565754444 2.9298500527940727 3.0917547727662735 3.2702443927005285 5.175353056284463 5.209476271316722 5.431654691010091 5.531290218558969 6.765493965431058 6.977769172119892 7.113521532746027 7.30567961753542 7.5296317742647245 9.121828779116841 9.18670567910457 9.222084751102608 9.624984450724329 10.27719733800481 10.395648660104229 10.562749715260209 13.434360936438749 13.460227232290949 13.469961241944553 15.034273657039172 15.07763103902178 15.100145323657756 15.450777943787058 15.481320901070205 16.313328438772107 16.661601951244847 16.765308631669914 16.879986510335915 20.846630248680214 20.853041341075016 21.27764912429609 21.293782613358697 21.40750250951356 22.11327462267914 24.115807139096763 24.24056870534649 24.284463491243475 24.72845691931663 24.947403521093594 25.276399996537275 
0.4285714285714286 0.5 0.4285714285714286 -7.853327334370811 -7.808655419002669 -7.636129609180131 -6.284414959919851 -6.235379260243379 -6.081263406169715 -4.747524350657867 -1.8864950252455426 -0.13902002587388182 0.11410568468672314 0.2535099462641878 2.3436293730417135 2.627927250060457 2.8133835755463847 3.1746086651976397 3.5400901983123925 5.032745430252901 5.175941350428713 5.5856169800518956 5.695697689152145 6.390316740420754 6.80975224281296 7.056584404846414 7.448248559710104 7.865489916623804 9.017236745942457 9.30773024509595 9.368012097362033 9.480949123511177 10.349060877507751 10.566996924709553 10.986877064063204 13.307333118456176 13.408585402898083 13.442741579840582 14.836491770212168 14.972954644512736 15.031848155529218 15.395748432920879 15.487880569809457 16.079693659924406 16.600055782397472 16.8170732402144 17.088876627383172 20.93273751579692 20.93584879623851 21.23251496996242 21.316694431663375 21.540346842956804 22.13715578451549 23.8766838493045 24.037027479736746 24.270016297264004 24.66209461934015 24.975713966397457 25.656621278947934 
0.39285714285714285 0.5 0.39285714285714285 -8.017002772065348 -7.941907973185747 -7.575579994882067 -6.271200388617195 -6.186944934904802 -5.894885449199583 -4.463821259869716 -1.7579840647419376 -0.38029867198457723 0.010256030235578802 0.2277933558797066 2.046594669613921 2.4390348076710766 2.6523057908668526 3.1997743454568695 3.774060606968664 4.866676004890535 5.179280365787284 5.668198934535303 5.9581678283319865 6.072712690711223 6.651937934891882 7.037727945902277 7.569631022961918 8.156975003258042 8.763690283977505 9.358419679542587 9.527734541422339 9.745921699803135 10.501799589989341 10.792709937541499 11.41972490130301 13.100845805904115 13.328401181643969 13.413723759640224 14.574698630805576 14.828828563054808 14.90988003658222 15.329164966543157 15.463210437528007 15.90636727122942 16.535106596317785 16.879743219210088 17.252361991808723 21.00778668892243 21.052088692238012 21.184919566462508 21.446753863160314 21.710535389155034 22.15042396472378 23.598859097636797 23.78711947902055 24.254332021435854 24.609998912361068 25.024311424904777 26.04866599828702 
0.35714285714285715 0.5 0.35714285714285715 -8.197897614774568 -8.101201863892001 -7.491637064184083 -6.229017707583822 -6.119916656468268 -5.681707061563979 -4.124254294907262 -1.5909376766329772 -0.6611933519611569 -0.15659188903145801 0.18709576350715745 1.7707931066813263 2.2381646061767926 2.476942455620712 3.1484195451541512 3.9465049786768627 4.697612076009345 5.189938966495639 5.623420743335622 5.915317266698966 6.263768277146082 6.533751539186394 7.081663692411517 7.662584698530105 8.35326183817625 8.555235680390231 9.43912574654045 9.743977801321865 10.059570282647476 10.708512003433412 11.050165923607782 11.813780673582125 12.826247993944367 13.231876379246891 13.394698527213926 14.29805963007938 14.649408551052582 14.751284645641444 15.264887018849922 15.398755619123763 15.803518144630589 16.482110747523723 16.955275993661214 17.349046291472128 21.027578179729147 21.11655628210109 21.258241402972846 21.61252231563894 21.89377826152814 22.133649021656467 23.305395892524352 23.557506315348334 24.22366397851562 24.53747374808792 25.087950797225876 26.427871708813793 
0.32142857142857145 0.5 0.32142857142857145 -8.380926728060782 -8.27064169176689 -7.385021910684132 -6.1584677350231205 -6.035638430580562 -5.455048107285815 -3.752179369798272 -1.4055793597901987 -0.9623021046877818 -0.37409644643798884 0.14495969077836318 1.522796430526161 2.028264344676494 2.3064286236962697 3.011191593514387 4.026968782680657 4.541239188152601 5.213173227461082 5.419998729973938 5.996075953861875 6.471546278181392 6.574863599915262 7.17120561749353 7.702693789084256 8.242469773382608 8.679609119306441 9.56310075271429 9.939242908404024 10.349838379955374 10.935991871163203 11.319358049257326 12.122965662457096 12.537304126419702 13.132507282790746 13.395068932682857 14.056859945159758 14.422133578163654 14.625979484033254 15.210778646227526 15.329140680331337 15.729876827841512 16.464957747162167 17.03484398353282 17.377385838912748 21.00011223795296 21.173909023119208 21.4054188433802 21.75773427183043 21.998568494271392 22.130036973368874 23.030292444067772 23.365956970731677 24.175102075733395 24.459940544326592 25.159851959757855 26.77484868578031 
0.2857142857142857 0.5 0.2857142857142857 -8.556928615895227 -8.438219978960358 -7.256792024917366 -6.063298747537914 -5.93541064644648 -5.222531251698341 -3.3719930029219225 -1.3445579727976358 -1.15833898046218 -0.6155488443718958 0.12143654841435875 1.3034979639989717 1.8226683221573776 2.1465609232531064 2.8054252532330954 4.005340324242868 4.401767784995877 5.129207142471527 5.368556340213933 6.131227530971599 6.488289263438126 6.863227546950071 7.276966700428872 7.640818643164927 8.183763898523209 8.838461490564665 9.716168371858977 10.084358996289724 10.561361860162963 11.15956967350614 11.553331593971652 12.258259278932456 12.368938888802905 13.056602524280388 13.40492169854407 13.904708248312694 14.201298681212084 14.556186810860925 15.183339885837478 15.282574835720084 15.65412497979345 16.496088915058557 17.108613106676877 17.352729929405466 20.975457646952417 21.230271725455708 21.551760881126167 21.839259911206153 21.92478488617732 22.201667498083516 22.82186965938303 23.214879939745828 24.132056975053825 24.40201096099027 25.234176855137942 27.058607107008278 
0.25 0.5 0.25 -8.720308384411359 -8.596194888700772 -7.108669156055722 -5.950447365571088 -5.819562580537784 -4.989123574624113 -3.0258052232060977 -1.600488947477267 -1.1108308404401566 -0.8166842440772523 0.1565572669977356 1.111383152260125 1.6324008680366395 1.99648337168049 2.5645741249040723 3.918862900809344 4.26290157261575 4.92740441746583 5.507821586520948 6.2841792426552905 6.545837191719107 7.112790035242692 7.36720826594488 7.520144569483943 8.236950342447575 8.930518739470207 9.861427697232166 10.187670428900498 10.651069137582876 11.378809748359581 11.673803078260468 12.233746729236165 12.394035919366345 13.043242134738216 13.380831542344074 13.860034520897383 14.049771949558767 14.540602084092136 15.199383129725746 15.250805585855282 15.591966599122822 16.55327580544912 17.138791606747205 17.336053984668776 20.952238336379295 21.24883780373922 21.66893962260237 21.812135881189676 21.83578477535815 22.225638610966918 22.7251745161442 23.09085154687839 24.10060888151823 24.389304214385295 25.304324789152 27.19358126518431 
0.2142857142857143 0.5 0.2142857142857143 -8.867467540779824 -8.739499424077234 -6.9437023160323115 -5.829628617841881 -5.6889437261738385 -4.758475856860887 -2.8160507941767983 -1.7964756021463013 -1.21640000715216 -0.8954469568590571 0.2891467293589342 0.9400956171851295 1.466542148290864 1.84426146527399 2.3303517066796346 3.8058079912842517 4.110402662088794 4.738842444196104 5.690218265466341 6.438163883929293 6.614067463266022 7.1440383826349425 7.459803747223897 7.5250653995490095 8.3256687824095 8.924228950585771 9.950183306234154 10.285657143584155 10.658796160381696 11.579353696725498 11.710532475295782 12.275540872866655 12.33883518342942 13.080307291401914 13.372515253759284 13.866587261132796 14.000766509530823 14.5500597401335 15.205741713039096 15.278921000850211 15.579812247311915 16.58631005967525 17.087837796025454 17.40548080650764 20.909094411638332 21.200747466332892 21.59691172832058 21.739568042016113 21.886684766278897 22.204949025429883 22.72081790899792 22.980685715325368 24.0553474203719 24.444437166070685 25.36203255193069 27.091006258404445 
0.1785714285714286 0.5 0.1785714285714286 -8.995028647826372 -8.864324405329247 -6.76537265436607 -5.7120508858774395 -5.542221660096625 -4.53283398170044 -2.8646589416875727 -1.9079571068751517 -1.2344145357515668 -0.9758929918866225 0.5011976789049243 0.7865994756183871 1.3419206601318598 1.6758115488816963 2.147658524383644 3.6811954177578485 3.9538097185295475 4.585113423474861 5.886270922335432 6.57740884606781 6.657786645654271 6.98752662196729 7.480873611883073 7.720821183565949 8.393778799221227 8.847894369343122 9.992903060758604 10.379377242015913 10.683102371178387 11.703321919258288 11.781700822668869 12.246468613213677 12.294034416224527 13.041482500699706 13.532213851016529 13.861538491812533 14.04564214571514 14.556280482964562 15.153958812165774 15.400543915683258 15.64365879207847 16.55070658242648 17.036737603639793 17.537342327735523 20.828175386720453 21.108682231541167 21.398658997260895 21.72168202518646 22.000123554567118 22.16083424462764 22.742046027668856 22.908725050845437 23.991233305270473 24.556968705730338 25.40508604334481 26.877051976183957 
0.1428571428571429 0.5 0.1428571428571429 -9.101606861829678 -8.968516448981738 -6.579866246898881 -5.6094485064230675 -5.381692409864744 -4.315599379268167 -3.087080416616338 -2.0963168014832596 -1.0944999677153857 -0.9958606249882436 0.6266539723524864 0.71700624087467 1.301789959753236 1.4967701224598795 2.038974367520497 3.525364952920101 3.820508673434818 4.481775615459359 6.073306739863213 6.543513664778989 6.712444121582544 6.909332974203954 7.464493816069928 7.8801181536705664 8.382425388006396 8.823742895256691 10.007660635873737 10.478178363758191 10.714910598004575 11.719967001936807 11.912541151183067 12.19809681904095 12.28640312137063 12.969218433984256 13.75279446532381 13.86155921524338 14.112376846286272 14.548760652399196 15.104300299587504 15.547874009322594 15.762769338241707 16.457873110535516 17.00950600677303 17.70043895362062 20.714206956134106 21.008275587997495 21.188355424681674 21.740035283136027 22.094529953935066 22.11311434510665 22.682295471977707 22.953097126520394 23.9142280003698 24.695570353318352 25.42911774181814 26.673371103584618 
0.10714285714285715 0.5 0.10714285714285715 -9.185803985414047 -9.050980367783987 -6.396542330328168 -5.5321075077744375 -5.215615119324692 -4.1119435752220435 -3.3520827859942477 -2.3332313545394077 -1.2185838282595627 -0.6485294581399483 0.5041951540721142 0.7606065513436517 1.3258463195687282 1.4187042732985373 1.9920060236304074 3.325949162483456 3.7319072362257772 4.441275897622329 6.118801552530918 6.415991421145158 6.789524755620063 6.941748127956063 7.437481645586039 7.8637123814979 8.393262832928327 8.90136148089795 9.993474009587972 10.6036311706865 10.682219405469258 11.710366651028313 12.01883269877087 12.231192137483474 12.278341362594652 12.89903423137845 13.832268828551978 13.9639288427524 14.138504914952037 14.537411964396663 15.094962466272468 15.683688265170389 15.901783075154635 16.34594208248503 16.979407610837224 17.867777160371066 20.600808277139556 20.91349434523116 20.987393407990368 21.783054309719887 22.081686538961165 22.148713969459287 22.566062469931467 23.068410018128862 23.82598317002186 24.8361560063024 25.429910756322798 26.501892684020884 
0.07142857142857145 0.5 0.07142857142857145 -9.246510476036773 -9.110462766550606 -6.231032112728915 -5.485845194383619 -5.057187874163648 -3.930372530332047 -3.5951736392391687 -2.556162829292672 -1.3249991185174894 -0.2890355801541186 0.39489709909199455 0.6830461918537504 1.204395765210665 1.6073292878676348 1.9950532000759702 3.1115466551566184 3.6782012098120496 4.477810931772213 5.850099321737129 6.5344819824096385 6.834458772832139 6.999462789478822 7.413578775705064 7.694532481756478 8.491345439367445 9.016993987522639 9.965810262474662 10.566788433753496 10.755795049698088 11.69828631016112 12.107994307367221 12.266656488381358 12.326850978987673 12.847782851515673 13.816948785644136 14.061412578863374 14.135229985535165 14.531693027013256 15.160956187628695 15.757781087315314 16.042336507544864 16.26592099143698 16.941614501256286 18.009351565410093 20.521780801794456 20.80952715304987 20.839061498498204 21.841615969302968 22.085253030024305 22.16700028066377 22.43837805746134 23.207557267175083 23.733306846348246 24.96748776555547 25.40724876433886 26.374132051753012 
0.035714285714285754 0.5 0.035714285714285754 -9.283153848262579 -9.146326875283801 -6.1084426510579295 -5.469238791447188 -4.932226781866803 -3.799612393364899 -3.767420577595831 -2.726880545741292 -1.3956934106960037 0.033879163472261956 0.31940746014854055 0.5388891557813769 1.1298858490681556 1.7591127373628472 2.0259849143580233 2.934722142390527 3.64816706145079 4.575691520697377 5.559230127642807 6.662188427138743 6.867794772407069 7.05155221910877 7.388528487426369 7.526584567969753 8.576373378308835 9.121655421625912 9.938493176162414 10.45789293552519 10.861292363808952 11.697018595862646 12.158640084537975 12.294904691356914 12.382419406295087 12.826730698454963 13.782659347720712 14.034515480093521 14.18387605698684 14.526246461794148 15.277994091698218 15.733605781802783 16.154788945876795 16.24151347525212 16.90086115675694 18.104001983790084 20.498222822682656 20.66941556421351 20.792033918069595 21.896582837498737 22.12274238158871 22.161005531700976 22.313768741244623 23.343123289577147 23.634801817900797 25.075624823859417 25.365706869101817 26.294575533907686 
0.0 0.5 0.0 -9.295617231952093 -9.158460243402217 -6.061758782336823 -5.468125248987972 -4.882028894624892 -3.8493958295321398 -3.732945726841364 -2.7957208872549573 -1.4212550943970688 0.2423982058801438 0.2912759664497691 0.3892610274572079 1.102618258407859 1.8147086903629894 2.0451822521085425 2.8596892139392724 3.637420130740136 4.6423040052895646 5.420313534559608 6.705910924802041 6.89041222864109 7.077895664099488 7.3557360153711935 7.464877743564917 8.606040174816412 9.164945788246564 9.925074093927083 10.408952456954466 10.896577753430329 11.694545598526645 12.16682700149559 12.31205235837053 12.39802234877791 12.824317833751776 13.758344149120925 14.00932989791696 14.205071957730727 14.520307597082041 15.346060810996299 15.689344884330252 16.19547151097514 16.244074618863024 16.880368155325524 18.133782090509847 20.506164119915347 20.600009961042318 20.773790546817253 21.91812654627624 22.147196733891008 22.182838870669716 22.22026735417923 23.424143150287694 23.560125487741335 25.12591964208251 25.335603151851316 26.26646698304543 
