 4.51768507  4.51768507  4.51768507 90.         90.         90.        
C  2.25884253 2.25884253 2.25884253
C  0. 0. 0.
C  1.57988768 2.25884253 0.        
C  2.93779738 2.25884253 0.        
C  0.         1.57988768 2.25884253
C  0.         2.93779738 2.25884253
C  2.25884253 0.         1.57988768
C  2.25884253 0.         2.93779738
C  2.93458232 0.         0.        
C  1.58310274 0.         0.        
C  0.         2.93458232 0.        
C  0.         1.58310274 0.        
C  0.         0.         2.93458232
C  0.         0.         1.58310274
-79.64214992
56 bands 
kx ky kz  bandenergy1 bandenergy2 bandenergy3 bandenergy4 bandenergy5 bandenergy6 bandenergy7 bandenergy8 bandenergy9 bandenergy10 bandenergy11 bandenergy12 bandenergy13 bandenergy14 bandenergy15 bandenergy16 bandenergy17 bandenergy18 bandenergy19 bandenergy20 bandenergy21 bandenergy22 bandenergy23 bandenergy24 bandenergy25 bandenergy26 bandenergy27 bandenergy28 bandenergy29 bandenergy30 bandenergy31 bandenergy32 bandenergy33 bandenergy34 bandenergy35 bandenergy36 bandenergy37 bandenergy38 bandenergy39 bandenergy40 bandenergy41 bandenergy42 bandenergy43 bandenergy44 bandenergy45 bandenergy46 bandenergy47 bandenergy48 bandenergy49 bandenergy50 bandenergy51 bandenergy52 bandenergy53 bandenergy54 bandenergy55 bandenergy56
0.0 0.0 0.0 -11.225448112828968 -7.336673304192088 -7.336670586748446 -6.044373508941711 -3.7143550947067334 -3.7143536663675425 -3.714345642089667 -3.2597036348027797 -3.2596998713617946 -2.9225013220276423 0.19628757525769489 0.19629104187794882 0.19630022193466776 2.495689588286792 2.950140444192988 2.9501547423829093 2.9501679706449915 5.772205865162044 5.772220903857421 5.77223128891672 6.832814816612032 6.832831563992514 6.8328554631414855 9.149735095394739 9.149754605584455 10.656076159480467 10.65611736551133 10.656131756977473 11.577405045062187 12.027721086744018 12.027736849578755 12.027781658337563 12.464101529535796 12.464111649418575 14.277458881344655 14.27748991052707 14.277549887505884 15.626831553859807 15.62683818064109 15.626862730370897 16.079795011862053 16.079858352577087 16.079879598561877 18.862029827957134 18.86203012373721 18.862073616634994 19.15649843791441 19.90170172920735 19.90173521479429 19.901762564856057 26.728400731723237 26.728418473340906 26.78767290858991 26.787679599353005 26.787704640637354 26.903159870640128 
0.0 0.0625 0.0 -11.207380730205859 -7.390821503723985 -7.324464255627093 -6.084313254193127 -3.7029535911317604 -3.6931711689388513 -3.632614092451059 -3.2736721589158395 -3.2570730679360325 -2.9439561479666927 0.12724074405181449 0.20450958906702207 0.2868052781253937 2.378732161619396 2.83216840094851 2.965892734595319 3.104426441384507 5.779323648585179 5.852834244288108 5.893627210842451 6.762050106779584 6.891245188570915 6.892862760312252 8.974756637665772 9.137704090798412 10.583867585802103 10.64897200916618 10.667616108727437 11.646944821517458 12.005441616042026 12.094427816561513 12.132484268919551 12.368453305721545 12.438939834443847 14.226239401939143 14.273112196955209 14.28751459937696 15.486942571640377 15.59497764938737 15.783951661200701 16.025603619943322 16.08131508358966 16.167792140202117 18.7239106012936 18.729167577750687 18.73607370153177 19.397339232686118 19.903880870066374 19.95720179285937 20.040560593110868 26.480473721914645 26.607434690428647 26.733937942060656 26.789448600618687 26.94272882790065 27.06523003365309 
0.0 0.125 0.0 -11.154630290238574 -7.554695549546982 -7.289743760025129 -6.1567710850280255 -3.6718670674788 -3.633398328082436 -3.631260479354946 -3.3139632743256295 -3.081560487158928 -2.976270976123829 -0.06904261533751292 0.22660531045707957 0.5293610217717778 2.171426738385639 2.5405842061189885 3.015296315936689 3.4070793612720145 5.800676896583694 5.957318593624998 6.215527229096141 6.5600120314701815 7.042211160548228 7.130377817047688 8.53421062765008 9.099753830845806 10.401939079055737 10.627805876903505 10.687014255385577 11.729244151141293 11.93777710921635 12.16152289051076 12.269640617950037 12.361837839513182 12.408276973381062 14.046815212336337 14.2603299052805 14.313921821014558 15.215329416949201 15.42319571687829 15.94678475460048 16.0858059559262 16.21156026797288 16.275330413003548 18.395719181870167 18.437140115424352 18.586959413654036 19.833643067108667 19.904927026780552 20.100601833824573 20.32826305089395 26.15477704129658 26.232717811380308 26.52673072511841 26.83001443679327 27.219813513908715 27.34942487834318 
0.0 0.1875 0.0 -11.068907545318234 -7.813240949754974 -7.235209143548634 -6.194754100795667 -3.8277669607100067 -3.62349499986841 -3.5311728218754634 -3.4169608755963528 -3.041975850525356 -2.597647885684363 -0.35303757857175094 0.25838912596334873 0.8732328115637885 1.957713209300752 2.171438536787664 3.1052048783974198 3.774827298645335 5.826196738272485 5.944905115026619 6.262902959277694 6.700415437366897 7.1501871151054175 7.6119081036768845 8.054370164015937 9.0397626254089 10.146639246007611 10.619871645806032 10.722254945369073 11.585107610802625 11.838593042094011 12.088352692810984 12.241261765654775 12.51666150589623 12.764442092852429 13.746009918139624 14.258859218987272 14.356144836145996 14.91795439748792 15.018113056868916 15.944679892499732 16.09048865375681 16.27423104269718 16.789832193431852 17.937968151264748 18.114788200375358 18.5125002760676 19.907923586893087 20.30099634747671 20.361431294104143 20.648682115742737 25.618403619496807 26.026527577156212 26.094380898028362 26.826105357911615 27.571638189755006 27.70460594374836 
0.0 0.25 0.0 -10.954479220419772 -8.124685579616576 -7.166946869254544 -6.183199529889997 -4.074217958060049 -3.570495901019953 -3.5648764665380157 -3.395574435190696 -3.0416184651395977 -2.0604675071445238 -0.6886805738738824 0.29973088235916623 1.2670879174008487 1.7618746241574772 1.798335855185546 3.2349449056083146 4.167116840374706 5.848564910832566 5.8537845584203145 5.914788963481777 6.881641420992791 7.287391233429161 7.919828585132312 8.245298854813951 8.998755700071259 9.839893079607183 10.625987085790767 10.76038588371165 11.28802501457257 11.720023128494727 12.09434918949997 12.117914831077313 12.78950110282196 13.093880211631296 13.353064532925433 14.311614789484382 14.404949175227086 14.45498012404491 14.63366301320215 16.003785894656804 16.088224797206067 16.099090646690076 17.35825319389696 17.486314800471703 17.80511261714519 18.549615763479036 19.90370984569638 20.530963349123965 20.94043618941514 20.946075852337547 25.10773219009976 25.53842857011086 25.880397051032 26.7917007244186 27.746267447004822 28.251335672594976 
0.0 0.3125 0.0 -10.819061096783987 -8.442800330404896 -7.090904417847236 -6.136466704919378 -4.317345616816049 -3.73610135441727 -3.5007902982525843 -3.2282122869309076 -3.02626860112088 -1.5102926881152512 -1.0333790581445848 0.3492512251190168 1.4615617345332017 1.5440346626691535 1.7171914294931916 3.404019204472544 4.512190482878829 5.551152209520716 5.730635455252716 5.882672070676645 6.400689040675403 7.933339282860462 7.933801719688837 8.948320443642269 9.070478298985794 9.537569744776713 10.643881871682161 10.802363993259245 11.00851038834687 11.604671996995032 11.922154469046722 12.139523252942944 12.943121923316502 13.022244281305872 13.306193798684406 13.78608328496674 14.341941582724433 14.496491890748416 14.510325003685073 15.739319131599618 16.091186992515244 16.09881370943707 17.16176388697643 17.52836964046751 17.732901308805207 18.785792171371714 19.90195181187545 20.765419507137352 21.20678948707076 21.518443762122235 23.28859020076096 24.663344887734233 25.043002501951385 25.814213683909667 26.734128243170403 27.843310410581317 
0.0 0.375 0.0 -10.678512968931063 -8.726897519537411 -7.020109539964877 -6.075691428591994 -4.524128472486302 -3.881037161272298 -3.4447317607597556 -3.0461705549212463 -3.007667850349409 -1.356021633538009 -1.0133461905021608 0.404701147734358 1.184903937021975 1.43870568297939 2.0433491072955334 3.597928632289162 4.652086035725654 5.2050857744417725 5.625669417335177 5.907592701224779 6.125206381760864 7.8138007277659804 8.576228556305852 9.010943850857332 9.575062443767044 9.647067483981115 10.6652806449592 10.793759829403582 10.827540625665454 11.508209486128088 11.668935710717992 12.150455289071497 12.607059207883053 13.118995801460551 13.138703323050466 13.38627317748324 14.16640207930233 14.507802639641039 14.740820720315197 15.365812549971553 16.090896640598736 16.211999062059093 16.950999181559833 17.28722058490329 17.876548517963574 19.170776448946356 19.902420258809997 20.968452347772587 21.410406106357307 22.029542892805484 23.54773616073116 24.319275493109814 24.53236694290472 25.834668336460386 26.636286224150396 27.732322895695937 
0.0 0.4375 0.0 -10.562355101009189 -8.932519046837736 -6.967477557839376 -6.0230667820787875 -4.665005103371974 -3.9800916331732537 -3.404504092917217 -2.993400749394982 -2.880750066723744 -1.6085640078395864 -0.6509101878423875 0.4592589059771694 0.9939904390278249 1.3583688233754736 2.2981785889183906 3.786195219412942 4.549334252919773 4.923658708432822 5.556939152716365 5.925426843221448 6.167688720964784 7.657367553688321 8.757278842740062 9.112790080197009 9.985479176342327 10.256099841374603 10.636857534099208 10.684835247592982 10.806148713707271 11.33003467995588 11.445520852401694 12.162888145527988 12.420026527255743 12.570084673622175 13.09573966273989 13.403656553265792 14.1066432128919 14.373213399578992 14.94854882154485 15.218600542621369 16.09339436065691 16.32213238467003 16.818852649705043 17.10525090729851 17.92142220317035 19.50067210798248 19.904357194271913 21.108185600644283 21.54651573321453 22.3961398069995 23.71264905943104 24.09575518507982 24.185831486729374 25.932724385301853 26.540826031438332 27.524096365042833 
0.0 0.5 0.0 -10.515080016034231 -9.010845607035971 -6.948855414681566 -6.003130544396381 -4.71676066678473 -4.016892526322853 -3.391602793551418 -2.9890969589652956 -2.8074421403025864 -1.7133193770956572 -0.517773193968925 0.48517740473604937 0.9191449088708686 1.3293525420837127 2.388698309629152 3.875614917507879 4.463495431397488 4.800288821184367 5.529997745830549 5.93082618608188 6.238811978658866 7.585559782174025 8.638757371602644 9.335591179189002 10.331528429593632 10.467850457954468 10.638004736370592 10.661107895871567 10.686920568418241 11.124411743396776 11.42217907693125 12.162368076866157 12.333581752122356 12.363280145100019 13.026044491824765 13.40086852750055 14.142176818793592 14.240426953638474 15.02532788387844 15.205911626928307 16.092153225552604 16.372686784620534 16.767381362409484 17.028205492367583 17.928677437716377 19.61904317255526 19.899218916243935 21.147079728099484 21.587763717819733 22.526483587609274 23.767205292021657 24.016265101004112 24.07036764430704 26.000291109894782 26.48965832383616 27.407465729843814 
0.0625 0.5 0.0 -10.496588299687563 -8.99715659901037 -6.988992960373855 -6.040244405339028 -4.7200869754325385 -4.122890828714095 -3.3693947736796637 -3.0231823947109375 -2.688680892558307 -1.5697151510458383 -0.5116425710983479 0.41014808866239133 0.9360246199480444 1.2638991161995323 2.3907966399212945 3.933488745479195 4.484192881753966 4.903387006250585 5.4715757279600625 6.042470694733657 6.219335398168647 7.557132433815422 8.463798561578368 9.322811419122452 10.295741047474676 10.482829919893932 10.600303874471644 10.669527804106043 10.751027926309664 11.081461186037336 11.552039772407587 11.896922520894416 12.197880844030452 12.600681914019747 13.030891366864928 13.466942313949717 14.148493901104144 14.24422026424724 15.082024444537382 15.186559562139022 15.980832480260679 16.50539582052461 16.742193047094162 16.885478856702708 18.156135888405544 19.63287678747081 19.878620362015702 21.22371311773434 21.501144168257703 22.5309619799298 23.766835448157195 23.94508942069717 24.092582282755192 26.024007399427518 26.505421025752945 27.434157963992178 
0.125 0.5 0.0 -10.441721596025722 -8.95766200067611 -7.122045807752399 -6.112475684405677 -4.754091594962476 -4.3541515846518 -3.306553632014417 -3.116967614378323 -2.3749753640924536 -1.2070224251350337 -0.49914477524661877 0.20067284337427177 0.9840124092425775 1.0888282241878298 2.389870823125097 4.091918513139532 4.543890065071299 5.175850208607914 5.303759847607593 6.172254070678776 6.354997639558715 7.426019184580437 8.19334442308141 9.032007395280324 10.166961232263693 10.53953800218959 10.608916509365564 10.681291656651762 10.907539425799579 10.94925614999773 11.309913771522114 11.863602166195719 12.277531492637088 12.769422597172447 13.044904405416387 13.51236822936342 14.158970032906957 14.255614584010893 15.12107008580503 15.2247288298662 15.673808202309354 16.62644270299942 16.645480859528025 16.8750815364556 18.657033298175374 19.65795359850978 19.839953831106524 21.24615863805362 21.383849791062417 22.54016396023323 23.751386568815306 24.159692285580945 26.082435379866254 26.520813415450846 27.502105343051163 29.577005903758014 
0.1875 0.5 0.0 -10.35224532907123 -8.894893834493807 -7.351820683259767 -6.15389033061032 -4.922647051463963 -4.503924009817685 -3.2545524582638587 -3.202552566212835 -1.9287745623899735 -0.7362111929732367 -0.48123753624514176 -0.10009559451133296 0.8566771448773381 1.061247690149744 2.392775104392846 4.3176864835312045 4.644834009256824 5.059279066831704 5.5037440957691794 6.170953962672169 6.82481572125545 7.1433048196774545 8.05365993565731 8.52904032583643 9.875014602741192 10.506051477258877 10.564483021307481 10.699306087533808 10.732927333868194 10.794136699432071 11.333807792973442 12.244225498323024 12.375493319832586 12.781446161190836 13.07793613100282 13.572906717759196 14.16174510123257 14.293807125098315 15.016756810153254 15.235174077350429 15.41111915374339 16.38678969204651 16.480988557742172 17.39213154064092 19.260049216350346 19.70006317193094 19.829355197062455 20.9156712570505 21.58326289415611 22.55048649526473 23.49783641285144 24.296543279033084 26.161788700609403 26.493948192451274 27.588965923508198 29.59357295935283 
0.25 0.5 0.0 -10.230602742833831 -8.81359441921215 -7.646462573964352 -6.148995875820611 -5.2188793965403395 -4.521282602145203 -3.415073314152611 -3.058962206729922 -1.4153590572366257 -0.4603551746681608 -0.4475863795988 -0.22483539420681356 0.6154227591333424 1.160910113944909 2.4004422070934446 4.5383310069821805 4.782945638371782 4.808370160332196 5.654117625091273 6.41705805336956 6.809056877519878 7.4001400118052265 7.877082326156078 8.106272162803938 9.355259545039438 10.393941471371788 10.485900358326436 10.50326908041922 10.509204518577189 10.723945657933116 11.826910645873259 12.488723628994642 12.489841296021751 12.57182464066119 13.18090306768605 13.820970441388313 14.088768124204446 14.385532037937361 14.76359986176535 14.879804132268582 15.550480281230124 16.23676178823673 16.27907982477536 17.932560804436683 19.70983439476895 19.747821324111115 19.854465132633408 20.779093619257004 21.793889087710767 22.56309349396122 23.241101724753328 24.490713280583464 26.23409887734134 26.398570974095165 27.63078963634323 29.483932029991767 
0.3125 0.5 0.0 -10.08437706179467 -8.723716735120444 -7.961149108382878 -6.114563469993309 -5.516416628010127 -4.501551845016798 -3.5763316964643317 -2.8831189463966815 -0.8930959950547978 -0.8096150484932466 -0.4356877800910871 0.26050191951585167 0.3973211638851558 1.26943003285529 2.404741044749308 4.505423487381744 4.64289033074409 5.048484407664699 5.631248187350622 6.572057405062414 6.857684452758679 7.3471543869207565 8.032424280425333 8.07323251929033 8.774912218421184 10.08471849016907 10.303142463777066 10.367459229056234 10.51753710548993 10.738787870401428 12.016694384189506 12.207169686654641 12.694691980575664 12.717068431354647 13.408195759309393 13.712025292104771 14.150052546563796 14.53058370142321 14.539849422587698 14.720756694837643 15.545314731048926 16.073805332360553 16.241306151302002 18.397645992763987 19.544186515141455 19.782794794151894 19.889866354565655 21.27849324236134 21.98295068194952 22.578168078583463 23.007489974172252 24.7265143757036 26.218969643648325 26.255312413517174 27.535787020971267 29.299372150090896 
0.375 0.5 0.0 -9.926310175075912 -8.638957026322116 -8.253260548129013 -6.069364518693956 -5.76106124433549 -4.475685240538733 -3.7147707256342883 -2.683546309900681 -1.1537285326837403 -0.41668120185805607 -0.413974934852006 0.2257614375148084 0.678358891477759 1.3742450472929775 2.4127893956838196 4.269240030763201 4.5831204793830125 5.318556581733309 5.5898511272304985 6.541009981458027 6.839280128120738 7.2530054506966275 8.062682257630033 8.351718349652081 8.659169907384648 9.767899326538869 10.158310578857982 10.285751836419065 10.54099593019963 10.757759638068183 11.49762547636507 12.363064423847566 12.7405079983652 13.050663484714212 13.122725807920547 13.676949433140498 14.462690880314538 14.512902261290465 14.54311691541507 14.75204116210152 15.442633374051168 15.897991489197294 16.34658683409427 18.73356304016433 19.173959794366095 19.80641723167079 19.9262532727237 22.02943520792293 22.146705839430815 22.59155056632301 22.814388703468595 24.99815656748895 25.96821634492373 26.170823469502384 27.320602861759287 29.152673009653764 
0.4375 0.5 0.0 -9.787985811285086 -8.576112496819771 -8.47656545987179 -6.03236927820022 -5.922037857769033 -4.45602540081573 -3.807751541418744 -2.4893599942349574 -1.4373720433329622 -0.39862153238643183 -0.06907545664489675 0.11790315374242438 0.9677489239369893 1.453504971616027 2.4173732555833047 4.108011120788427 4.43680351943364 5.568445679511812 5.6108965901564956 6.358831760349426 6.696447959356336 7.3401565346111965 8.025538590834024 8.31857820623599 9.183028608501635 9.535019600534467 10.058720111134233 10.241195901184106 10.561414313937515 10.772221350694595 11.05727616428259 12.417752904421071 12.599656231673094 12.731386871399845 13.366554388032087 13.910085815919143 14.36382013855456 14.53644146117525 14.68623303023261 14.939671481189388 15.343019352297937 15.777787445916166 16.44382625587616 18.880710556306592 18.932371898753125 19.813496716154187 19.952316957469115 22.281069868183057 22.599534025326058 22.67021955919695 22.702442467526357 25.32667364191702 25.666394555347892 25.961655964952314 27.103525230599644 29.085074434906954 
0.5 0.5 0.0 -9.727780738374925 -8.565397507701713 -8.552142967823873 -6.017840272140156 -5.978342036596749 -4.449084451537364 -3.8395583939647397 -2.392784592492943 -1.5618828903203552 -0.3888879726544143 0.06367967528946833 0.08055326555455276 1.075610725947459 1.4829507941645153 2.418910403608866 4.0522932894637655 4.362019020026176 5.565332376592988 5.878510374571535 6.042312102048613 6.771887613140448 7.2920237441069995 7.998396344406104 8.413344014244114 9.4074317090081 9.450223765996018 10.024819198586103 10.230073112157095 10.57209543755637 10.777722321581951 10.869840080796282 12.375542177499417 12.433203129311371 12.72756778171366 13.494007328825102 14.061512617017398 14.23599639679685 14.552445185810178 14.768921674717552 15.016477840687452 15.302426939049468 15.736035453893775 16.479753681554463 18.771475907134057 18.9966070818182 19.81908106541121 19.961775623209256 22.34592802269693 22.603645215857057 22.604031755253096 23.003168829494165 25.49550465334059 25.501366673983824 25.68317866350708 27.027444834996942 27.48643233503755 
0.46153846153846156 0.46153846153846156 0.0 -9.775272769822768 -8.547986767225975 -8.517651408785097 -6.033535493047739 -5.938560191403778 -4.431644683532932 -3.831286438382902 -2.4398374199226875 -1.5142626926845404 -0.44031782583674123 -0.008040266413321263 0.11180939466931984 1.0541090451644561 1.495311699365073 2.387953650804366 4.083110623654468 4.406540584404158 5.215442732145282 5.937622234586305 6.331432849141726 6.768438297401593 7.332675875533699 8.029520909807056 8.39636028313446 9.314696254971855 9.497516711197894 9.722173559738254 10.436988386101884 10.55124330920855 10.815545642586743 10.949196974977365 12.434308277028261 12.460834916188118 12.720237517677148 13.410525715134344 14.034560236448144 14.293314202173624 14.556535343965148 14.749890172303036 15.012672599626844 15.286582997192669 15.770072882386874 16.442718349195353 18.808433610168233 18.993543615271786 19.76705265593429 19.946987969708672 22.308937878848347 22.546071626328757 22.65955140436491 22.88379979724146 25.369589339357344 25.592806863441837 25.810309010027296 27.022490565161277 27.63803304478946 
0.4230769230769231 0.4230769230769231 0.0 -9.898435766792481 -8.509579790741174 -8.415699942034054 -6.076052021093657 -5.820722962838137 -4.380993209680989 -3.803850721941719 -2.55602817993723 -1.391250719995847 -0.5820025274562095 -0.1947009918090856 0.1943277213756254 0.9982682603436273 1.5330112880917532 2.2969146591642415 4.178311873046733 4.524415521761579 4.75893477405223 5.945842110930152 6.591310891419034 6.966641197616911 7.419942393305381 8.114006095756826 8.39861318015527 9.070480604143851 9.391901205804416 9.633647934023465 10.144654823328477 10.843483409747623 10.955841034534497 11.17127834796124 12.437766716330366 12.64371129808225 12.748511300000596 13.165904207093773 13.951740770720566 14.434735091508697 14.577648593988387 14.71271929418723 15.035502126206131 15.27056437008074 15.869479896773347 16.34538451732866 18.838232096486596 19.017535473205793 19.645048126571382 19.905254618063015 22.221423391943606 22.323336006793074 22.663246207178446 22.803527159958943 25.169444047593068 25.766897685995588 26.020109044881618 27.06889249476617 28.093653931086447 
0.3846153846153846 0.3846153846153846 0.0 -10.063456031700063 -8.44796727100987 -8.278550447950392 -6.1398396866480835 -5.633458927449074 -4.303539177586337 -3.7596531938516344 -2.704767388571352 -1.2304743886517413 -0.8055841465849495 -0.4730169509908275 0.3250819013506124 0.9141666406277361 1.5950456929185683 2.151996175682939 4.330056860559704 4.3345670335753015 4.664689952798013 5.936985561675836 6.651780530447317 7.346402603145254 7.474706557447241 8.243677112099402 8.52323727139803 8.730618194313184 9.171968728503984 9.762456257792321 9.839681610685226 10.841578101032564 11.318320723380893 11.494201087262098 12.407519139527851 12.63577517382011 12.815237584551427 13.04546900753321 13.814599725945401 14.559683612273595 14.59003938298302 14.690703858883072 15.183229522235003 15.267348754866767 16.01943848814697 16.211127136613484 18.763574153965063 18.99780490290017 19.535583855414203 19.843313945426996 21.916214272264384 22.096554545936794 22.47181378838373 23.011362617938108 24.98467032910815 25.908063182277477 26.23458756056198 27.163431154123085 28.42423068163837 
0.34615384615384615 0.34615384615384615 0.0 -10.245033946284746 -8.363608865522577 -8.126977765184382 -6.21355159239081 -5.3902827053292155 -4.204083898073367 -3.7009445751903174 -2.863489886896209 -1.09861090026208 -1.0528922847636142 -0.8155678963035938 0.49325285120920087 0.8134719690767078 1.6828778167840672 1.9618267413589094 3.967671699967001 4.527604585665911 4.721593998396132 5.968784435989775 6.790791910015466 7.370041162882652 7.603490051206112 8.338755277816963 8.450522008706047 8.789982155692316 9.15412467927969 9.328924584699914 10.091746913858714 10.8149712383405 11.618632126165323 11.802087667253637 12.155421511236081 12.58014128995725 12.68804553438896 13.404044174714022 13.647259991312962 14.535204848967158 14.67205904503211 14.705948883654546 15.216978449068689 15.468531160307897 16.10928629514933 16.211898643093132 18.604742048419197 18.77050841398036 19.537652891087685 19.770390469242113 21.441520372060722 21.931322044793042 22.26681725547602 23.26324462564329 24.868595073858224 26.034739515176437 26.371801651973858 27.361751771763963 28.73528320449394 
0.3076923076923077 0.3076923076923077 0.0 -10.4271958120753 -8.258000544302709 -7.970051533293072 -6.286379369737861 -5.106017309566594 -4.089457180612375 -3.6254886322150366 -3.0202412102535527 -1.4359513074642982 -1.19434508030815 -0.8661807065943102 0.6335341690648716 0.7671445189187139 1.7322738412785894 1.7968780862673508 3.6617134644229914 4.623354007260773 4.765227385311678 6.126949874474282 7.006735488567356 7.274241425374903 7.56001158949991 7.930693989747365 8.704319607404162 8.86803075781594 9.090080618911651 9.383709700787616 10.370759759561587 10.780719731666512 11.544043561688818 11.840174182710793 12.296377419573952 12.510278492898408 12.809576305469578 13.407175783708754 13.8177714490102 14.466305972455741 14.753544955835489 14.794699447532784 15.040168933185136 15.779763281731098 16.127669199011773 16.455468656405895 18.354407644409196 18.43014884126437 19.57530970921458 19.697296576397882 20.970853645225482 21.737053154415744 22.02838175202785 23.514230137407495 24.83619382837332 26.166948659385202 26.467105560386457 27.60982045176022 28.90047545949354 
0.2692307692307692 0.2692307692307692 0.0 -10.60018783593794 -8.134023148758747 -7.8146799503340825 -6.347040874235389 -4.799107489094594 -3.963656891478815 -3.536973961912937 -3.171062326348752 -1.7978216321517149 -1.5920697253529812 -0.6779954971202002 0.563913285541951 0.9589680051129992 1.477356447137075 1.9353370342642067 3.423502986798226 4.402523996106027 5.026679922894374 6.37965318091351 7.095004800018505 7.34113011481477 7.438058769729295 7.524108140264548 8.40266688911314 8.891215498167563 9.280177014185382 9.77912227538373 10.657936936113193 10.742499934727519 11.222017895264889 11.97020135468655 12.429069666916796 12.615503677586153 13.027637253260533 13.188407070713945 14.172161932463663 14.400902531479572 14.739490669536353 14.839518426837618 14.94595816256114 16.035458822807023 16.26441141215697 16.76237397502581 17.968619102660405 18.11234442037175 19.5979249985447 19.636998588655512 20.5291992400307 21.51704145318649 21.759558292908427 23.730853684216974 24.89781861725566 26.304229851169605 26.58741491932101 27.822167071301532 28.817214281008987 
0.23076923076923073 0.23076923076923073 0.0 -10.758089466520655 -7.995883119076762 -7.668831343193444 -6.385543914773821 -4.486957024281055 -3.8333039230399835 -3.440303865704137 -3.307224225123928 -2.167365827163609 -1.9955955275791428 -0.4922421602478328 0.46555765284150835 1.1902220754348931 1.2232290663999394 2.095344670081396 3.241992683786176 4.13259025041686 5.29370794867325 6.6144086327952465 6.955641762708186 7.129537709394961 7.383918328145837 7.643510130029097 7.94879398976154 8.844540899906981 9.402955645962672 10.191149639602124 10.70542442186871 10.932104382668838 11.202645582497565 12.039186274026552 12.342916671362302 12.878686391637688 12.956175491867729 13.27667484308728 14.345037168693517 14.421518556908614 14.49833806862617 14.933581425170253 15.133486935979235 16.206328008298712 16.44009680151346 17.122614546829244 17.529454517812205 17.825662183720656 19.598518610012395 19.602965922030226 20.12251657671544 21.272763954864633 21.46373490773975 23.875885329835324 25.03973238284481 26.412774220682113 26.716783057839788 27.92399631178267 28.54834655025818 
0.1923076923076923 0.1923076923076923 0.0 -10.896513431039708 -7.8479754140342575 -7.542891596337865 -6.3881428212305265 -4.190406125989306 -3.7053064947055336 -3.426571482974749 -3.336437340018226 -2.521999828559381 -2.387471246437124 -0.3137921295940384 0.3810323706380013 0.9543689711890639 1.451536111834805 2.2723676070130145 3.1183352382639438 3.857951757604832 5.547373688910478 6.726819653835522 6.765503656914511 6.770728212785987 7.495450318521549 7.5322064404401115 7.924750112630045 8.600311512598676 9.599693270057251 10.539486376633427 10.677158101435344 11.191381794884547 11.415912637801439 12.08648945398747 12.2594062615186 12.72507729039318 12.986389585804401 13.533638544511511 14.185326818530985 14.314399251670011 14.77630299846905 15.059134210379232 15.352435874439289 16.300954135787684 16.552185178646482 17.078910174836476 17.500942157387012 17.657381401846344 19.582969363075737 19.60825636498464 19.767319512293206 21.015613557053832 21.14981182438707 23.92359574144368 25.260291560174146 26.490613969743432 26.850745197158442 27.85952691806275 28.192972664548687 
0.15384615384615385 0.15384615384615385 0.0 -11.012605223033841 -7.699164158308768 -7.447254158550826 -6.346278002566201 -3.9308896248424254 -3.5911079879296977 -3.5279020867993225 -3.234172529118455 -2.8411818676477782 -2.7473200919449816 -0.14906837534093342 0.3137032486571805 0.7142302757904213 1.7026296928681866 2.459023081343951 3.0435744718081046 3.6027844451619306 5.7568162861929135 6.4435658907899755 6.539605502461269 6.776778282579406 7.179888538127076 7.496981190918856 8.152038387932427 8.584071133888912 9.82960287916206 10.657761623660765 10.75982875141912 11.439393299223465 11.694794807437585 12.138627128048997 12.184916910245162 12.51089343793887 12.860958116214679 13.787631909228988 14.123407364418064 14.296918007839338 15.013826421004895 15.207286523818652 15.58132168513463 16.329653610632878 16.49076306312194 16.646849065274306 17.731439115530147 17.870851144604806 19.456376231678945 19.560535542862667 19.660102137847915 20.751397541365684 20.82953506657027 23.927406218344043 25.53320686429873 26.533219226747914 26.938178779286442 27.613260334989143 27.827751021668522 
0.11538461538461536 0.11538461538461536 0.0 -11.104750664689982 -7.559664912419714 -7.386295271416943 -6.263769216244857 -3.737435657134268 -3.608238174269744 -3.511891424062574 -3.1785865053889366 -3.102781014779796 -3.0041450242609082 -0.007990472086091244 0.2620889217577185 0.504896472057556 1.950784516682159 2.638202508615811 3.0013401152500996 3.376931653354344 5.8727748791932495 6.172427608328334 6.298748753662115 6.794269435393652 6.936059067699064 7.2468588703002785 8.461521772917129 8.78730142215548 10.074846288126107 10.648657762083898 10.827472860366065 11.622993973028466 11.972317008713137 12.120814756235934 12.213628776648935 12.318771276363075 12.592927605747015 14.007004921257847 14.170141151387146 14.286282513649422 15.222490953640227 15.36212886431727 15.784670956883312 16.23529667501054 16.29710143164975 16.34203511827972 17.98727366520723 18.21623258748592 19.208487949211975 19.509784321531914 19.735571199259937 20.476788584439507 20.5084444987847 24.150058763049213 25.8387681791151 26.558562694826364 26.96828134518875 27.323644201099757 27.493148644351066 
0.07692307692307687 0.07692307692307687 0.0 -11.17138033365704 -7.442832103918778 -7.353829302910458 -6.162437085765507 -3.666413101470382 -3.656176163969527 -3.5354941957354904 -3.2635362099572207 -3.2503976575624023 -2.9925432514840753 0.1028037554406723 0.22736196629865987 0.3413267224949096 2.189987126758153 2.7984956202114946 2.9772796946415565 3.1859290660979744 5.870884420407418 5.9632713553183985 6.0513336182701964 6.812494148232762 6.835116844706584 7.014311276244724 8.791667200737715 8.98346882746579 10.329943050047667 10.651043711017898 10.78656872972248 11.678900377335774 12.072679669621786 12.166878552684068 12.218504093994047 12.271046468454225 12.37140878569044 14.16682509551668 14.230154907883794 14.282142597354277 15.408802000111358 15.503960246729195 15.915767344641198 15.948787960468 16.19194790935612 16.221924985618575 18.318333255373002 18.524055755964 19.023425716924176 19.434793566015685 19.820258802397202 20.211603244357445 20.2177092601501 25.043821743738853 26.175801294365744 26.59501962441376 26.950208040016143 27.08135679876952 27.20062963132343 
0.038461538461538436 0.038461538461538436 0.0 -11.211777753356468 -7.364378412292643 -7.34000044974074 -6.077437713511322 -3.702120723781772 -3.687376255777347 -3.65749954685327 -3.2706928335514798 -3.2645342069424403 -2.9401647784049274 0.1730102790407288 0.20571342031670983 0.23518536298116866 2.396613955168219 2.9095866774699775 2.961066402860885 3.030569357417317 5.805378035781816 5.826612814183101 5.853881304935931 6.826494454947578 6.828031275932524 6.877423894129459 9.048478571259002 9.108336547621441 10.556386714553215 10.656153302638039 10.701241004845315 11.627233308018141 12.041902658377445 12.064828488846857 12.097282615164739 12.402103840071446 12.432325177345612 14.253335831047147 14.267829898481404 14.2799981483325 15.559783000316534 15.596663303839732 15.701816635858854 16.047556887153295 16.10663336165868 16.13037620200865 18.652948790679435 18.76238882454877 18.90767837001808 19.299943804080232 19.883173036625678 19.987177875694986 19.998524341541945 26.50396805009803 26.55303693474552 26.65638645762774 26.879238028768235 26.93328854515159 26.980256010666285 
0.0 0.0 0.0 -11.225448112828968 -7.336673304192088 -7.336670586748446 -6.044373508941711 -3.7143550947067334 -3.7143536663675425 -3.714345642089667 -3.2597036348027797 -3.2596998713617946 -2.9225013220276423 0.19628757525769489 0.19629104187794882 0.19630022193466776 2.495689588286792 2.950140444192988 2.9501547423829093 2.9501679706449915 5.772205865162044 5.772220903857421 5.77223128891672 6.832814816612032 6.832831563992514 6.8328554631414855 9.149735095394739 9.149754605584455 10.656076159480467 10.65611736551133 10.656131756977473 11.577405045062187 12.027721086744018 12.027736849578755 12.027781658337563 12.464101529535796 12.464111649418575 14.277458881344655 14.27748991052707 14.277549887505884 15.626831553859807 15.62683818064109 15.626862730370897 16.079795011862053 16.079858352577087 16.079879598561877 18.862029827957134 18.86203012373721 18.862073616634994 19.15649843791441 19.90170172920735 19.90173521479429 19.901762564856057 26.728400731723237 26.728418473340906 26.78767290858991 26.787679599353005 26.787704640637354 26.903159870640128 
0.03125 0.03125 0.03125 -11.211824293511567 -7.35188649491075 -7.351883832905583 -6.07777375349072 -3.691556092171212 -3.6915504768967393 -3.662353888165078 -3.2680018967294586 -3.267998148952804 -2.939810083173748 0.20407883254553277 0.20408616199540494 0.2066767453447836 2.395843058781869 2.9509037640284173 2.9509192240290805 3.0019230750377446 5.82398460973939 5.8239990949598806 5.839013049948468 6.834684417492743 6.8494672291805525 6.8494901174783305 9.079616387355376 9.07963473599586 10.542150563020616 10.687828376949854 10.687860763484137 11.625339981873884 12.0602949836922 12.060329646655168 12.084120614765537 12.417987623340313 12.41799652359904 14.259672797768673 14.271842460144908 14.271894907380155 15.564696694641661 15.644457980189499 15.644473835746796 16.081376478866048 16.081421179458463 16.12864836426765 18.622497380184075 18.85591215179094 18.855937726341615 19.289194719286854 19.921394679467493 19.92142657113092 20.029223337552 24.60306595176478 26.552307375572983 26.552325882030843 26.89696777046279 26.91663170510997 26.916650937163894 
0.0625 0.0625 0.0625 -11.17184238403026 -7.396160901691265 -7.3961583848155 -6.171364261119677 -3.6506187330508335 -3.6506139919484064 -3.522619750657832 -3.272848422659155 -3.272844280425068 -2.9982429664488266 0.22183488820673722 0.22184216558219388 0.22958018294467933 2.178114600190925 2.9486427524550156 2.948657868153904 3.070448257395025 5.9486466014997585 5.948662341428696 5.997199516080517 6.851598748717752 6.901793756477044 6.9018151938030226 8.893051455428001 8.89306796566405 10.268307175913089 10.748016367274593 10.748046472554664 11.665523074209363 12.126389126841083 12.12641884260409 12.25217967016277 12.295219072741702 12.295225659168326 14.192563382835845 14.244871314232482 14.244922622655611 15.425902762533985 15.660512415062417 15.660524928665307 16.111973303082777 16.112002130539057 16.23324971936893 18.231834861828055 18.8239267928086 18.82394625652481 19.41718326291899 19.96091417995876 19.960940205394888 20.331175936001966 22.831826181841528 26.2760419612833 26.276064311214466 26.889251576540744 27.09024227329488 27.09025746468051 
0.09375 0.09375 0.09375 -11.10552903917952 -7.463013800065373 -7.463011431064423 -6.303679732015743 -3.6705583222348435 -3.6705547624659265 -3.352486077973699 -3.196337980893481 -3.1963333262469367 -3.053123991406386 0.25126067661370605 0.25126759664010806 0.2657844074030104 1.9179920044535936 2.9584537878131125 2.9584687842487924 3.10691490375115 6.100946295970803 6.100964443167962 6.182048187954129 6.946930305774313 7.016497735964303 7.016516461538236 8.643912217857485 8.64392709226852 9.933918355413049 10.790399340880404 10.790426663561846 11.611893256907841 12.014932142647208 12.014938746060798 12.321331193413272 12.321360723660794 12.510432611679654 14.06859727433993 14.197537591593596 14.197587122513717 15.260222637040709 15.610519675365165 15.610545962754474 16.23979578312568 16.23980852160496 16.352408888194798 17.838786162872363 18.763575242996748 18.763587097023724 19.527417690863892 20.03480613667498 20.03482446079615 20.675330822635544 22.810992135252093 25.944332214641953 25.94435776174921 26.909623930828374 27.324118081340515 27.324129176447613 
0.125 0.125 0.125 -11.013387888835156 -7.5444320613136355 -7.5444298507275205 -6.457027760901904 -3.7845022234457377 -3.7844988996290483 -3.366653409804086 -3.00968041760881 -3.0096756245279317 -2.9146132884834532 0.29253277930631544 0.29253946563182814 0.31332550744944343 1.6388756797514021 2.9924930246387507 2.992507957939144 3.1171776358166117 6.2231503599077795 6.223171603432128 6.301186706930758 7.192917594058221 7.203354373817061 7.203369498988878 8.390180620006307 8.390194650391809 9.585002377075696 10.77786062399623 10.777884865535544 11.460329906460574 11.761077650113847 11.761083358243406 12.45799785697533 12.45803060742862 12.80333741363771 13.882051887258031 14.139778363733502 14.139825562844969 15.079598593208747 15.497804013417095 15.497838488175905 16.466323148655945 16.466333417677973 16.46837253388657 17.50013945244813 18.674775299945253 18.674780949482606 19.64081988201147 20.14247224090035 20.142483179099578 21.018264193323173 23.00466046324506 25.607543452886816 25.607569082883206 26.961752286274372 27.57725709724359 27.57726643452045 
0.15625 0.15625 0.15625 -10.896251788449334 -7.63223683084456 -7.632234821133504 -6.617035561152711 -3.9553710280437957 -3.9553676926502868 -3.536327739602412 -2.7537001457756998 -2.753695314258272 -2.620901209218585 0.3469650256205824 0.34697143560951715 0.37026956119151394 1.3453850410366153 3.0614698172479335 3.0614848612297028 3.1265285514050833 6.302454253423428 6.302477655842128 6.36244045976529 7.36898025014641 7.368991741507109 7.561707930902448 8.23856054156532 8.238575348548636 9.23468552610574 10.685933991299144 10.685954060592156 11.219418011745521 11.491247467526058 11.491255015381862 12.575375568411737 12.575408721913515 13.089632265704463 13.65683035094653 14.09564373065621 14.095688478903066 14.876579440035247 15.371074281904866 15.371111502909576 16.51808013542411 16.74856720693906 16.748578393175006 17.317480063740387 18.565763424654417 18.565768678437582 19.76663987543926 20.284828634742542 20.28483550880707 21.343361060049123 23.288735614898805 25.273212409951938 25.273236847988166 27.051065853280893 27.78728707586343 27.787301040446927 
0.1875 0.1875 0.1875 -10.75494416722599 -7.719589977691271 -7.719588153787023 -6.7750340403313665 -4.157617012254575 -4.15761361862377 -3.7557437123549566 -2.4537826206485187 -2.4537778834820774 -2.284771420062526 0.41506314364452956 0.41506929453644886 0.4343486182063927 1.0371836595245327 3.1612129891317435 3.1701831812933894 3.170198413171249 6.353709050557315 6.353733361865425 6.418650798801344 7.321485470060331 7.321494726888504 7.9741626680192175 8.345533107503373 8.345549289395953 8.909356002299445 10.50908115571741 10.50909657770103 10.903104806583853 11.249984231388282 11.249994876772272 12.60760376568476 12.60763576952451 13.184321426331412 13.58486472311925 14.117646282181928 14.117687671533732 14.639863951151648 15.25604224555715 15.256079667853601 16.43189869653249 17.05837112932011 17.05838197096915 17.379115712564342 18.452435696403995 18.452443510794858 19.898618486172868 20.46113294572328 20.461140898564782 21.64602718968643 23.618379669705213 24.951165183260144 24.95118596917064 27.152912410326284 27.90319931586748 27.903216783179754 
0.21875 0.21875 0.21875 -10.59114069041557 -7.801812663846545 -7.801810998521223 -6.926661053034299 -4.375598305481143 -4.375594845837008 -4.003465910669617 -2.126931147518831 -2.126926272333077 -1.932549315025544 0.493759187765512 0.493765017812925 0.4938943206067879 0.7234765303547306 3.2401109937800636 3.3175203021019115 3.317536077146733 6.3884051242431426 6.388429893151637 6.49411352541608 7.111183291141661 7.111192836002459 8.281493491969265 8.589988202867945 8.590004740120806 8.688757208654064 10.257403425548906 10.257415526648558 10.52543098590184 11.09361945764222 11.093632722795775 12.506194304881436 12.506225903916357 12.946750299911875 13.774352780182786 14.239277245348333 14.239316634036197 14.410466397051339 15.16192069536292 15.161957476332868 16.283726620094022 17.35469745655819 17.354706219707122 17.604562649307294 18.356138319341998 18.35614592350891 20.029866156974467 20.667357805254166 20.667369231145383 21.920007154911804 23.668392085302617 24.6590937959363 24.65911016823444 27.180155970410045 27.870341242637828 27.870353884501014 
0.25 0.25 0.25 -10.406161895913481 -7.875276713331949 -7.875275167670306 -7.071295785128905 -4.599757127398605 -4.599753599266077 -4.2666364918440385 -1.7831064861007189 -1.7831017645295784 -1.575553912457263 0.34829641621254404 0.5815565709253963 0.5815622521395076 0.6120674585938987 3.3738938285514997 3.5027388080431154 3.502754961316085 6.396076482436315 6.396097971321596 6.605151222500244 6.897265831498506 6.897277996536444 8.174064916887025 8.746505876793083 8.746520540337922 8.831630531165999 9.956472217654834 9.956483238791977 10.108305036756006 11.105476389080666 11.10549044687885 12.283779256432304 12.283810164550212 12.663728117308104 13.774695163829392 14.411849458859288 14.446701852033566 14.446739654977831 15.09339830961256 15.093433627423314 16.14986488408346 17.55797754568036 17.5579866828399 17.891206488201696 18.342193942420163 18.342198856535852 20.157735651373606 20.896124378596316 20.896138777888467 22.16632526037662 23.74064218989105 24.415525888810787 24.41553872469441 27.130356698659174 27.800029346226715 27.800035496485027 
0.28125 0.28125 0.28125 -10.202743332376748 -7.937916048715703 -7.937914564975202 -7.209016629520766 -4.821141334160243 -4.821137768779545 -4.5351624282494605 -1.4316834071611542 -1.4316790709482805 -1.2243719410362888 0.022979009500367933 0.6751808612288137 0.6751861076440322 0.6832267163492298 3.5654750352912505 3.725462890965311 3.725479362099388 6.30902913058028 6.3090436630406765 6.7499945279719995 6.797559234456118 6.797578292813973 7.936665654535618 8.69808742507783 8.698100482174874 8.99550633411188 9.624899811409652 9.624910731459632 9.6805058306792 11.332171757028535 11.33218452772399 11.991887550450448 11.991915550972612 12.373288863688312 13.598419682415388 14.650027271157091 14.680167976936637 14.680201242877768 15.062945306777161 15.062975789944648 16.045831870146955 17.577696643646316 17.57771386935574 18.190922205782755 18.48248586824309 18.482495701785016 20.274318189078333 21.151234445874444 21.151251694970583 22.389155341022626 23.73794450121644 24.23030377482138 24.230313303905646 26.96108706346777 27.75672287093798 27.756730835998045 
0.3125 0.3125 0.3125 -9.982943819402438 -7.988413883471441 -7.988412477495702 -7.341919002775316 -5.031008405646749 -5.031004800482655 -4.797970433756113 -1.0839498627383153 -1.083945815585393 -0.8925719379913643 -0.2964836784754986 0.767015478127144 0.7730200271729856 0.7730249782705079 3.8149873753261394 3.980675767137069 3.9806924951607217 6.124404263813693 6.124414448349386 6.839114722192326 6.839137772388425 6.930637993511264 7.722522224992838 8.480551381693276 8.48056391833364 8.9377686405598 9.277444531210039 9.277454412034022 9.31127622966592 11.470544618745935 11.470563991633755 11.929410508497748 11.92941742672116 12.03640605509465 13.535163344929085 14.840094942956949 14.84011487874693 14.918314666802816 15.13107488431953 15.131099747039352 15.971910848623011 17.46089264624434 17.460914277575277 18.475909517013662 18.70772055764159 18.70773345031051 20.382878177044063 21.42988304938316 21.42990295109869 22.582901185889817 23.773773862744434 24.113245117821332 24.113252047262485 26.65482286104247 27.715659307636503 27.715668063545486 
0.34375 0.34375 0.34375 -9.751552508201824 -8.02734959131228 -8.02734821632798 -7.473741254606788 -5.222700332121356 -5.222696820721934 -5.045935639037793 -0.7537586317943822 -0.7537547868129912 -0.6411607753494659 -0.5415231243937937 0.8509203579406293 0.8670709587323878 0.8670756263021335 4.115486846193299 4.265066442861748 4.265082486041462 5.923027384859692 5.923035912978719 6.943997086265668 6.944021253982838 7.127622375531433 7.560690913142489 8.17816191256733 8.178175688002796 8.605095097164766 8.928535906142242 8.92854401332294 9.069931147876158 11.131418555273818 11.131445654076455 11.61938366223833 12.421111598212466 12.421129391772192 13.656622771376396 14.871852178947874 14.871877976244942 15.159539660421924 15.322837285377563 15.322874650136244 15.928494832800755 17.27222716027354 17.272251298139196 18.72742869094219 18.919853882952452 18.919867324138995 20.476597782409915 21.730781409470055 21.730804116448624 22.731300188629863 23.78899643425279 24.073557841199317 24.073562719858565 26.644431503654165 27.60493306541557 27.6049416060348 
0.375 0.375 0.375 -9.512797854731234 -8.05505372416912 -8.055052263506846 -7.609251157254933 -5.389413544059826 -5.389410000781363 -5.268060950794178 -0.8646947051024175 -0.44814718726792496 -0.4481437782256599 -0.31227522764435023 0.9305607813177276 0.9523813884411307 0.9523859201003743 4.457915587072488 4.571712374486152 4.571727839254758 5.74543915359985 5.745446977530468 7.055710721779005 7.055734912593603 7.251031678928608 7.534706035134422 7.866944218221976 7.86696127602227 8.200470490066866 8.599195304399226 8.599200988476653 8.826668253800957 10.731526567091901 10.73155262403028 11.154210707434956 13.014093782423389 13.014113949417787 13.90621178797912 14.868528262258883 14.868556160197047 15.353714658961545 15.526984585984055 15.52702726866666 15.918339167701827 17.040267197229163 17.040292676057017 18.931895707376512 19.082188421176046 19.082201690244382 20.55135395514147 22.046676584293426 22.04670206407309 22.831850493063627 23.866063227349628 24.13161707620836 24.131620684977026 25.645597221035008 27.449308766340856 27.44932315583382 
0.40625 0.40625 0.40625 -9.274688836441383 -8.073356805544117 -8.073355388797358 -7.750960523690717 -5.525838182970072 -5.525834612937437 -5.453565308178878 -1.0764967219064263 -0.18509505798562223 -0.18509194310022453 -0.09653432100146818 1.0054716833097939 1.0247174191309498 1.0247218663142432 4.8363486828841715 4.888801474800203 4.888816187704028 5.614628827157171 5.614637150060216 7.059769348473355 7.059790376098965 7.170787757705363 7.638028145631304 7.674431736732749 7.674455971447317 7.941057988434518 8.31217335986776 8.312176728937928 8.564209046393485 10.341157540670853 10.3411816223982 10.675363803307974 13.623020568519523 13.62304236120826 14.198287422248116 14.869733297188144 14.86976051105097 15.498662377235174 15.697156319225824 15.697201392152293 15.933937582788207 16.759668111925805 16.759694286508193 19.085100747172888 19.18368704430129 19.183699891492275 20.604877053974064 22.360512991852882 22.360541926407052 22.88260528992564 24.057402282092827 24.30128806183546 24.3012910170827 25.40169902079693 27.27487799682811 27.274898294091514 
0.4375 0.4375 0.4375 -9.05056342213103 -8.084690751723022 -8.084689381314623 -7.898003942139976 -5.627623965609338 -5.627620391884914 -5.594443242269191 -1.2352267931900902 0.0166051194072972 0.016607829203777562 0.061819474286746494 1.06289069737169 1.0754481515954517 1.0754526628963266 5.168119966159732 5.168130677319287 5.241465265551824 5.577072549880697 5.577084704199586 6.823293358205596 6.823312354042194 6.924580739269534 7.541035738285519 7.717755680782438 7.717786090796043 8.06282357707095 8.08471802064925 8.084720105195654 8.36302181753303 9.993025957365665 9.993047809279181 10.211803948644754 14.191220455599906 14.191243213678039 14.45010083308666 14.891176387951186 14.891199552973127 15.604341438663802 15.81609168534842 15.816137989275733 15.94603287880773 16.420991301223 16.421017548464693 19.181499967990607 19.230940151350556 19.230952686372415 20.628739415571204 22.6340990644487 22.634131611818166 22.892695092339462 24.382033495686606 24.60841485194219 24.608416657551352 25.367107813418745 27.10709350935916 27.107123514953326 
0.46875 0.46875 0.46875 -8.867893532944844 -8.090055560440279 -8.09005421083058 -8.03041243331963 -5.690312444781132 -5.690308870366595 -5.681590964116341 -1.3329874639207955 0.1475271494742537 0.14752960367677334 0.15888689567267344 1.103306199479605 1.1084197442170325 1.1084243164991192 5.278506201441364 5.278511140988097 5.664690606321734 5.762051320226703 5.762068525063233 6.481139448176215 6.481159462779738 6.54554397973466 7.536718464338462 7.839898555786476 7.8399320180884855 7.940630916685554 7.940633408730718 7.982748535795344 8.499397109901967 9.737076090785974 9.737095826121012 9.818616094754587 14.588003301121583 14.588029629610054 14.617616171191235 15.047054175249825 15.047068874327724 15.694399421098867 15.883678767775503 15.883722378490988 15.939324220637765 16.041916887449638 16.04194223270524 19.23521527181973 19.246548691148263 19.246560921650165 20.64031539579241 22.832454904155302 22.832490428177035 22.89851478126624 24.814523900400506 25.162380942931488 25.162386189031796 25.466111651440748 26.993983926028495 26.994024386521914 
0.5 0.5 0.5 -8.788877743386303 -8.091510493142017 -8.091509454359379 -8.091508211071512 -5.710988536084534 -5.710987302776109 -5.710982696238264 -1.3654078675993526 0.1936340067026579 0.19363426577745896 0.19363740072067645 1.1199958043153775 1.1199997734554363 1.120003805722689 5.286424337886829 5.2864284379929956 6.025991966499943 6.026004271663513 6.026016757493425 6.193486837626966 6.193517721457922 6.1935277988188675 7.568962999056296 7.8907630772832045 7.89076338610697 7.890763608816379 7.901440688082008 7.901477526798494 8.63778741349615 9.639154039989252 9.639155253947711 9.639182644861833 14.677902250520264 14.67794363077178 14.677952743372161 15.301141662759468 15.301164094137906 15.741034063718166 15.741040251804673 15.741070920488625 15.925219315634196 15.925255034804609 15.92530245539766 19.25299004301512 19.25299071367925 19.253008162768396 20.64329264185628 22.906021953603002 22.906037326360845 22.90608282625049 25.032109684350885 25.85913799911288 25.85915313439161 25.859153536109925 26.947081840463106 26.947126400014614 
0.4642857142857143 0.5 0.4642857142857143 -8.857714477271696 -8.107972245417164 -8.081640085371525 -8.029325913680154 -5.7015519596269995 -5.69360730035308 -5.676380094887075 -1.3371255201732455 0.1387384077198406 0.1551439477154036 0.1768897685631543 1.0841156222423465 1.1034055678524508 1.1356811743471076 5.249960446700238 5.312625705302839 5.6483110957103895 5.683626538086285 6.067408528118607 6.172397427978925 6.5507700632092 6.5647688498785195 7.538149799516454 7.805190348546736 7.888688790719323 7.921252805101581 7.933161138701319 7.983673341264677 8.524829388689723 9.665644804842909 9.752176560744905 9.82102924966823 14.576893096353968 14.616331311638678 14.64617800679102 14.958790635564233 15.189546233791143 15.677659252258282 15.843633404873952 15.900431051465892 15.921914419361048 15.97712353526955 16.09445163988455 19.22490417902123 19.24246764999256 19.265075600895685 20.64006804825488 22.81067133350531 22.86670958347591 22.904219360650146 24.840460046199272 25.110428215150147 25.178006245114435 25.86577313545023 26.947543615420567 27.047600344901337 
0.4285714285714286 0.5 0.4285714285714286 -9.016222911149404 -8.154346127637966 -8.051082453681095 -7.8885703346142115 -5.67294315742578 -5.642177221551124 -5.573121486187047 -1.2524199857312328 -0.01494171490525974 0.04572943928711824 0.12975096574739117 0.9860374876544626 1.060734668813015 1.182948670507427 5.083041241507642 5.191385312892486 5.296894196493528 5.504378090406782 6.116387412933064 6.180584090116977 6.936868133811481 6.984960667171751 7.5180720478428 7.594017229198347 7.800398339670234 8.027743993742387 8.043384710357477 8.190622716997026 8.423636057726592 9.747867681832632 10.034574053927583 10.220047936239936 14.14150305050083 14.399057251501207 14.555905305341748 14.690185122883769 15.091368425417462 15.521748301157501 15.822671189106861 15.85837518475449 15.893662510388634 16.226673458633332 16.55888043907041 19.14445430347387 19.208186184260306 19.299821097860587 20.628030200426803 22.55881093953433 22.774782221606163 22.90643553884484 24.35779614116021 24.566129938505956 24.87485645475135 25.89124103255392 26.962152574899285 27.32216865942022 
0.39285714285714285 0.5 0.39285714285714285 -9.207197501292372 -8.225299730782826 -8.00030050315737 -7.721542424604264 -5.625231593697458 -5.559414450527773 -5.40796339860288 -1.1144703119751307 -0.2475255612666873 -0.12705411983706744 0.06466519332212563 0.8308917379843384 0.9964766912665699 1.2524012596827405 4.731807304006086 4.75871009436445 5.201103036248604 5.642977510316658 6.041556601011429 6.3450460389981735 7.072219844666979 7.315487217219194 7.45709745325611 7.573868804201315 7.692379164666688 8.191484693497976 8.241619919051793 8.452320188321933 8.530694625091684 9.884827523370797 10.402106492300566 10.689310357787454 13.522635802656813 14.070469880616143 14.418115683866638 14.548200573957324 15.077161313484185 15.307524327882797 15.682210987088412 15.830100446017118 15.833579234473332 16.494586691455158 16.99739739558606 19.01369654466041 19.12518006079296 19.355695689739672 20.59700486417897 22.2193810897617 22.650461023690458 22.910478366533205 24.010246781759555 24.263171014407604 24.782016139310453 25.939670563964835 27.02749587919259 27.696320738659796 
0.35714285714285715 0.5 0.35714285714285715 -9.404840644428148 -8.313953912823042 -7.930729824223451 -7.5479138230969225 -5.559974515682827 -5.450871466442551 -5.191428969172757 -0.929332942040803 -0.5403663253918684 -0.3572735184516463 -0.009898760387569889 0.6263912729204362 0.9141947925288796 1.3356920165794588 4.273632868866153 4.431426177322882 5.113223446948159 5.849830191612171 5.958504640334444 6.545337893539567 6.8259401665319315 7.255197615324632 7.495282398981251 7.740327856971594 7.973054723735237 8.36513328183955 8.530336189190715 8.766001071592571 8.774084455977926 10.066348312177782 10.799567707751683 11.174164157185452 12.884949312453198 13.705832363513956 14.239459275687441 14.405800061150899 15.048278585520102 15.098464875713947 15.471860276999946 15.75109843809035 15.78012143685271 16.72331209508128 17.401776698827835 18.824039372317525 18.966476755687985 19.421346413243953 20.5331812444651 21.851858528476313 22.499698389400287 22.91255160409551 23.805654694022596 24.069544543000646 25.525993906407475 26.00646925224007 27.11633194904344 28.07784288352931 
0.32142857142857145 0.5 0.32142857142857145 -9.597489794444272 -8.41329147170446 -7.843215042752215 -7.372111195156391 -5.478934052568842 -5.3205921189704135 -4.935888542773099 -0.8741038045038024 -0.7050294140669637 -0.6341580498665017 -0.09136882962976556 0.38217036905083973 0.8277225149109979 1.420112425188054 3.8280437465965114 4.144696504470753 5.0227274139647085 5.8714531500671825 6.086583858798317 6.516704798206675 6.77537462064311 7.0253435639111395 7.616335218214219 7.967487880722457 8.362465408822272 8.563851007620917 8.761706384341583 9.08576599127363 9.164809617831594 10.267667727495471 11.19726246045781 11.656035981479508 12.29133922289922 13.336015472569931 14.031364666665615 14.279678149442802 14.751939643850756 15.136665669824207 15.206769585770452 15.651924182793298 15.712173558681213 16.897949057438364 17.77188646530847 18.581488935335607 18.72795585895982 19.48390782594453 20.436164975617004 21.51193870078694 22.332762787612726 22.899100556705974 23.679916292262714 23.951890832113218 25.052684598307618 26.087186867307963 27.212733325366145 28.374009253291987 
0.2857142857142857 0.5 0.2857142857142857 -9.77870870189399 -8.516714438095587 -7.739880954246409 -7.192881183239938 -5.38428548474533 -5.172130501138084 -4.654567497178616 -1.228771985035221 -0.9414660268916637 -0.4539409183808767 -0.1674078550792071 0.11169461074375678 0.7407027834413161 1.5007231515830193 3.4071614785313833 3.909086826966018 4.929077425730719 5.778868505116801 6.219881547831405 6.334497063863108 6.824845346707402 7.030105681909305 7.746455905763711 8.223740813854421 8.753735110183952 8.794507751271382 8.862688441526139 9.434154582892415 9.602518035268119 10.452248832182903 11.568793152652075 11.822104484233455 12.114747723337734 12.98293459837696 13.808691446734791 14.195281852966877 14.432208115953806 14.912030901417413 15.185333822948802 15.54855764632294 15.630712619677688 16.996176465612997 18.10312959577836 18.29460004377797 18.43062177495842 19.54098833914914 20.304429986570785 21.24566934400733 22.161927908138576 22.86985223769796 23.635312898956 23.889300422256195 24.431365286629955 26.174132412124195 27.295604815679607 28.534381066261908 
0.25 0.5 0.25 -9.944348368973849 -8.618168175753171 -7.623607479497751 -7.009716693946975 -5.279198910992333 -5.008753810128952 -4.362266706798444 -1.5899922586539843 -1.2640273535750322 -0.28213010700637237 -0.19683688727138035 -0.11779158673750606 0.6653810278893452 1.5666576362178568 3.025819177501527 3.731068679782832 4.835654661193745 5.670674715559446 5.967696343772069 6.5824250982183825 6.662845128534472 7.288539418880528 7.911177035847066 8.471161796215961 8.816329028311568 9.01691700164166 9.159293424805119 9.808589500840034 10.011288759964023 10.592884220485884 11.542145658203443 11.887534270602554 12.529512264416958 12.65805623086261 13.578036609437552 14.112587533440943 14.183716321760011 14.617329522567765 15.236387533605415 15.449693317905304 15.541793581442272 16.99603426711154 17.976995784675502 18.09438307298534 18.41426216318961 19.586743880336474 20.129259407236873 21.083671504398254 21.99382020151274 22.835409365053962 23.71320595421811 23.860756993474507 24.242993062950895 26.256163577843385 27.359651266789598 28.592521725579818 
0.2142857142857143 0.5 0.2142857142857143 -10.091781702259597 -8.713900837320383 -7.498252346264396 -6.823379249728921 -5.168650494299008 -4.835156947746974 -4.074422867180719 -1.9466706135121268 -1.5908561974778024 -0.4840974044125009 -0.32641968246555364 0.1320546526140362 0.600482338671989 1.5974816886004448 2.705441867023688 3.610681913340215 4.745774065008585 5.516495761816901 5.790472250353097 6.534379602729945 6.816426545833943 7.514172329018004 8.12369531105595 8.396121885127398 8.922645490791522 9.262245840075247 9.524608788412243 10.198639382687302 10.325494176379127 10.731853169838033 11.41836560732727 12.112726912954095 12.373819902000964 12.860614609897986 13.351274277114545 13.834486911039257 14.266147532303199 14.353094085155156 15.277943306503685 15.35745353068578 15.452782508139814 16.882374735085786 17.63864139457655 17.80857210784486 18.658062121551986 19.61482033543231 19.912286087447306 21.031985206190704 21.841460236411802 22.7849316062827 23.852610081662938 23.880526057347296 24.495385291727622 26.325749716608428 27.399912853201595 28.594130526322203 
0.1785714285714286 0.5 0.1785714285714286 -10.218853234668059 -8.799854504396908 -7.368646028672465 -6.635672300594448 -5.056744216084267 -4.6546386794321775 -3.8065485924014104 -2.284897150993225 -1.9059814619186652 -0.7764764834924031 -0.3856054938269495 0.4072377973357041 0.5526753099672942 1.5664563110913654 2.4820844442989816 3.5525759324873487 4.664547232870432 5.333127109949263 5.686767321328171 6.437760344118725 7.020304835085388 7.6352462855051835 8.030649994056475 8.442014890031777 9.228200683945914 9.506737113722169 9.85521872785239 10.51797829400527 10.601370434350628 10.858061429267893 11.397609125362026 12.134624585083959 12.191457536204448 12.979282009049902 13.245499739080898 13.651012058530036 14.163651464322788 14.424436372251318 15.28515804547242 15.288288120422447 15.39871849232535 16.693184903067024 17.30444366594404 17.579542493435465 18.826956023991013 19.631622711491787 19.702371662102017 21.061832299872183 21.7119583460137 22.729692219950245 23.863058366279688 23.988472963672198 24.74317719613247 26.383065312876873 27.422037685579255 28.58254634799381 
0.1428571428571429 0.5 0.1428571428571429 -10.324242767209187 -8.87356396348008 -7.241587620757731 -6.45118539769921 -4.949843718188787 -4.473784994990545 -3.573705521498718 -2.591026409510147 -2.195732755393387 -1.056213935184459 -0.4315828555233981 0.520980404270597 0.6588283661608703 1.466066709038972 2.3734577413287563 3.557971287115145 4.595344452291571 5.157146249243055 5.6208902039572815 6.366038158180076 7.1113605512806375 7.4251930327059315 8.03312725951426 8.751958918829242 9.549792681787531 9.742440924542416 10.136228420332255 10.615799051402803 10.86778449358175 11.009514195586233 11.472255724974197 11.958364486830579 12.091471393946517 12.855748560702288 13.285428414911868 13.561749174017702 14.098207334844032 14.55565791660865 15.22288053248851 15.238443029466502 15.455654307330013 16.53066873108772 16.993495764165775 17.397912179854195 18.830984271749095 19.60239619880034 19.636951471200785 21.133402461364387 21.613450771406594 22.67446856524397 23.889101265736752 24.058656143836537 25.032150832281218 26.428288264369645 27.430173899775923 28.59639317495937 
0.10714285714285715 0.5 0.10714285714285715 -10.40738034290593 -8.932879240017378 -7.126436790443434 -6.280202319605719 -4.855711739689193 -4.3029585217965165 -3.3978274298403908 -2.842417049558554 -2.4456165960108827 -1.311358792213473 -0.47030965918477563 0.5018725950181963 0.856122336228825 1.3431342230399075 2.3485986128038623 3.621784179327127 4.538632431429365 5.007250795118706 5.576295694995913 6.3104672792592025 6.774582916851568 7.42890730682913 8.206328667050714 9.053007615404377 9.839477595079467 9.95955162210608 10.356750576990244 10.600077956240357 10.883110265514986 11.408278690229757 11.437809535704089 11.880035388077893 11.938591867462831 12.727144853717942 13.234728050659507 13.523968498617814 14.133620992013563 14.534981290665888 15.141619890524813 15.211801009289196 15.62100514049957 16.489322443891268 16.72738563146398 17.23607511121698 18.62954618211604 19.631771586440745 19.660906186912914 21.192380995043763 21.54959731909758 22.6163064841495 23.92766378505837 24.103815955483686 25.512982035535494 26.46125375643169 27.423630734425814 28.68672405998695 
0.07142857142857145 0.5 0.07142857142857145 -10.467053378826243 -8.975889201798369 -7.031991770217761 -6.13604488860026 -4.780949554345173 -4.155745496191643 -3.322290215142003 -2.987813313444765 -2.6393174963747947 -1.5211236320044437 -0.4960906621641542 0.4916461337416763 0.9493440860985091 1.2843778557019805 2.361990498554815 3.7255759404923774 4.497665723448328 4.895024512261088 5.548943245847419 6.271841693234049 6.357088863983183 7.51433205663741 8.399035243313007 9.272128637309056 10.0743289074554 10.14585093066058 10.515166208679263 10.588067051735926 10.909920656010614 11.269887100099504 11.642692882930978 11.798659876455922 12.041921044151144 12.615830197408656 13.13817594368941 13.48586146040444 14.190223271070739 14.378510553546832 15.078762473798449 15.206789934126293 15.84255831255097 16.530780322690692 16.583231347190804 17.096006514827263 18.337906136911094 19.629650936420486 19.773612711307106 21.199708999026797 21.54941734579599 22.570019956681694 23.667320331361847 23.98179617847163 24.093617101503654 26.10438814598337 26.48644576232034 27.420460808011324 
0.035714285714285754 0.5 0.035714285714285754 -10.50299127298869 -9.001931370184355 -6.970028937584571 -6.037587961613173 -4.733056429314457 -4.053355147067752 -3.359722969421859 -3.0005027527387904 -2.763036404061875 -1.6627280067470056 -0.5111082300079761 0.4872226609612782 0.9365696789886571 1.3097955284308096 2.3830423554593048 3.8302398697500895 4.4727815518204475 4.824280861722587 5.536298983079829 6.0484574245617555 6.248607577309916 7.568517164092828 8.567381250183011 9.344779754472011 10.281115353742548 10.292224922260008 10.608153462478846 10.647580134566274 10.825862768884127 11.147953899114137 11.485232379938251 12.110458908658648 12.131291536365756 12.50446481767462 13.057709006598484 13.433132269061836 14.214097744973827 14.229292786459144 15.040892468331986 15.207863480163157 16.021929313319067 16.412384796530244 16.725572169900985 17.01842467955402 18.0612794702196 19.62419342234508 19.8677924818243 21.17254687625936 21.57889106167137 22.538861481780142 23.737780156828155 24.007928817604306 24.08433895162171 26.027833485367847 26.49053619679249 27.411844604276045 
0.0 0.5 0.0 -10.515080016034231 -9.010845607035971 -6.948855414681566 -6.003130544396381 -4.71676066678473 -4.016892526322853 -3.391602793551418 -2.9890969589652956 -2.8074421403025864 -1.7133193770956572 -0.517773193968925 0.48517740473604937 0.9191449088708686 1.3293525420837127 2.388698309629152 3.875614917507879 4.463495431397488 4.800288821184367 5.529997745830549 5.93082618608188 6.238811978658866 7.585559782174025 8.638757371602644 9.335591179189002 10.331528429593632 10.467850457954468 10.638004736370592 10.661107895871567 10.686920568418241 11.124411743396776 11.42217907693125 12.162368076866157 12.333581752122356 12.363280145100019 13.026044491824765 13.40086852750055 14.142176818793592 14.240426953638474 15.02532788387844 15.205911626928307 16.092153225552604 16.372686784620534 16.767381362409484 17.028205492367583 17.928677437716377 19.61904317255526 19.899218916243935 21.147079728099484 21.587763717819733 22.526483587609274 23.767205292021657 24.016265101004112 24.07036764430704 26.000291109894782 26.48965832383616 27.407465729843814 
