 5.10599304  5.10599304  5.10599304 90.         90.         90.        
C  2.55299652 2.55299652 2.55299652
C  0. 0. 0.
C  -0.99076903  2.55299652  2.55299652
C  0.99076903 2.55299652 2.55299652
C   2.55299652 -0.99076903  2.55299652
C  2.55299652 0.99076903 2.55299652
C   2.55299652  2.55299652 -0.99076903
C  2.55299652 2.55299652 0.99076903
C  3.60149073 0.         2.55299652
C  1.50450231 0.         2.55299652
C  2.55299652 3.60149073 0.        
C  2.55299652 1.50450231 0.        
C  0.         2.55299652 3.60149073
C  0.         2.55299652 1.50450231
-80.96151062
56 bands 
kx ky kz  bandenergy1 bandenergy2 bandenergy3 bandenergy4 bandenergy5 bandenergy6 bandenergy7 bandenergy8 bandenergy9 bandenergy10 bandenergy11 bandenergy12 bandenergy13 bandenergy14 bandenergy15 bandenergy16 bandenergy17 bandenergy18 bandenergy19 bandenergy20 bandenergy21 bandenergy22 bandenergy23 bandenergy24 bandenergy25 bandenergy26 bandenergy27 bandenergy28 bandenergy29 bandenergy30 bandenergy31 bandenergy32 bandenergy33 bandenergy34 bandenergy35 bandenergy36 bandenergy37 bandenergy38 bandenergy39 bandenergy40 bandenergy41 bandenergy42 bandenergy43 bandenergy44 bandenergy45 bandenergy46 bandenergy47 bandenergy48 bandenergy49 bandenergy50 bandenergy51 bandenergy52 bandenergy53 bandenergy54 bandenergy55 bandenergy56
0.0 0.0 0.0 -15.929007248235063 -13.239751854586295 -13.239751854586236 -11.583962412752793 -9.203287697054138 -9.203287697054131 -9.203287697054128 -5.174030443997397 -5.174030443997374 -5.174030443997359 -3.2907623514019657 -2.0476551492788366 -2.047655149278826 -2.047655149278814 -0.5842403140250373 -0.5842403140250354 -0.5842403140250292 -0.03896241515269692 -0.038962415152689375 -0.03896241515266905 1.0545358236176052 1.0545358236176587 1.2438413902243233 3.605468119374862 3.605468119374892 5.314242962547724 5.314242962547743 5.314242962547753 5.430636482951968 5.430636482952004 5.430636482952006 6.180032982572304 6.1800329825723175 6.180032982572318 6.593284842127665 6.593284842127744 6.593284842127744 10.904026594795326 11.337341113049611 11.337341113049641 11.337341113049641 14.618041921336161 14.61804192133619 14.61804192133625 16.017737870838594 16.01773787083883 16.017737870839223 16.695351412819097 16.695351412819367 16.695351412819676 16.734382826954402 16.73438282695443 17.639547356790608 18.71396983951053 18.71396983952853 18.71396983955496 
0.0 0.0625 0.0 -15.920293950196964 -13.25831826384379 -13.239086350733368 -11.617155926466605 -9.201307781538148 -9.196123958362907 -9.124374983886392 -5.21778697388432 -5.182129947671889 -5.17347311106396 -3.2831110324535127 -2.0944793256285905 -2.0466795461227183 -1.991523434868744 -0.736164144619098 -0.5834742574996542 -0.5744672520835629 -0.07185029863395509 -0.03363227844083468 0.02315563991641298 1.0780206503513683 1.117422621874007 1.2571955869929323 3.605013825515032 3.703083784503678 5.128060898369435 5.232361961854423 5.327844019767093 5.4347251103047665 5.4983560113532794 5.560665340023132 6.15595145933204 6.170283375028092 6.177626553104886 6.56190803126362 6.614230979119767 6.634253487450503 10.93975247513943 11.322134432819432 11.322165954079253 11.334271479419519 14.554699260203556 14.613436096840028 14.630804197847667 15.91966341632659 15.94087907570018 16.021799593924676 16.65303639763604 16.695559418001434 16.766082521765764 16.831285653023738 16.873692618822336 17.673454155431113 18.613812681968742 18.705706069227944 18.716351916095512 
0.0 0.125 0.0 -15.894981701019788 -13.31404986127205 -13.237834799377854 -11.700229548871713 -9.195119384461545 -9.176175453234556 -8.907261665432257 -5.337419980043225 -5.202862627364368 -5.17182617980676 -3.262896339615583 -2.2192555174189983 -2.042541896597934 -1.8422963836253732 -1.1340326363744055 -0.5822574392296276 -0.5368999724079287 -0.14121687290878238 -0.01840558361579527 0.1872466308773587 1.0688118598452114 1.2347531191634382 1.3851441950545047 3.6013385711606523 3.9611442665587058 4.877664437516249 5.109202714414473 5.343833424060199 5.445566245414274 5.578507183754241 5.604427178035542 6.115964010846956 6.14251903357909 6.167985209523757 6.471530512023658 6.668463636404852 6.740969220647575 11.04636971921313 11.26510816900999 11.283373193657438 11.319038713800289 14.370788718810397 14.60131896449223 14.671173115194232 15.737744618766463 15.822173147037686 16.026379037734525 16.541289316218336 16.699330654421527 16.84492027044569 17.101228134244707 17.16236959608448 17.764212981198444 18.346281460960267 18.676740184586194 18.72700810922582 
0.0 0.1875 0.0 -15.854927620235037 -13.401999682374326 -13.236233922423184 -11.798768109726597 -9.185601339298417 -9.1440479479227 -8.593846408078816 -5.501428992790029 -5.225653761505013 -5.168782814362594 -3.235464714888104 -2.380014056273003 -2.0384845815844788 -1.6650485570235345 -1.6412587021556795 -0.5759342977637542 -0.46721466011528334 -0.2118149840150422 0.006589984556876638 0.40916979944447107 0.9842605295713825 1.3999238541592016 1.60194730864355 3.6001211616799056 4.2999943849305415 4.633710578084009 4.986157503801361 5.321754370081482 5.461672888568093 5.483185823527081 5.636103201352259 6.094828085774279 6.11084585551337 6.161931028038561 6.375668005295089 6.742159192266275 6.899609124820134 11.177982522541376 11.198372537435977 11.253300582523265 11.299459714223298 14.106789863113354 14.587733599254856 14.737246233014558 15.565630890326105 15.748518398573461 16.029743160939116 16.414432718970318 16.709069020906448 16.939166215587573 17.361732597794614 17.44267971592833 17.78919224443406 18.11243270658462 18.628332289195388 18.783437466899358 
0.0 0.25 0.0 -15.80438420124444 -13.512630281146874 -13.234421546028107 -11.887872695211389 -9.17441375804401 -9.1047942052779 -8.229563822011395 -5.679514344009735 -5.233765956425845 -5.165404623438582 -3.207533406401618 -2.544654021414454 -2.2562517418860577 -2.0344972155815406 -1.4412596441387209 -0.5706952869966573 -0.35812886514148384 -0.2657149757881731 0.04048900200768402 0.6472070202142188 0.8686878632946055 1.6058368854122265 1.8317820932811706 3.6012881583322467 4.403517359133531 4.639029338434974 4.874068051239583 5.210547180547071 5.26580658329026 5.481843184075126 5.668599736723739 6.035842330054134 6.10906700205486 6.161647005852639 6.33593133684805 6.818435852006485 7.084935706914591 11.063313955399385 11.146165139941079 11.27392054275398 11.496431267280075 13.819800211375757 14.568129640792344 14.829021122375197 15.420603866489623 15.740119622553566 16.00314892881853 16.330332003055613 16.71973450553694 16.95895639835457 17.292171961200584 17.51511561095593 17.868328393108033 18.255802623795915 18.557867402706865 18.91884766452175 
0.0 0.3125 0.0 -15.749297222557928 -13.630027577693413 -13.232413734247576 -11.955878220057075 -9.162244221246228 -9.063348064036306 -7.854424829494769 -5.845761833137302 -5.2062735625841245 -5.161929312940942 -3.183416408537108 -2.8577509588455103 -2.6908794803271143 -2.0308372275030573 -1.2821534347087995 -0.5653521367743101 -0.29632004756015096 -0.21476343588355112 0.0889367687564597 0.7478341545595668 0.867486494514223 1.8319398973930487 2.048599243706713 3.6111014299502275 4.202287828033296 4.782125109179672 4.858659659095658 5.014332137969197 5.071301750597739 5.50591009468774 5.683954356616274 5.972340121914866 6.096808480217773 6.167577716833832 6.362288312501247 6.882864552788631 7.265563555918032 10.941323388566962 11.086141739420016 11.247867311245024 11.829415855079347 13.54605937621716 14.548022920476715 14.943027184498142 15.295514822844794 15.795466117575039 15.93571630662173 16.312749987623018 16.54450882294016 16.73313746554676 17.26443078877837 17.53261686161313 18.02986340059272 18.473923875400555 18.518632730601347 19.125542134981476 
0.0 0.375 0.0 -15.69833777812973 -13.734717887210184 -13.230689177701981 -12.001926604106167 -9.15215807008671 -9.026284148086214 -7.5210745093243085 -5.979896461931707 -5.158227144234817 -5.114588827991401 -3.4350641796650527 -3.1659405370485625 -2.8057667338188645 -2.027818041960905 -1.1766741930531752 -0.5604563198958856 -0.30868269825982275 -0.08634372706781299 0.16582579217255702 0.6396467310966565 1.0485018692634334 2.048312497223758 2.229059990995512 3.6407337461772236 4.03931493693989 4.663132550539058 4.71280575527128 4.787964230057433 5.216738120708924 5.532145543987007 5.692873825814789 5.912498710664886 6.079604032092389 6.176872217024582 6.417982985666532 6.928266351712203 7.413507747197776 10.82950737630921 11.044375584961228 11.222497196080704 12.210786926324497 13.323830462074653 14.530965912337622 15.06609283984691 15.167502506917321 15.853771326756215 15.892113804630844 16.012752775806575 16.33292176167015 16.748653487286617 17.37854931564113 17.462124736423494 18.020952917018118 18.392822343968483 18.807348607920083 19.338654241133415 
0.0 0.4375 0.0 -15.661398365764192 -13.807568862022796 -13.22962597643933 -12.026608518024931 -9.145560462041948 -9.000507199092452 -7.287310864148692 -6.066537036272768 -5.155564518379123 -4.940297217224847 -3.9365296658482776 -3.1555591789310804 -2.8762771143913013 -2.0235036891623266 -1.1213752345197008 -0.5579496307626486 -0.3077477279453282 -0.01895783169121716 0.26094445573912856 0.5645801867552627 1.1643127274994332 2.2125271331748926 2.350534206905021 3.6981146429796743 3.9269547833012064 4.414849984143221 4.634823665521325 4.674230634754672 5.348812239118524 5.555421224516054 5.697760784882552 5.868410356377328 6.06758757918209 6.1851922100697765 6.465661619430205 6.954222733422322 7.511097144693635 10.751983339648884 11.020930909255945 11.205728224473622 12.563532767784839 13.17572352048279 14.519016327641433 14.98753434588154 15.170120673285723 15.652916154797015 15.785198395022272 15.987707852714703 16.35705295128578 16.759607408518264 17.376152467923212 17.51180807936995 17.899206710424377 18.330397826062928 19.06335993908523 19.494436876477803 
0.0 0.5 0.0 -15.647892846723353 -13.833936402357791 -13.22938314397018 -12.03509360386821 -9.143552336955146 -8.991400556463807 -7.203932745815777 -6.096904702900316 -5.155005990997237 -4.794550939311788 -4.200030833102516 -3.152363160627228 -2.900817280536395 -2.022830244877598 -1.105063540592261 -0.5570680800406398 -0.3071374339385599 -0.0018524763987572334 0.3034638482807323 0.5367890000324943 1.2026951017660032 2.2745373967321165 2.3911017619169748 3.740101547056914 3.8855407474530925 4.296974608893699 4.579077937120035 4.6592210549354425 5.392897330678955 5.564906100382844 5.698477500222311 5.851036456231916 6.061980926282273 6.186274031910835 6.482335717409863 6.9622845757641985 7.543346537420127 10.72404800062901 11.012153531308922 11.1991677782966 12.72092155361391 13.124265843946242 14.513747390281237 14.867761255056362 15.211655244336418 15.545332012319626 15.75447073926951 16.02634385059802 16.365295074582676 16.76281166488428 17.33593464171449 17.601581245970696 17.82121429209127 18.296339496760073 19.545662301309115 20.427822484201904 
0.0625 0.5 0.0 -15.637755517537066 -13.83298831185865 -13.243365850686828 -12.071182674639525 -9.13619041392191 -8.911623535976549 -7.201453248868347 -6.1129484204796505 -5.1990648991826935 -4.790640870084592 -4.1998999197994955 -3.140775739062454 -2.8988181326380746 -1.9678548439103853 -1.1962075541149104 -0.5457009739148848 -0.29467139999737174 -0.1334477453660492 0.24268240700817503 0.6951506884571482 1.2068795747388479 2.3019010530977546 2.3410624316742297 3.806636688959938 3.900410559939678 4.296652407105509 4.559249905078404 4.683627356523973 5.428391431072907 5.669728422515389 5.697424338323163 5.800151934453306 6.0086701738268635 6.184137810717433 6.474554415299937 6.967707717237084 7.524058774866235 10.713259709620328 10.979402792008973 11.212092636992086 12.732434099260164 13.160221318768615 14.433260215031494 14.87025461002019 15.202337496729797 15.552183702338466 15.755031555756625 15.986134229026169 16.299131075351053 16.89587359702224 17.154068202298927 17.77940050741245 17.867494899844903 18.314206524740538 19.472593728658588 20.366505438846342 
0.125 0.5 0.0 -15.608021232450627 -13.830690781772585 -13.287085437043023 -12.163814399375324 -9.115541030693935 -8.687421011036244 -7.195990745357124 -6.157992283579535 -5.318159357550329 -4.782285441494455 -4.20095519428322 -3.110362613614114 -2.8933400996249707 -1.8201474096485453 -1.4747533500684988 -0.509116342536007 -0.3482420412238601 -0.26245819836768314 0.1309627007580918 0.9716570500347518 1.2158417474703092 2.220747939520252 2.3570714721237596 3.866434207301796 3.9741250026352386 4.340884619390455 4.429981546483616 4.902053805379865 5.538572387557525 5.639266298491776 5.71145363884583 5.854887889530499 5.8949075188153754 6.171090224324835 6.4490441602195805 6.985619853335692 7.464913057407107 10.681955993884017 10.878394091752575 11.251790423145959 12.764280741566516 13.262979040267194 14.232764477697081 14.873171996193745 15.184835283209676 15.562611899270529 15.755346098935995 15.883872918659414 16.208960035434348 16.843506141995373 17.148936200060465 17.986727926037766 18.05918976885572 18.342396482294582 19.236999751481235 20.23153179802266 
0.1875 0.5 0.0 -15.560451373730205 -13.827156949816825 -13.361786789435083 -12.276389253561042 -9.083245718283264 -8.353963016527006 -7.186937737020638 -6.222934158347201 -5.482684177383394 -4.766924659272821 -4.204431619432696 -3.0693248722631137 -2.884645916652306 -1.9087323362603332 -1.6190291989840728 -0.528608815607446 -0.43742053358974103 -0.21405693966343953 0.024753186773807397 1.2308568286488868 1.261806389598796 2.095438719735474 2.405728642735421 3.789338198219381 4.1010302218210715 4.170066943353427 4.689110875766531 5.177683920200974 5.4324915523076145 5.621871800247734 5.708477057237042 5.738794729100461 6.13726294397546 6.144100715543776 6.412501393358537 7.023226483289118 7.37614729474366 10.633009077011245 10.709290654170195 11.31673935278814 12.820650181257832 13.423746732526347 13.976052626811615 14.877222729668507 15.193044959128358 15.573948117353893 15.75785817340648 15.76974698361899 16.148836625756843 16.464041773517533 17.3872746757717 18.151404248773417 18.34607619651833 18.41606108451255 18.859747688301685 20.13288244735377 
0.25 0.5 0.0 -15.499258661747582 -13.823217724560218 -13.465665716913785 -12.3798551214976 -9.043924276254744 -7.949148301146505 -7.177174203675192 -6.297633267919578 -5.661690714646798 -4.750242412708206 -4.216258221324483 -3.0284370076321365 -2.8764440993363083 -2.4292394907988646 -1.4210497014073202 -0.6779605343187579 -0.3255801581530144 -0.15958694602522544 -0.06181006960285515 1.2463419179978417 1.5387038917604328 2.003568633257241 2.4335373664248325 3.7216528978719894 3.8696319967379433 4.324839312289999 4.957964425690504 5.1680859157754115 5.316031968715836 5.522223602217806 5.709337180834325 6.012486099130939 6.103655282400456 6.341392107650915 6.371582660331598 7.090353945062557 7.257607021899487 10.473066926905329 10.570821097219786 11.388662521280212 12.896832582320739 13.551018453695463 13.811943045600282 14.877809320317022 15.238483167418769 15.569373628350116 15.683521391635797 15.762335100631612 16.026502168913566 16.10636172082786 17.525020003286276 18.294502070083627 18.327493551369535 18.559806226809116 18.68750017395347 20.081717049570738 
0.3125 0.5 0.0 -15.430545092203364 -13.818758058030589 -13.585267918550715 -12.456474803919415 -9.001359110579793 -7.50126164742613 -7.164531664489515 -6.3680022124137015 -5.827453153418421 -4.731817447813013 -4.244547993175674 -2.994186764070615 -2.9584148973724376 -2.865649327734382 -1.2600883327536538 -0.7942894327315608 -0.16116820165182943 -0.12297625436287864 -0.10963621463046888 1.2702613783248051 1.7949299184565572 1.9674138737134685 2.4426643737963265 3.67835302394285 3.6834319368784305 4.424742831113265 4.894412940674306 4.932765646509468 5.3017629875888215 5.7170520901501805 5.859860023377186 6.06651984739865 6.262309863652291 6.396084769993114 6.483325590676997 7.131619285168071 7.196162991539248 10.200613606778653 10.509327992709888 11.46457909085014 12.963327032191613 13.454897880102862 14.007280551585229 14.881667199232412 15.330426057348593 15.53731369480587 15.564138608621214 15.659462721704797 15.776575382595103 16.07931113240418 17.577122779974104 17.769467250460966 18.509527504775487 18.76680143614675 18.925477782554506 20.063756380735963 
0.375 0.5 0.0 -15.364845542151826 -13.81510498148738 -13.699606206278064 -12.506913148737095 -8.964311071653537 -7.153665434805863 -7.056012907736482 -6.42780702997711 -5.961953711029967 -4.716266519893883 -4.317779927209293 -3.4200182820137406 -2.9703087184786265 -2.857373131524767 -1.1570356768620629 -0.8853100690996761 -0.16435966211772257 -0.07480869804308848 0.015720570289685154 1.2904946499798302 1.978464268819085 2.01095938158246 2.4283604723828662 3.531513812795093 3.684427901618998 4.479069795247516 4.63439578369956 4.641706373665999 5.508793457212446 5.722012430934853 6.029805452907406 6.189842059070961 6.264975680673724 6.5639295444741315 6.638778149652641 7.002044085233873 7.309598057545974 9.924569959876475 10.448429175647101 11.532944063105235 12.934715061375305 13.487913413088805 14.280234159887907 14.886098506510566 15.116167762221984 15.442847036147128 15.50090052778771 15.662178381115552 15.790613641292493 16.046209158551672 17.24352072069986 17.57349061248485 18.708390030557652 19.04626740946528 19.15608400206554 20.074458600652786 
0.4375 0.5 0.0 -15.315745096237764 -13.812992328687068 -13.783175710112209 -12.534920664828705 -8.938196689535486 -7.147370753886777 -6.685406752980764 -6.4673441993091005 -6.049422252182994 -4.7060019602393774 -4.462325151155924 -3.704426318642322 -2.9568081145410963 -2.8516270216426425 -1.1035147469136106 -0.9424806060666202 -0.19040896255128825 -0.05573115534244794 0.15827272638602063 1.3044098969869646 2.008606719297712 2.180407885157044 2.386801294778626 3.4377944332639925 3.7225085773268236 4.37752682543902 4.459633709415875 4.502410705717461 5.66443404827881 5.723126709458323 6.004606300826397 6.24358208246916 6.438132201884892 6.6007509688900035 6.827204980383959 6.898657000794278 7.396345209547731 9.705955949898605 10.403754223455794 11.579114959750278 12.855475231596465 13.699357696542188 14.36347637022663 14.87246152908707 14.889162458721964 15.478774422782772 15.54570428446909 15.665633023377266 15.798481468753145 16.007548816008587 16.811392225816938 17.55144263517866 18.991587829726555 19.39125790248493 19.40907899269425 20.129699844609718 
0.5 0.5 0.0 -15.297030687544108 -13.813871013881542 -13.811810618018644 -12.54350369930503 -8.928192433993665 -7.142948966213045 -6.5250133971878155 -6.480732221393574 -6.078792568946095 -4.701467961127799 -4.558527212832667 -3.785556174109226 -2.9523029241257532 -2.8475694558349565 -1.0846227460847377 -0.960909818905976 -0.19511328247859397 -0.04947597879770495 0.21615002486437757 1.3105060509423712 2.0255790806486424 2.2856172169557483 2.3275761634100114 3.406941612895194 3.758753413021446 4.266059147445768 4.3944330194364 4.509623571028199 5.726199113733691 5.72707658052982 5.999243783701759 6.237634134402042 6.535757752316493 6.6140116574359915 6.858285541807698 6.896107227915205 7.4314661168043 9.624692898155223 10.388272023146353 11.599201724846612 12.821803548583063 13.910061050129412 14.180711031600584 14.892760723471806 14.905133883934056 15.472809385085883 15.59192239296256 15.668314106039334 15.804061074286581 15.989641875412582 16.633749114346863 17.542108735356628 19.25295309401849 19.554828905546184 19.641623557321182 20.228502304824502 
0.46153846153846156 0.46153846153846156 0.0 -15.311406164550679 -13.806421487413928 -13.796719657500114 -12.537307012403149 -8.933393462214417 -7.178863637422764 -6.6536836797587835 -6.402537376270394 -6.068693804029423 -4.808490138894374 -4.410918600462085 -3.713974843373361 -2.9575203809497688 -2.841775609431763 -1.0931373442814043 -0.947803794602408 -0.3572933870912486 0.097570478607712 0.19117232577528503 1.2919667684485485 1.9900940459726741 2.2348568524464203 2.349813348589166 3.423677600077785 3.779939265294019 4.314106760051249 4.418929784814921 4.51332728137528 5.6762875273163225 5.724879532528171 5.994885187334162 6.254401454807087 6.485688332274039 6.599031435861643 6.833889507794316 6.885302714357648 7.417604496632574 9.666669386210692 10.407193402552387 11.582270970801803 12.837712272579854 13.778380249338552 14.219304925196626 14.837971991965663 15.021133821442834 15.478484367324446 15.521990418126672 15.7147842264433 15.838777834908482 15.997737147332655 16.714347505227003 17.533227754624686 19.131766758003245 19.39998939812466 19.521121243923552 20.12639464196602 
0.4230769230769231 0.4230769230769231 0.0 -15.351450071468467 -13.786275396417176 -13.75094375601202 -12.517197263002979 -8.946660888832048 -7.279438051846876 -6.860483270613074 -6.320617450658702 -6.035223132370714 -4.93764678624162 -4.154021530349718 -3.523369294926571 -2.9721389354775463 -2.8170276436258757 -1.1129285737685217 -0.9129521311814923 -0.5654419345615594 0.1298962320436588 0.27077746305071937 1.2422753397065243 1.8921898353916538 2.1742526342677517 2.3412957706446176 3.4787317503792177 3.848955102782821 4.43040486257582 4.493994607350773 4.539507753055104 5.56443263287925 5.7275669183980655 5.999226678647563 6.2468008819471885 6.38706733681397 6.562289175819581 6.705702557897281 6.922684382827064 7.384489076444538 9.79313716558441 10.46360581410487 11.541173546711457 12.87915661625162 13.512951744325834 14.283385133978712 14.792836563610646 15.19036624415714 15.392661779320633 15.513010355066967 15.874989086170912 15.882538651146366 16.028225336427283 16.92933613511916 17.521990703254062 18.904450336580933 19.131318449378128 19.2836891162949 19.86167506247393 
0.3846153846153846 0.3846153846153846 0.0 -15.41085834264251 -13.753471357279018 -13.68387021157815 -12.482235388542104 -8.967376661948368 -7.437262667566231 -7.111710121782183 -6.231838903521004 -5.981060016971896 -5.043127659811751 -3.84087098967571 -3.2590442071563244 -2.994867713609861 -2.775999912349432 -1.1479314537985774 -0.9088691315963146 -0.7139855903579843 0.03864679233976773 0.40225481718234984 1.1618013770333981 1.7531510332214786 2.128157954086672 2.291885115309282 3.5673306198229784 3.9445335326465814 4.505003417390131 4.610300172067451 4.671348475947646 5.434750974436057 5.729964583163045 6.007218323035992 6.093961073086806 6.34049880001011 6.507129244088857 6.517004861194498 6.98540903490969 7.332285708624556 9.976253231381353 10.54996426896849 11.48055469914546 12.884570334438363 13.280292787103363 14.280950607519092 14.839758922007455 15.249978121538454 15.311545675528347 15.606747165369054 15.888647271370537 16.073731997625533 16.14883570322441 17.206087835635667 17.51811897714891 18.715708492354636 18.841831197911443 19.0607084757646 19.621138512831845 
0.34615384615384615 0.34615384615384615 0.0 -15.481939205652145 -13.708696425622074 -13.605370317003946 -12.430516716527132 -8.993246087936539 -7.640615368414502 -7.383296950071622 -6.128054145555074 -5.908469371016042 -5.119784188730296 -3.4906921411474054 -3.0250488947400775 -2.9523312840903144 -2.7196539790355607 -1.1991656530838588 -1.0425839213836345 -0.6882365958825525 -0.06966511308737569 0.4771328669918272 1.056989587453239 1.5997805166845087 2.0865061454924976 2.2215148769208266 3.688584497699944 4.028191144435812 4.557226473901021 4.75822207106904 4.8798602816566286 5.31296001555788 5.729985893255297 5.892622347826765 6.018325064381456 6.169645597886073 6.408660500729249 6.441327918493158 7.050068241663383 7.266319463872708 10.191722707536373 10.659078632266581 11.410342295871478 12.692794685198045 13.277063477796428 14.218512873297842 14.96442066139876 15.114689634690162 15.390302984583585 15.790034661733788 15.871293161752368 16.122885576469557 16.488864952178083 17.48396019184452 17.53023735794052 18.515042080647945 18.570111783218458 18.875069627627656 19.36726874155372 
0.3076923076923077 0.3076923076923077 0.0 -15.558358300031463 -13.654248303382827 -13.525688914979629 -12.360522645922034 -9.0243481866225 -7.875499169928001 -7.661637397086325 -6.008943126079599 -5.8211358714703785 -5.171128948909964 -3.1239567730114577 -3.058171600913322 -2.6511713811052684 -2.6277391771817262 -1.2746476337847246 -1.2089725137448464 -0.600721227476208 -0.18343636464282392 0.49506540624375805 0.9265547677951881 1.450537561112545 2.01254722405096 2.155179994466087 3.8345469763486624 4.062522823601244 4.628954096492826 4.92209870087093 5.093896363044117 5.217606958996289 5.714111992389945 5.719711751028493 5.869778597998388 6.029559846710625 6.367940460092318 6.380273137586003 7.091061880461693 7.187436650397881 10.413496955133343 10.778094811641347 11.34080246258985 12.391921677394622 13.41691807902949 14.159437245373553 14.988223645087364 15.078299897591172 15.453825816916831 15.83499257112803 16.06429842750574 16.169190824345367 16.83350181031991 17.541876944373264 17.683225846093432 18.258052851341812 18.416381926733276 18.744446104275852 19.12299652945577 
0.2692307692307692 0.2692307692307692 0.0 -15.634335032635295 -13.59188177520168 -13.451920574578008 -12.270576871544113 -9.058090909795206 -8.123577257363058 -7.93643198118088 -5.87726040736912 -5.722764429447144 -5.200508016202406 -3.0959848473782743 -2.7544080270068356 -2.570063827430118 -2.2969484346982183 -1.3726794831274458 -1.3477794271047159 -0.5029464867369424 -0.2899761339597605 0.4675473919581173 0.7810424831739281 1.3241608509811902 1.8967808049138901 2.0860037784151233 4.004161442271123 4.04792398130786 4.69758211635978 5.091543736670008 5.161607455111126 5.268148072271299 5.5569289092168574 5.616162534204803 5.701106879749724 6.042094779405576 6.298080878023357 6.365201312645988 7.0932546254221736 7.1016556199467695 10.627873109275347 10.89371064819537 11.285246045405845 12.086119140568453 13.602606879997333 14.139516786290125 14.879338272136271 15.16823100207854 15.517338188624908 15.798411234911262 16.221450049558218 16.393016283431916 17.144525059678084 17.53429740025591 17.740707836947266 18.039699674900948 18.301214533688963 18.66936275606085 18.874800427379956 
0.23076923076923073 0.23076923076923073 0.0 -15.705995346199758 -13.524094537940663 -13.38860269131273 -12.16208854815467 -9.09084917030663 -8.367940739569343 -8.202670146787428 -5.737017868854488 -5.616633854516357 -5.212975870307466 -3.134337146276261 -2.4783717713582147 -2.4088313125063774 -1.9727170020713314 -1.4878889718782373 -1.4298806039926582 -0.40606087950400316 -0.3787583513989897 0.4045916829074532 0.6258692578317894 1.2347635303959343 1.7598313595969777 1.9782586669452136 3.9980911202379623 4.1939390229496585 4.739768208396754 5.0840725806370495 5.175450736431403 5.2544321479266936 5.56483723089817 5.595605078089559 5.674278694656925 6.055067969509229 6.240660992617871 6.368147151526753 7.013178192358651 7.050252773787254 10.824802018428715 11.00917707228998 11.254540369228012 11.800268257724554 13.810870432752354 14.168423063803568 14.793512923295825 15.256639568224388 15.58586484478595 15.77672185960659 16.28780634806988 16.717187695685208 17.35468058845616 17.489076514347424 17.681179988261963 17.919761745926287 18.20142143624367 18.634214984620865 18.641360133718404 
0.1923076923076923 0.1923076923076923 0.0 -15.770557454538242 -13.454642546716004 -13.337787773611833 -12.040441837004384 -9.121858710851027 -8.59749053009716 -8.45701210671574 -5.595951557887043 -5.508643306689958 -5.213329615967683 -3.1730737938976885 -2.3821311660622366 -2.1485288642873392 -1.6762289337238898 -1.6160252368306056 -1.3926425210895785 -0.4492342067656746 -0.31785433696449017 0.31527541074117815 0.46673807041510457 1.1857600346045043 1.612994429987862 1.8219168592183907 3.9239563049896233 4.3957949721540945 4.687250514243024 4.83427232194274 5.208653490444762 5.390608111090192 5.58179699625576 5.646370317169663 5.764516626275587 6.064012914653818 6.1981448201886975 6.392594697298687 6.92340830848533 6.960012373394518 10.98933057114813 11.11073825857394 11.245794827993235 11.544207209951276 14.01899425828657 14.239806249412705 14.728354933987346 15.351225299914518 15.660325474089406 15.775030464947076 16.368035700864578 16.938539416273482 17.326223331108668 17.38821257386774 17.659920796318627 17.902366614008884 18.12936817966168 18.432157059633454 18.644440995641702 
0.15384615384615385 0.15384615384615385 0.0 -15.82581238144642 -13.387764310867635 -13.299291278872385 -11.91210495639873 -9.149575895955229 -8.800831575452667 -8.690906950969326 -5.462028638532294 -5.404812779946405 -5.20634531347559 -3.209857354484521 -2.2844497524372414 -2.039008013164189 -1.7457939479342663 -1.3897261873579556 -1.2034755638171641 -0.5023348116059531 -0.2375785018476068 0.21186201944651056 0.3115554272658035 1.1695825491241325 1.464845775648333 1.633571366982459 3.8381909784302226 4.375216178790016 4.604450595149317 4.864333212687453 5.251707924760604 5.46946978706819 5.615917058965 5.637382366550647 5.9196325020509395 6.0685911272018425 6.177018615650393 6.438189338631558 6.834547505478681 6.844557046391372 11.121787910540156 11.196451558134976 11.251345717236958 11.331685409441407 14.213692820140981 14.336456726252075 14.680797938699458 15.465200477626844 15.741538902665754 15.798197432055769 16.459620187771037 16.967539933269805 17.201381858210382 17.238861653031655 17.52660443519328 17.944340447055964 18.15454113899392 18.379039772657148 18.667188524856943 
0.11538461538461536 0.11538461538461536 0.0 -15.870090840560001 -13.32793960234778 -13.271479853888316 -11.788312898756134 -9.172174056658877 -8.969573340125955 -8.89594931127003 -5.344168487651606 -5.312579591729542 -5.195172696472811 -3.2423707819063727 -2.1929837429028187 -2.02607556280675 -1.8650738938493825 -1.095094962019698 -0.9676311935197773 -0.5400610992786609 -0.165434580316864 0.11456011423009138 0.1734764941043354 1.1680946358868651 1.3248860663455158 1.4416428714121423 3.7511357475563827 4.071221149055222 4.813591540733863 4.951504570292924 5.286122363747817 5.477388296307273 5.636721207191195 5.642811632188905 6.041923726391386 6.082115776350283 6.173106358719673 6.493577535314526 6.730451607723486 6.75054241823381 11.135947307087545 11.224635199383934 11.26014694064973 11.291550598716492 14.385332071860601 14.44793913255092 14.650265280136287 15.607798581351405 15.830012881672939 15.84817764216994 16.550599322181032 16.88708712303804 17.0557790523876 17.063171460998536 17.30162163632371 17.85128011704362 18.332511107280993 18.48240814198898 18.68709890748351 
0.07692307692307687 0.07692307692307687 0.0 -15.902580353975328 -13.280648226231609 -13.25318262752522 -11.682430371225246 -9.18925994032159 -9.097067782622235 -9.059494553539704 -5.252431591549007 -5.238726215996104 -5.184395576916011 -3.268144604365808 -2.116179962653736 -2.035203479756679 -1.9616058072238296 -0.8346733955946088 -0.765743381067896 -0.5651947613271728 -0.10397252262866917 0.03103472631092942 0.061268009952663516 1.1462260396230621 1.2057763518622067 1.2911155668241896 3.6753780598868087 3.82439655158607 5.0146643915364235 5.070212804649873 5.305694084860878 5.456276697127983 5.607493841287229 5.610747696933016 6.1204457408666375 6.124842087203581 6.177740963025394 6.545802806645115 6.647104817965642 6.673114008833858 11.009831962900604 11.288695494853593 11.30283674924762 11.313493740494025 14.512484200262609 14.539218641894927 14.632102281148144 15.774641253039894 15.916142426327546 15.917796475051704 16.628339636267334 16.79428639790952 16.889450553261295 16.9034506240426 17.0507588419947 17.740136411996232 18.528036835382753 18.598901289100287 18.70149891857207 
0.038461538461538436 0.038461538461538436 0.0 -15.922310309850287 -13.249963772354755 -13.242874183143496 -11.60980058744963 -9.199811007995764 -9.176089154793644 -9.166010657152482 -5.193676468591822 -5.190543667166246 -5.176648405930705 -3.2847892416555338 -2.0647515163652024 -2.0432561049807885 -2.0252265858544876 -0.6493235931861819 -0.6303173616049264 -0.5804266904810168 -0.057324244747089935 -0.02121788427855104 -0.012560931458830506 1.084332480944874 1.1005448273743856 1.2480574262546669 3.62404232195847 3.662130704132677 5.196488493233126 5.210280122563623 5.31504203722365 5.438557516897845 5.520183173966077 5.524140911774023 6.163827767794685 6.1703238849021895 6.1823569831144045 6.581952311463284 6.606762777383278 6.616801336068901 10.931250036055589 11.325672692590778 11.330931163925106 11.331854173272683 14.594393102509523 14.60098463993799 14.6216963996911 15.939168499640436 15.986675192259135 15.989217162045705 16.680025541841644 16.72779392138475 16.753225536278208 16.782228853509498 16.83107645302859 17.665506856739462 18.665528436061912 18.68291510672833 18.71276189809713 
0.0 0.0 0.0 -15.929007248235063 -13.239751854586295 -13.239751854586236 -11.583962412752793 -9.203287697054138 -9.203287697054131 -9.203287697054128 -5.174030443997397 -5.174030443997374 -5.174030443997359 -3.2907623514019657 -2.0476551492788366 -2.047655149278826 -2.047655149278814 -0.5842403140250373 -0.5842403140250354 -0.5842403140250292 -0.03896241515269692 -0.038962415152689375 -0.03896241515266905 1.0545358236176052 1.0545358236176587 1.2438413902243233 3.605468119374862 3.605468119374892 5.314242962547724 5.314242962547743 5.314242962547753 5.430636482951968 5.430636482952004 5.430636482952006 6.180032982572304 6.1800329825723175 6.180032982572318 6.593284842127665 6.593284842127744 6.593284842127744 10.904026594795326 11.337341113049611 11.337341113049641 11.337341113049641 14.618041921336161 14.61804192133619 14.61804192133625 16.017737870838594 16.01773787083883 16.017737870839223 16.695351412819097 16.695351412819367 16.695351412819676 16.734382826954402 16.73438282695443 17.639547356790608 18.71396983951053 18.71396983952853 18.71396983955496 
0.03125 0.03125 0.03125 -15.922338769719772 -13.24643465602083 -13.246434656020828 -11.60973097226233 -9.183978330771287 -9.183978330771186 -9.174194448760145 -5.186853884847921 -5.186853884847913 -5.186655298587706 -3.2848378118409705 -2.0472106595130595 -2.042973137786824 -2.0429731377868126 -0.6261374390563772 -0.6261374390563403 -0.6062077092345437 -0.04009055171499506 -0.04009055171497093 -0.011629161744172339 1.0933465028558065 1.0933465028558726 1.24664745600856 3.642914922723863 3.6429149227238655 5.190077861206969 5.259606414479564 5.259606414479576 5.481815201458708 5.48181520145873 5.532969134957423 6.159711038347998 6.177826390861122 6.177826390861142 6.594563771869127 6.594563771869129 6.6159089676097285 10.930877723173774 11.328785629735336 11.329713716183473 11.329713716183527 14.605721963151904 14.605721963151943 14.606419643578416 15.95803362346414 15.958033623464452 15.998692711060631 16.714760987860064 16.720741931420523 16.720741931420903 16.80885874917958 16.808858749179606 17.665367563904532 18.68118043012366 18.681180430143208 18.697813351648332 
0.0625 0.0625 0.0625 -15.90270799595651 -13.26661795115005 -13.266617951150039 -11.684005351453019 -9.127909850155172 -9.127909850155168 -9.090195971776172 -5.226258901133528 -5.225031632495856 -5.225031632495805 -3.268041109799706 -2.046908082334756 -2.0335431212329125 -2.033543121232891 -0.7471217128510191 -0.7471217128510008 -0.6765526453535201 -0.039645680142094006 -0.039645680142091896 0.06442311336377383 1.1980985820878574 1.1980985820878733 1.253301149260556 3.7508075758719785 3.7508075758719794 5.010630416877217 5.168271402083899 5.1682714020839065 5.548030594069191 5.548030594069213 5.629225271846321 6.105898844342454 6.15595075375194 6.155950753751949 6.59806845669588 6.598068456695901 6.670676584709053 11.008144266316098 11.297391046463474 11.303531683217894 11.303531683217921 14.559818527237553 14.559818527237553 14.563051935932844 15.824884129364092 15.82488412936414 15.940764248385593 16.748844224316205 16.77131259808183 16.771312598082265 16.989597417176366 16.989597417176412 17.73962605035509 18.586039223776204 18.58603922378608 18.594053516026616 
0.09375 0.09375 0.09375 -15.870203499739711 -13.298749696517085 -13.298749696517065 -11.797910554718138 -9.036434780696379 -9.036434780696341 -8.959674328622945 -5.2885932035600804 -5.286562063901316 -5.286562063901308 -3.2415797313895793 -2.042572884329346 -2.022343152958173 -2.022343152958159 -0.9245214926677833 -0.9245214926677703 -0.7878471465376531 -0.029960340831019536 -0.02996034083100932 0.17553466751709537 1.2673138905674282 1.3462672487443164 1.3462672487443186 3.91862090797613 3.9186209079761585 4.834530349269922 5.075670736624962 5.075670736624963 5.588815303510665 5.588815303510672 5.663507255210786 6.031704382147247 6.115929049359864 6.115929049359925 6.617364066337412 6.617364066337418 6.7502318402492385 11.130317014599266 11.248835578007007 11.259973405398666 11.2599734053987 14.485141370352103 14.485141370352125 14.499373069027005 15.682118851545361 15.682118851545606 15.857474096162344 16.791867155554577 16.845789112042294 16.84578911204418 17.203920932768153 17.20392093276821 17.85185193909593 18.448722673171705 18.448722673180782 18.518422249664177 
0.125 0.125 0.125 -15.82501052480955 -13.340214166032798 -13.340214166032743 -11.941015847716653 -8.911702759813167 -8.911702759813139 -8.794714111015503 -5.368770197731811 -5.366988810937788 -5.366988810937767 -3.207627850292362 -2.030448416686346 -2.018206334665547 -2.0182063346655212 -1.1269555773359563 -1.126955577335953 -0.9305929833454911 -0.008244699033885023 -0.008244699033877124 0.29453333536375487 1.2950794446279845 1.5179842490054045 1.5179842490054105 4.1325550363802375 4.132555036380248 4.67301817933373 4.990729058450454 4.99072905845047 5.6029783707363014 5.602978370736303 5.633024247553206 5.954603978682369 6.056793833629248 6.056793833629263 6.664138726829571 6.664138726829598 6.844174020644396 11.170184937208852 11.199517038010217 11.19951703801024 11.309800873532627 14.38746405151884 14.3874640515189 14.421214087268908 15.557009180287487 15.557009180287595 15.764633499602684 16.86020975441043 16.933045886691183 16.933045886693137 17.400285383805073 17.400285383806356 17.97840171765975 18.309670110296324 18.309670110300402 18.5159360539767 
0.15625 0.15625 0.15625 -15.76747670422834 -13.388824700645744 -13.388824700645742 -12.1036139052675 -8.757923865604537 -8.757923865604466 -8.604185776885675 -5.462402231051924 -5.462369127046804 -5.462369127046795 -3.1687996349836047 -2.0481594844761832 -2.048159484476178 -2.0114827164442115 -1.3142106057386587 -1.314210605738653 -1.0913499350598952 0.024481865262264334 0.02448186526227131 0.39855980488777826 1.3475295649020345 1.6934751649332977 1.6934751649333202 4.371883598064379 4.3718835980644 4.532398609142278 4.917535530051049 4.9175355300510715 5.561080827323179 5.599071577996697 5.599071577996708 5.874366706207237 5.983299978153637 5.983299978153649 6.736769253040499 6.736769253040524 6.935093198487799 11.086852919811427 11.120608362492181 11.120608362492183 11.511734209489092 14.279135627601686 14.279135627601686 14.345246333536704 15.455843310763257 15.455843310763559 15.668481110575657 16.9159266307176 16.996810547814565 16.99681054781747 17.52324371590318 17.523243715907245 18.08083149677664 18.24479606894438 18.244796068949803 18.523222027311107 
0.1875 0.1875 0.1875 -15.698245562079158 -13.44180433566876 -13.441804335668692 -12.279159881147725 -8.578471013251972 -8.578471013251898 -8.396500058057303 -5.567661879374312 -5.567661879374311 -5.562972977569486 -3.129011777249934 -2.1577667278888137 -2.157766727888771 -2.0026080243436857 -1.426326467341146 -1.426326467341137 -1.2459428900800742 0.06571625916906375 0.06571625916906863 0.46632160355556307 1.430031541662478 1.8570404413525394 1.8570404413525465 4.410506421087491 4.591463540849937 4.59146354084994 4.885834024432183 4.885834024432213 5.475342630882757 5.59278675599472 5.592786755994741 5.785096936845332 5.908154469231689 5.908154469231728 6.819847838430897 6.819847838430953 7.0082361311000065 10.984502105678882 11.021294882027622 11.021294882027636 11.743953283598861 14.171433235832852 14.171433235832858 14.285765331406981 15.377924293171928 15.37792429317204 15.581110414152525 16.955798019415084 16.955798019416154 16.98046552730357 17.59194818957356 17.591948189578396 18.088480282959196 18.28913392734756 18.289133927350168 18.625562462969455 
0.21875 0.21875 0.21875 -15.617875215710077 -13.49661677196019 -13.496616771960143 -12.462944874142975 -8.376857430894681 -8.376857430894647 -8.176414274631668 -5.678955763817846 -5.67895576381783 -5.666668582428054 -3.0924647417951134 -2.3669615964524557 -2.3669615964524517 -2.033770504515037 -1.4369324069735772 -1.4369324069735625 -1.3568206016131332 0.11327427868060459 0.11327427868062584 0.4974487010914367 1.5301781392608216 1.9944139830938434 1.9944139830938548 4.3079028565632385 4.647153053834582 4.647153053834582 5.02103842038048 5.021038420380488 5.3970859693195035 5.600012793841604 5.600012793841622 5.690088753729668 5.84964055751429 5.849640557514367 6.902282509997128 6.902282509997186 7.054588905608026 10.867932613834494 10.903447639658623 10.903447639658625 11.995303480989309 14.08130106696885 14.081301066968859 14.25552660299778 15.316823485441251 15.316823485441265 15.5123598598965 16.771010803607624 16.77101080360806 17.04274054619533 17.698249874548818 17.698249874549994 18.004024718317602 18.34845257761299 18.348452577620304 18.807658679143458 
0.25 0.25 0.25 -15.526947979931121 -13.550689709057446 -13.550689709057421 -12.65054567627044 -8.156412134073104 -8.156412134073081 -7.949683074281386 -5.78999925085206 -5.789999250852017 -5.768801653508891 -3.062936488545937 -2.6357742321764657 -2.6357742321764595 -2.139467175237274 -1.3848064631117736 -1.378205949699909 -1.3782059496998853 0.16215603075861768 0.16215603075865997 0.5064348300099732 1.6297724906672661 2.0942299411560326 2.094229941156037 4.216169002301397 4.575316373693087 4.575316373693109 5.265727444414313 5.265727444414322 5.314800810111197 5.627373549139483 5.637954892711226 5.637954892711243 5.8291492160537555 5.829149216053778 6.972631148975643 6.972631148975663 7.069762817602105 10.743317957710936 10.773775532292285 10.773775532292307 12.25715357388982 14.015447699713569 14.015447699713585 14.269782161196172 15.26321184843578 15.26321184843584 15.467054457027523 16.50744145620671 16.507441456207765 17.061681299731827 17.818769843940668 17.818769843943187 17.90936293464764 18.34348736613412 18.343487366134944 18.446118472134767 
0.28125 0.28125 0.28125 -15.42674055539359 -13.602347570672253 -13.602347570672238 -12.838644560420672 -7.921871244099484 -7.92187124409943 -7.720353241440156 -5.897652836613888 -5.897652836613837 -5.865078566891939 -3.0439630528108452 -2.931428436963648 -2.9314284369636185 -2.310338141307308 -1.3345874991146567 -1.2803751872947557 -1.280375187294724 0.2061021067410376 0.20610210674104218 0.5015904779745248 1.7143008281325776 2.1555637636760157 2.155563763676016 4.1347718083361835 4.459953757580048 4.459953757580048 5.195689146540565 5.499711975549786 5.499711975549803 5.643158478735325 5.722213384975804 5.722213384975805 5.870309129512058 5.870309129512065 7.021981865028326 7.021981865028351 7.049678600460625 10.610930060676065 10.6346884894472 10.63468848944723 12.519806388011691 13.976353294378896 13.976353294378901 14.333021244364364 15.202166658183282 15.202166658183385 15.446930695359875 16.23567982552932 16.23567982552943 16.969917406697714 17.658900572304045 17.831388069406923 17.83138806940853 17.835962528995484 18.3429942445822 18.342994244595683 
0.3125 0.3125 0.3125 -15.31867295411543 -13.649605623794201 -13.649605623794152 -13.024310747857285 -7.675993789240016 -7.675993789239921 -7.4920573313546175 -5.998137353536073 -5.998137353536059 -5.954045338621787 -3.2340878558045185 -3.2340878558044905 -3.0373920825405287 -2.510688663439509 -1.2330786124991762 -1.1566389576320664 -1.1566389576320522 0.23760134214332232 0.2376013421433436 0.4859625408960993 1.7859082377415538 2.1841624954881875 2.1841624954882186 4.062108786773454 4.317456115747555 4.317456115747587 5.039595824833468 5.688707821285136 5.688707821285147 5.740730449074036 5.836085103238849 5.836085103238883 6.006362420394374 6.006362420394397 7.007556554749535 7.044597304787731 7.044597304787749 10.477918254664365 10.491335647166382 10.49133564716641 12.775827198511596 13.961396886558207 13.961396886558221 14.45006588501003 15.113384594474995 15.113384594475038 15.453400349429113 16.002864003273153 16.002864003273505 16.766103737140014 17.626884052727924 17.64996498147533 17.649964981478632 17.79268654164486 18.45453904347709 18.454539043491014 
0.34375 0.34375 0.34375 -15.204972105691555 -13.691763956428595 -13.691763956428568 -13.205094451480555 -7.425472950537285 -7.425472950537255 -7.270173818188557 -6.0893282933188635 -6.089328293318844 -6.036053204829762 -3.536982415440257 -3.5369824154402196 -3.042905350031073 -2.7187453960881522 -1.100169616521862 -1.0163349653703873 -1.0163349653703857 0.24562567659612342 0.24562567659612566 0.45245304496619676 1.8513035705628273 2.1935075308881133 2.1935075308881227 3.98984385919788 4.156103251048435 4.156103251048436 4.864871397167394 5.841165368132539 5.841165368132594 5.893172560744466 5.963355477056975 5.963355477056978 6.211444133995081 6.211444133995153 6.943015210325457 7.036247395078392 7.036247395078405 10.344404726809595 10.34942461907341 10.34942461907346 13.01680382995285 13.96099380791517 13.960993807915179 14.61789160764237 14.984748525772396 14.984748525772478 15.480379278185072 15.84237417438803 15.842374174388535 16.49228859320439 17.369995291508797 17.369995291509955 17.479410188748123 17.965918207583584 18.612569182960353 18.612569182973722 
0.375 0.375 0.375 -15.088635844432698 -13.72708322809555 -13.727083228095532 -13.376281573474193 -7.174930781033936 -7.1749307810338 -7.059894186123349 -6.168749986689441 -6.168749986689408 -6.11111798659941 -3.8280199582759535 -3.828019958275946 -3.0571845567460683 -2.9164149470219765 -0.9428311345167839 -0.8606731449791154 -0.8606731449790929 0.22383690272168233 0.22383690272168522 0.3914806516614922 1.9305256852731498 2.201324076146532 2.2013240761465496 3.912661352649518 3.9901373936655995 3.9901373936656155 4.6995265823861025 5.979630978514834 5.979630978514854 6.074234162859668 6.11937758695564 6.119377586955659 6.421182022689138 6.421182022689188 6.872314428772208 7.000713513843604 7.000713513843643 10.218123611984398 10.218123611984407 10.220335380292044 13.241872686838052 13.959067992611944 13.959067992611958 14.83168819295209 14.847980763082449 14.84798076308247 15.52290818751679 15.753424721700343 15.75342472170081 16.19432550909527 17.0725464714705 17.072546471471313 17.26064351553286 18.217565971763456 18.778778653101703 18.77877865312157 
0.40625 0.40625 0.40625 -14.975439188879408 -13.755630098664081 -13.755630098664007 -13.533097375950705 -6.936659983475166 -6.9366599834751375 -6.8671859975298695 -6.236955422512659 -6.236955422512657 -6.182417522823506 -4.095697187208517 -4.095697187208502 -3.093008355130412 -3.0753161547124717 -0.7711732042455159 -0.6989332349275402 -0.6989332349275247 0.16489444240910156 0.16489444240912549 0.2897108791813191 2.0291223161896905 2.215745324897247 2.2157453248972594 3.817843907383917 3.8316820188387823 3.8316820188387903 4.560463020390431 6.112965701590034 6.11296570159006 6.250862082222837 6.278859677930288 6.278859677930326 6.60266173202024 6.602661732020254 6.802934162554742 6.93441314926823 6.934413149268237 10.103923063560552 10.103923063560552 10.108178413629316 13.444351071118264 13.931156526261233 13.93115652626132 14.747205711844744 14.747205711844826 15.071016500388636 15.566261129104461 15.705403857582198 15.705403857582978 15.905674032008996 16.78818818304278 16.788188183043566 17.006969034374528 18.533913589945293 18.96138504738208 18.96138504748514 
0.4375 0.4375 0.4375 -14.874181879478606 -13.776480299595029 -13.776480299594978 -13.66569751989175 -6.723891065707435 -6.723891065707419 -6.6965500567909695 -6.296152016807662 -6.296152016807602 -6.254687734422454 -4.322129910834384 -4.322129910834376 -3.233123442703655 -3.0939987385139918 -0.5873919683665914 -0.5321507618082789 -0.5321507618082484 0.07110325291686848 0.07110325291688885 0.15131248685305285 2.1389309801829506 2.2392982397787917 2.2392982397788077 3.697206640404417 3.6972066404044286 3.709320128074796 4.463557231733659 6.2464843179449945 6.246484317945021 6.402581904948114 6.415288311580023 6.415288311580034 6.739429324800849 6.7394293248008585 6.746202636714949 6.844171864925675 6.844171864925691 10.011531899517959 10.011531899517985 10.013164843326459 13.62034503354373 13.876639156219332 13.876639156219339 14.71109251141791 14.711092511417943 15.278478207538454 15.607209653404368 15.68097380557664 15.680973805577402 15.701232596955577 16.547729283436833 16.547729283436883 16.73655861318969 18.884426286182713 19.19127728522144 19.19127728532083 
0.46875 0.46875 0.46875 -14.799899753792053 -13.789121337760163 -13.789121337760129 -13.758905136516384 -6.553192674189045 -6.553192674189014 -6.551836618361483 -6.353032329582579 -6.353032329582578 -6.333720891773594 -4.479512689477068 -4.479512689477062 -3.322923028039232 -3.106797284094318 -0.39792346785287935 -0.3675627557777001 -0.3675627557776919 -0.05062615911690402 -0.050626159116897496 -0.01432828549953717 2.2335341200334344 2.2622653865774565 2.2622653865774773 3.605981209650633 3.6059812096506354 3.6123262082307166 4.411516806953244 6.369283561640181 6.369283561640209 6.504802757093123 6.508185196245352 6.508185196245363 6.710010692441658 6.747829531674107 6.747829531674111 6.827285263883115 6.827285263883135 9.951735548315277 9.953018754929852 9.95301875492987 13.751922755405095 13.823101960781205 13.823101960781221 14.716585799602298 14.716585799602337 15.286273425602111 15.662589252957009 15.66966534163572 15.669665341638346 15.735679505003512 16.38290381996581 16.382903819965883 16.47474044446831 19.395663323314373 19.478184854518066 19.478184854641057 
0.5 0.5 0.5 -14.771852578717608 -13.7935635269495 -13.793563526949486 -13.793563526949482 -6.453898886702752 -6.453898886702727 -6.453898886702718 -6.410878205399621 -6.4108782053996105 -6.410878205399601 -4.537766404255806 -4.53776640425579 -3.35553770685443 -3.11157515370129 -0.24206018871228993 -0.24206018871225668 -0.24206018871225618 -0.16416203498656615 -0.16416203498655385 -0.16416203498655135 2.2714957092740615 2.2714957092740837 2.2714957092740846 3.5717528317579608 3.5717528317579683 3.5717528317579945 4.394925538292299 6.430964012472259 6.430964012472307 6.539591456307008 6.53959145630702 6.53959145630704 6.692417354493065 6.69241735449308 6.692417354493101 6.854296608519141 6.854296608519173 9.92854163021045 9.928541630210466 9.92854163021047 13.800675077615248 13.800675077615262 13.800675077615278 14.723172849851075 14.723172849851093 15.238960793006047 15.665504382187843 15.665504382191305 15.665504382193978 15.864169188131635 16.32235128854166 16.322351288541668 16.322351288541668 19.64406848540911 19.64406848540936 19.644068485410273 
0.4642857142857143 0.5 0.4642857142857143 -14.796296348959514 -13.79381931122587 -13.7875660546807 -13.761224291194045 -6.571847347650372 -6.537145834561803 -6.5124399073286385 -6.407157656336758 -6.335779176824945 -6.3207982296861775 -4.5133017868498095 -4.4621679508946785 -3.327465318583054 -3.1074432164761694 -0.40333487361423404 -0.4027807742302318 -0.2404223667918454 -0.16872282131204377 -0.017614064668536662 -0.011527584192883356 2.243495791306024 2.2447175256203566 2.276997767196523 3.5743127924922384 3.6118672438148716 3.623566016226403 4.408901847300418 6.350698414424136 6.405292288405809 6.497132353137392 6.507566771470701 6.528567145864287 6.693824176195033 6.731498240666936 6.760118446348829 6.815423675603642 6.845280789735185 9.928555030747482 9.956016868536155 9.962675073610448 13.759328116310956 13.816511459950185 13.8218307283462 14.705846629373475 14.728401946741084 15.28228772587277 15.660720237084227 15.668950847216763 15.671539708539935 15.753130166638467 16.330385246982075 16.39683842095997 16.47666884349665 19.414868541613064 19.439371392296405 19.645514311345952 
0.4285714285714286 0.5 0.4285714285714286 -14.861327422267916 -13.795159525451187 -13.770556729159177 -13.673445431556788 -6.765807514527101 -6.666237841908906 -6.632389236884591 -6.397914446216222 -6.260243697247166 -6.206546859128618 -4.4525648125778865 -4.262934705072509 -3.2426592649354933 -3.0959773463709848 -0.609320737167316 -0.6009601382405931 -0.23738468673026902 -0.18385251686067997 0.1314928288677327 0.1635490354991621 2.1731237850913505 2.17935213774303 2.2929450791611137 3.579340673427978 3.711826438520014 3.7625144077729984 4.451177513804251 6.197074572430105 6.35476369105525 6.375484501529663 6.414073495394121 6.494089028540283 6.684912446950802 6.710466156704153 6.808210723839452 6.812252568621417 6.874137538900676 9.922477363199572 10.03584790181051 10.047188217649632 13.654183666224975 13.860928424700393 13.866228304764435 14.663355364176486 14.737253215828918 15.331689816887229 15.642167272788663 15.647174440940224 15.677147552888302 15.709426130596544 16.355224998361546 16.59723383716228 16.755979557693756 18.989705002876576 19.043789183668117 19.637131130993666 
0.39285714285714285 0.5 0.39285714285714285 -14.9501475207684 -13.797546325975839 -13.742395860730008 -13.547281611157196 -7.007803143159679 -6.87752304623846 -6.7206655562404665 -6.382441694191096 -6.1830233358928695 -6.084445790605559 -4.382068120422724 -3.9850458705570357 -3.1010096247753283 -3.079130402392608 -0.8260219135618567 -0.7978894523060782 -0.2307109371820498 -0.20940596017591823 0.23871035521111325 0.32914944905319143 2.0892861701692493 2.1048476500045186 2.3187613556749485 3.5875282995899305 3.8400198990197434 3.955330149726698 4.523710031997114 6.026449260371393 6.201143188317572 6.272223288587923 6.314114327956818 6.435865340454651 6.509976327375847 6.702593724130038 6.758345269584606 6.888725511037931 6.983170916282716 9.920487313519066 10.148906783504968 10.175247797332242 13.524163317484458 13.886264678147317 13.927045902061836 14.608674914303728 14.76790702578081 15.27522871857296 15.629339826452387 15.6472946127337 15.683713654989246 15.87470700620538 16.39733400163611 16.883198046088626 17.05944218219456 18.67815950722359 18.70852363280028 19.620526665399492 
0.35714285714285715 0.5 0.35714285714285715 -15.048906487205029 -13.800343859271768 -13.704086775582562 -13.396708978336202 -7.2760178176057035 -7.118999746947558 -6.8027792597528185 -6.361437971002166 -6.094732041735729 -5.957941272808054 -4.320237459321924 -3.6636206814234535 -3.060145814747239 -2.909613070262551 -1.0516615747635156 -0.9815875773364624 -0.24277567050739343 -0.22237532732444285 0.2948894486787207 0.4859446776914451 2.016799417628004 2.0377997402455827 2.3530537477091964 3.5950884369568037 3.9669331422683842 4.178887673018183 4.624345687091408 5.853231263567995 6.006990748258852 6.095831139830938 6.2549756828625505 6.293049200912405 6.375986382651041 6.670586368594672 6.71144777979674 6.951503570948923 7.07802762545548 9.927813046855778 10.286266344862469 10.327511515027838 13.394476631929868 13.849525468079264 14.003543556521498 14.510687329107355 14.856273127730313 15.261358063120513 15.613624183764614 15.671146590757566 15.688625092530732 16.144013467437375 16.461284303746478 17.21731737041588 17.36039688004965 18.42999000036721 18.45213411077357 19.568285951612253 
0.32142857142857145 0.5 0.32142857142857145 -15.149042274247329 -13.804189449358583 -13.656939701917903 -13.231793930031246 -7.553330441142087 -7.376077815377117 -6.877729750476409 -6.335921538206058 -5.993764589861089 -5.826465136622856 -4.27441843391705 -3.320553321471505 -3.0429835774809213 -2.6814824303293014 -1.2850769366160948 -1.147018360314538 -0.28038218694528483 -0.2137278373089785 0.30276605854787175 0.6311852593531857 1.9678532904621826 1.9754538153109833 2.390340376921646 3.603526516983697 4.076498775767146 4.4132415189600085 4.739696657874439 5.688820391939721 5.82044622351682 5.898235746023737 5.9722532363605625 6.289828195173113 6.289945342192348 6.566646697839715 6.708772769067472 6.982221939717603 7.15925985559863 9.953900010050777 10.429525149296834 10.488668145263984 13.272528890515 13.768390755241208 14.08111583424677 14.385009508541568 14.945975722088733 15.364037063583538 15.599853871722624 15.691602283213557 15.717829338233017 16.44071743286767 16.54497603364217 17.562156540190404 17.64678263954161 18.179653967872763 18.284962359349013 19.525027355820903 
0.2857142857142857 0.5 0.2857142857142857 -15.245449808403237 -13.808467798556691 -13.602341197289526 -13.058311161666422 -7.8273423661058885 -7.638506938976212 -6.9456089837791595 -6.306333361158902 -5.881010968920802 -5.690094638205691 -4.2437181796985595 -3.0315318302866476 -2.9706299560588696 -2.435849560961058 -1.522660154411208 -1.2837098718364144 -0.3158398492910576 -0.20506588418442165 0.2770205563296835 0.7636689323699649 1.9010582466443977 1.950468797539885 2.4236275719793308 3.6150873796772522 4.166728035163236 4.6449056320489674 4.8376968484143665 5.5529055840765436 5.623479801550955 5.701411668267241 5.7142110937237405 6.195298444163596 6.3030818397370405 6.441527253908349 6.706543836753652 6.976064994096368 7.229191787453407 10.00630534706892 10.567191993662048 10.64963738383908 13.16417278997387 13.66650962749487 14.158461828310774 14.27520122638433 14.999715720723607 15.53280584397402 15.588734688897086 15.70125921564367 15.82176268313357 16.64289609442987 16.726312028585877 17.83357037568446 17.937397875799604 17.965255400884235 18.197146318790452 19.46675133955434 
0.25 0.5 0.25 -15.334655237084169 -13.81308365616816 -13.542335614660615 -12.881268486824412 -8.089710220601795 -7.896762866795937 -7.005564143881562 -6.273336023246294 -5.7595769443108855 -5.549595366743418 -4.2238293527556685 -3.0289594574060823 -2.626530303247132 -2.1941578270561455 -1.760597069920268 -1.3770118639126823 -0.34357343367813864 -0.1977548189063185 0.23849807575287024 0.8831203457631764 1.7961310384653717 1.9646141563468007 2.44711560231647 3.6341864346473263 4.2431703587379905 4.85043631122255 4.8640895542365055 5.331337993832063 5.432196071923022 5.570074450358529 5.618074211168813 6.093693415220125 6.30451226394074 6.317943262561237 6.700013271122474 6.940127280524484 7.2899022941177885 10.086585223058954 10.69311219411987 10.79826231242645 13.06897979477328 13.558220756627703 14.209097098029304 14.235819099379622 15.034719453319287 15.575950147138277 15.666336907178723 15.724185402191136 16.026130071182543 16.725276427909865 16.959614210106462 17.805341656208174 17.951825463362976 18.151233850332385 18.34760851757035 19.44459248003117 
0.2142857142857143 0.5 0.2142857142857143 -15.414886113112916 -13.817913223342082 -13.479469566216368 -12.70580214210763 -8.334486739883086 -8.145293123348216 -7.058791949585455 -6.238678518339409 -5.634561846137102 -5.407475863566871 -4.212001262798398 -3.0369378100178044 -2.3065502012247237 -1.9960469901547042 -1.988058408735951 -1.3963330261855549 -0.36095508097705453 -0.19561110835470868 0.20329950693120005 0.9823151222720073 1.645950903661247 2.0069303515920467 2.457046877670235 3.6626833117990834 4.307922563534265 4.791600836810478 4.858374962147863 5.206425363743072 5.263073397907405 5.5935723778844055 5.599734375848592 5.9858706865835485 6.163980188647058 6.306658369645176 6.687047525768232 6.89522632853583 7.342199415513934 10.190747699517589 10.798250176154182 10.925875633986168 12.984868412715027 13.449714041381283 14.191009912684647 14.315911568788286 15.06010309858191 15.560117687699268 15.756299179187398 15.765059275107348 16.282800038253274 16.72671493996555 17.082361807195287 17.787106978640143 17.988952502158206 18.30297780405398 18.621938998514935 19.425910541287024 
0.1785714285714286 0.5 0.1785714285714286 -15.484522961917422 -13.822238568189505 -13.416668326963949 -12.535986385966513 -8.556767339193417 -8.37576797552014 -7.103178741620616 -6.202939760679412 -5.510831901339407 -5.265607375686178 -4.205297634241959 -3.0546096907002633 -2.2222503977816626 -2.0748021773698344 -1.8122819322747117 -1.2984581298188251 -0.3648032351727761 -0.1932724096578299 0.18614533325368537 1.0628263026332505 1.455778347316269 2.072494658812179 2.4520953558745147 3.7079466706740427 4.3680556542603215 4.588255107290388 4.661816781732627 5.0924739880216965 5.355143247063484 5.633643758643417 5.688155395341989 5.878414125613031 6.037516322020013 6.2427674323687965 6.666792034095408 6.873795331444491 7.392237606184023 10.3108738344165 10.880834233188589 11.02867610342995 12.911219462876822 13.351188230779158 14.22277991657853 14.406848523227893 15.085886757124001 15.545959323849235 15.80217257728294 15.86341541418577 16.54021760001246 16.608255573353762 17.102269559690527 17.935652883716344 18.042164573676825 18.42196734033274 18.863557227604403 19.499235581926875 
0.1428571428571429 0.5 0.1428571428571429 -15.542669429585958 -13.826158483535151 -13.357423065655288 -12.378558902574598 -8.751380254100761 -8.581723625932826 -7.139316844056632 -6.1693605730642345 -5.396476500521877 -5.127467131315473 -4.202032600271372 -3.079204303711054 -2.4330426040331896 -2.0044558983309044 -1.5925511302537032 -1.11498514774784 -0.3567177925797001 -0.18438146728297503 0.19051132704263704 1.1214229470116315 1.2359960777809171 2.15377409029944 2.4311267358231374 3.765730035403202 4.304943815895493 4.422350441795725 4.523546308003511 4.938817107520863 5.509693949337624 5.663917957426249 5.788358029214398 5.804032180338461 5.946502138252003 6.122624928150385 6.637903104695744 6.883192294002642 7.437251376779558 10.433468870708229 10.938674036323288 11.10187615506073 12.846699110186375 13.26844518754257 14.287643825660556 14.510272062765768 15.111967468916204 15.533809216960625 15.857427347879705 15.97056012026489 16.41115467016677 16.77118035482125 17.052075072013945 18.027881889759183 18.098668656161635 18.379169735609562 19.097842244327015 19.82093177128698 
0.10714285714285715 0.5 0.10714285714285715 -15.588357424675777 -13.82923119940915 -13.30522811759189 -12.239921515434458 -8.912960443900722 -8.75322305943999 -7.167061869619573 -6.139323659604435 -5.2964561437527 -4.999411154517185 -4.199981076083332 -3.1058796295013087 -2.6181865910746986 -2.001966176385167 -1.379458733625695 -0.9087406355517412 -0.34139397421376266 -0.15697321120976485 0.21471345350851023 1.0073538498770083 1.162723261475009 2.2407334011912905 2.3939812015043858 3.828278872412146 4.063871277229957 4.381828263019561 4.507041868529833 4.80725398982643 5.552598594210352 5.690461955310642 5.7844247552365315 5.839442472525553 5.953589668321506 6.0056986919919595 6.600781469388627 6.911366247528219 7.4796739805691566 10.548600467536573 10.979050486963557 11.153682584943788 12.794100741469938 13.206017488542551 14.367750286914353 14.623905148618947 15.144118455149352 15.528073387066229 15.918650340487234 16.087191884045023 16.194677006679065 16.962478221942707 16.98060379733975 17.981192534721675 18.11865586786994 18.217762806633594 19.301875797285174 20.152758668830202 
0.07142857142857145 0.5 0.07142857142857145 -15.621392267986895 -13.831824780228287 -13.264516267269931 -12.131027964451594 -9.03740726376905 -8.883476138293453 -7.18738023610434 -6.11665697522817 -5.2202677220936 -4.893062197133539 -4.199917688614062 -3.1299639223854268 -2.7676697967113024 -2.012655179561355 -1.225629709882617 -0.729061674721884 -0.3243466014198517 -0.1045500857525498 0.2497049721610818 0.7894039309373878 1.1864824930813482 2.3175150442290606 2.3420758761069695 3.873568915346405 3.8837500386104318 4.308400008915604 4.568280166939916 4.6981708440779535 5.475931336176035 5.737816891191768 5.738755890421367 5.7778042395867395 6.011427783327581 6.050024248002655 6.554039144204123 6.937344920699304 7.512708983447565 10.640181670746196 10.999931762014981 11.179509626779824 12.754359977898506 13.160584696533371 14.441567515772395 14.736582610918527 15.175733387229243 15.527034856380823 15.97190896764168 15.988526979904158 16.20841215887007 16.8804931939986 17.133519433794632 17.901483987347067 17.913285934801912 18.23760427524996 19.440553407241815 20.33179145527092 
0.035714285714285754 0.5 0.035714285714285754 -15.641172027721383 -13.833322146391923 -13.238272959301595 -12.059580390798313 -9.115887684941994 -8.963995085513892 -7.19925609676904 -6.101854465264004 -5.171400111980756 -4.8200947308842625 -4.1996569975304965 -3.146381530759878 -2.8657119863368616 -2.0197955062962256 -1.1334490489745985 -0.6027198144860432 -0.3111933264526224 -0.03696212546472934 0.28655733181949483 0.6139159159826447 1.200333095164555 2.2946572623376142 2.3721170310678508 3.7762352711700977 3.8877797810312713 4.292190825439786 4.605630871670264 4.640603770851896 5.415345707454653 5.615830464653722 5.70994572856992 5.832198161037299 6.048267844109028 6.146267697798936 6.506989167941693 6.955968479931778 7.536261680548329 10.702763141862164 11.010679472996909 11.195095976497997 12.729996964059769 13.133824666096519 14.495437956255666 14.830394275404231 15.203798113532983 15.536515471546819 15.824996488730907 16.01359015256831 16.316630149108263 16.801179411073555 17.26561332686409 17.705754373525885 17.84305480285378 18.28058652401145 19.522803391844857 20.407442510496768 
0.0 0.5 0.0 -15.647892846723353 -13.833936402357791 -13.22938314397018 -12.03509360386821 -9.143552336955146 -8.991400556463807 -7.203932745815777 -6.096904702900316 -5.155005990997237 -4.794550939311788 -4.200030833102516 -3.152363160627228 -2.900817280536395 -2.022830244877598 -1.105063540592261 -0.5570680800406398 -0.3071374339385599 -0.0018524763987572334 0.3034638482807323 0.5367890000324943 1.2026951017660032 2.2745373967321165 2.3911017619169748 3.740101547056914 3.8855407474530925 4.296974608893699 4.579077937120035 4.6592210549354425 5.392897330678955 5.564906100382844 5.698477500222311 5.851036456231916 6.061980926282273 6.186274031910835 6.482335717409863 6.9622845757641985 7.543346537420127 10.72404800062901 11.012153531308922 11.1991677782966 12.72092155361391 13.124265843946242 14.513747390281237 14.867761255056362 15.211655244336418 15.545332012319626 15.75447073926951 16.02634385059802 16.365295074582676 16.76281166488428 17.33593464171449 17.601581245970696 17.82121429209127 18.296339496760073 19.545662301309115 20.427822484201904 
