 4.29456417  4.29456417  4.29456417 90.         90.         90.        
C  2.14728209 2.14728209 2.14728209
C  0.         1.38338487 1.38317312
C  0.         2.9111793  1.38317312
C  0.         1.38338487 2.91139106
C  0.         2.9111793  2.91139106
C  1.38317312 0.         1.38338487
C  1.38317312 0.         2.9111793 
C  2.91139106 0.         1.38338487
C  2.91139106 0.         2.9111793 
C  1.38338487 1.38317312 0.        
C  2.9111793  1.38317312 0.        
C  1.38338487 2.91139106 0.        
C  2.9111793  2.91139106 0.        
-88.79685931
52 bands 
kx ky kz  bandenergy1 bandenergy2 bandenergy3 bandenergy4 bandenergy5 bandenergy6 bandenergy7 bandenergy8 bandenergy9 bandenergy10 bandenergy11 bandenergy12 bandenergy13 bandenergy14 bandenergy15 bandenergy16 bandenergy17 bandenergy18 bandenergy19 bandenergy20 bandenergy21 bandenergy22 bandenergy23 bandenergy24 bandenergy25 bandenergy26 bandenergy27 bandenergy28 bandenergy29 bandenergy30 bandenergy31 bandenergy32 bandenergy33 bandenergy34 bandenergy35 bandenergy36 bandenergy37 bandenergy38 bandenergy39 bandenergy40 bandenergy41 bandenergy42 bandenergy43 bandenergy44 bandenergy45 bandenergy46 bandenergy47 bandenergy48 bandenergy49 bandenergy50 bandenergy51 bandenergy52
0.0 0.0 0.0 -10.019972695154483 -5.663752663350087 -5.6637526633500626 -2.7894674204018846 -2.7894674204018806 -2.7894674204018797 -0.05545564323343997 1.3873933234673437 1.387393323467389 1.3873933234674003 1.7516911473367924 1.7516911473367989 3.7816591759639127 3.7954228343235723 3.7954228343236047 3.795422834324773 6.091239350848759 6.091239350848775 6.09123935084878 7.655386597393797 7.655386597393842 7.655386597393866 8.98520518799948 11.286885295197477 11.805460988701046 11.805460988701084 11.805460989118693 14.343042411580498 14.343042411580502 14.343042411580575 14.629141551958 14.629141551958021 16.908303304177796 16.90830330417781 16.908303304177856 16.924906155997643 16.9249061559977 16.924906155997714 20.301106991006954 20.63044384492329 20.630443844923388 20.6304438449234 21.14413701873756 21.144137018737574 23.842861122126124 23.842861122126184 23.84286112212622 24.116917012146555 24.116917012146615 24.116917012339172 27.491258740852228 27.49125874085339 
0.0 0.0625 0.0 -9.996287624264385 -5.767293526155039 -5.649298727086556 -2.7644220596049482 -2.764419787664858 -2.7300495152575546 0.038650969913630984 0.8954143760055576 1.3001455469350194 1.300164184789111 1.7383387900848124 2.2893323350516233 3.700992822807316 3.801116916654137 3.801223133693678 3.8225445102745534 6.131265337220941 6.192713220159447 6.192858017212051 7.615921888574484 7.615974079064898 7.744884078955419 8.810674271145517 11.230830993240824 11.899780359961973 11.899817156245843 12.01903701848075 13.798276323545416 14.366245335697183 14.366262648710503 14.620650699573508 14.97949926871831 16.76899482900707 16.769025053599204 16.91163910174058 16.928696545482495 16.947003710678583 16.94715632103678 20.37026666959906 20.62803731773007 20.628038350699434 20.660990400484074 21.058260254203987 21.075868764020086 23.686024968163508 23.686579847593208 23.804073496870096 24.209454420528022 24.284658987898847 24.285170518455224 27.445151055766125 27.445176832582128 
0.0 0.125 0.0 -9.92604665748481 -6.044954481175796 -5.609174309828388 -2.6933284463003875 -2.6933196882578767 -2.5868454866164243 0.30159888956192143 0.30535922260171444 1.0573777655095624 1.057429457469798 1.683099407032034 2.9995030277699106 3.5179002908162067 3.8232721061823467 3.823613985367697 3.898632602881594 6.181403758400945 6.405711172801973 6.406238715993793 7.564304444583052 7.564509287987679 8.0170846952065 8.389434430670411 11.037961327351972 12.144314339700465 12.144464894440313 12.537421486190786 12.983703618330242 14.402977793435364 14.4030377917265 14.593977725126933 15.186823064815162 16.47355091991108 16.473645407295983 16.84936869853652 16.858943333653922 16.85932307758386 16.983558304101983 20.51669413014515 20.618423590163943 20.618483420683955 20.80771676545253 20.827301076625837 20.870150747716718 23.403895644966585 23.405213346516373 23.664616386223464 24.419509275179077 24.515277593572716 24.516391723315145 27.314709408625305 27.31478414421746 
0.0 0.1875 0.0 -9.80944777935402 -6.424229516979601 -5.545197906530988 -2.574513029183087 -2.574491489947935 -2.4065182951518427 -0.23517376661514716 0.6922134740208525 0.709880544170764 0.7099449652895683 1.5856787855422005 3.3448394135447623 3.7533792802523718 3.888475564625789 3.8890781622190245 4.024171497599006 6.165609121323955 6.478285888996032 6.479119789825727 7.730337696863454 7.730562699507488 7.874981332467932 8.48957970249594 10.739853973899821 12.09167475427707 12.492155234919114 12.492531039957152 13.216136250734136 14.46257539650858 14.462677871055709 14.557635317220269 15.128728756128636 16.069978999218698 16.070331130802625 16.70177332336892 16.702417252890527 16.772650033881952 17.06075786195222 20.514871583146654 20.534592903810516 20.603598555865048 20.60390366169503 20.622996216387836 21.177143458895582 23.09766111657282 23.09991723957123 23.4887511731811 24.69981039506147 24.729644442322467 24.73137892700249 27.17069663604372 27.170780895455522 
0.0 0.25 0.0 -9.647844258603577 -6.848644393327007 -5.462644126950651 -2.409231218446705 -2.409190677613181 -2.220391038003766 -0.7110086754186751 0.30682724795232164 0.3068830995944581 1.076777312942708 1.515618018743501 3.2674576450226844 3.9995623797140816 4.00042936885274 4.2010690549924785 4.534152139520514 6.07110940940746 6.300068470959242 6.300978985691681 7.338957373294214 8.206430328510761 8.206485954417586 9.102133744514651 10.335339104952977 11.185213761857495 12.865188835780097 12.8659925348555 13.966294199517131 14.529226739562624 14.536052148395985 14.536084550404913 14.834284513083228 15.606191711418694 15.606903707273082 16.489526332366452 16.490421906498042 16.689630271293115 17.184151769872223 20.088484976429125 20.17004116746417 20.582205943943006 20.583116157997367 20.705699752054716 21.7202259559096 22.7821391011692 22.785601500578725 23.318187645000414 24.912169019206846 24.914544243451996 24.98705172364596 27.056244442301875 27.056278766768855 
0.0 0.3125 0.0 -9.443309703566484 -7.281574936924333 -5.373221715317648 -2.198395993028664 -2.1983247917078206 -2.046022724754255 -1.1093221891768499 -0.11614147090613415 -0.1161202283366198 1.0656098444687856 1.7905136927555447 3.334046757054947 4.151944839334017 4.153118699752725 4.426478816125873 5.323564361975095 5.925948559465071 6.012681909267311 6.0137358811151245 6.817598888056561 8.822751679771724 8.8231277078118 9.754120672452807 9.8184885877755 10.373340624668558 13.159487183474596 13.16100939050806 14.34471176892679 14.494102131811111 14.61006156429732 14.610621076929457 14.751541064394896 15.182295425028597 15.183153427212817 16.22636961122333 16.22749720552485 16.609844718190278 17.330415361008654 19.54648190814572 19.831438943330276 20.557493861083767 20.559440020014964 20.777435110663 22.372843330136067 22.472616414774773 22.477561276160593 23.162096085475344 25.049574198111333 25.052549288219556 25.253242176331987 26.98154846177834 26.98167021288786 
0.0 0.375 0.0 -9.200745064210375 -7.697618325761248 -5.290227858704712 -1.9437241523777926 -1.9435970332824786 -1.8953996010813927 -1.4142249514121292 -0.5350534153717054 -0.5350124145928393 0.8833185219977067 2.1210298699104566 3.567674578981816 4.3336298514544795 4.3352519398713865 4.696692050639881 5.7051564308660465 5.706557112421243 5.752293138327227 6.115181519841106 6.32858217947165 9.216217909611462 9.454235957338899 9.454935965375087 9.49005311512458 10.65601116864377 13.202815540946638 13.204856453191466 13.720424530318727 14.469982643660732 14.7047677807776 14.706872293135747 14.968569291731598 14.968663872194766 15.529680091494683 15.931375536917775 15.932682913717892 16.54751023578187 17.48089850222617 18.920267722318933 19.53053953903115 20.53180835969549 20.535109601689445 20.838955716310235 22.210181892041735 22.216748702971703 23.048406561200476 25.1322001289966 25.13568850944085 25.464216137357614 26.941083486723738 26.94141663044819 27.64351607294507 
0.0 0.4375 0.0 -8.939012510162296 -8.067690309648237 -5.229341007142202 -1.7891652693154148 -1.6475607874960312 -1.6472951689246393 -1.6078523424074807 -0.9334106985092369 -0.9332232661246391 0.7381807669728992 2.305083530527889 3.8898028816046444 4.518645904467661 4.521027729636987 5.001303657020383 5.439661928449608 5.441768554246158 5.576785457857474 5.891739406866625 6.879024834279864 8.563380092133615 8.977948428233265 9.989580194202135 9.990607377224576 11.431625180351142 12.97992741120432 12.981596200850808 12.996356157190904 14.459622180873502 14.856207626348946 14.858026919064205 15.007438640694847 15.0074635688624 15.616966621827808 15.618319524359736 16.24970705018398 16.50844610880309 17.610305072401758 18.31278208922965 19.314986225723082 20.502515718195696 20.50707616663542 20.873451113669024 22.030898028677246 22.0388531012178 22.98028105417671 25.19606654809501 25.199850892680377 25.599949776883893 26.92958468675122 26.930031270613526 27.66437778226895 
0.0 0.5 0.0 -8.771429051157545 -8.270190124463308 -5.2071561061705625 -1.7498492740796403 -1.6741898691443553 -1.3550533909104103 -1.353157008750101 -1.2609129550890117 -1.2590945885694833 0.6830551389951994 2.360141300188607 4.056399511387761 4.614747984248516 4.617840629745184 5.221952872971624 5.315641643223383 5.318443233005933 5.489817092130355 5.626860401865386 7.384242746915492 8.0949329347658 8.78511080243858 10.218791543612792 10.219998055408697 12.211425949886662 12.242495441694448 12.831121290240711 12.83248538074931 14.45712571203409 14.89390121026667 14.894264645052937 15.243254283356336 15.245317177999567 15.340567049163198 15.341179655732404 16.495667790115736 16.646426687853268 17.665585686464194 17.964244960530213 19.2327574783384 20.496732194935532 20.501807973558872 20.890173134067165 21.975090347671575 21.983586408209142 22.96045292154954 25.216795637319766 25.220691865627167 25.66296285832518 26.93185263835089 26.93235100501253 27.67878916758629 
0.0625 0.5 0.0 -8.749671733668098 -8.251823236116914 -5.26273671835391 -2.2144955389089347 -1.7020661496464993 -1.4036409779702332 -1.3348269209861132 -1.2409247681181437 -0.7194210221673771 0.8401619112853681 2.2727899080002825 4.006726457773415 4.2386048567853605 4.396685836409471 4.786476702588988 5.479629849510359 5.6224977044243385 5.690738456094559 6.165059002761837 7.350662981309905 8.061577102800067 8.83517609452926 10.216540264530376 10.259141456152653 12.031473575582272 12.217698273731768 12.85831154718172 13.042402641443267 14.2039996037562 14.902463225339549 14.964477507535554 15.13951716648081 15.157612046136274 15.256072459691199 15.370570589182968 16.409585663467997 16.687272645627726 17.59312086118949 18.00637507192427 19.148745887727195 20.250231654123226 20.553019866427256 21.24521815398835 21.936363965807406 21.997563511436514 22.859558187279465 24.055374059115092 25.190272823963397 25.322442354691177 25.703281424494655 26.73652766168063 27.86888955745898 
0.125 0.5 0.0 -8.682524398884018 -8.195016841782559 -5.422823920515065 -2.8456106021175898 -1.6657509544432778 -1.4986336535961997 -1.2736056353122711 -1.186643571252102 0.02427754726277284 1.2435102041777686 2.0355437399365943 3.689205451591505 3.95837292460295 3.9942193821514014 4.153090816842952 5.816697963346093 6.0464359969359736 6.230993847154198 6.8170457996077936 7.292833273855569 7.962051556849516 8.986374566817174 10.207133786525654 10.385163569428677 11.69753799021303 12.22752081822883 12.941519822389507 13.374277334428076 13.721613969142812 14.876502545625021 14.896949623968716 14.924695543546301 14.938482800559768 15.04897838986715 15.474441603681223 16.219785951992705 16.772914670240752 17.382714395444225 18.10783983427365 18.922973676828676 20.02129024458191 20.715780339674012 21.765062472168374 21.829188450228276 22.065301085636854 22.634675572345007 23.931689827121268 25.100684456226894 25.583873440376305 25.824921426673917 26.389908262833163 28.218947657820703 
0.1875 0.5 0.0 -8.571134253712389 -8.10325902908525 -5.669422993974475 -3.437508328557324 -1.6068728108653845 -1.5643594063363324 -1.1737157144922572 -1.0979633082854166 0.8012874262943811 1.584311547014877 1.917068014426866 3.1606243760248374 3.553304289337962 3.5786172418303934 3.997341189747389 6.054762206806306 6.365794653050927 6.859514943733934 7.361774145484121 7.433304484495436 7.803296327691122 9.236987760573548 10.172386678138356 10.612827542666905 11.400012075719202 12.186885186108215 13.083620445770531 13.200354524938673 13.644452923814724 14.463278072391306 14.538601146173276 14.741128199309445 14.763840683722371 14.99590883301217 15.616697922011527 16.048330509181213 16.802172108536112 17.056588938790625 18.20134619795745 18.63158870246372 19.89571080906445 20.977001616032123 21.700764518009795 22.045200485673934 22.185722640925732 22.598532473237142 23.78071532389488 24.9644766817898 25.86358926834968 25.9140838635103 26.179114820474755 28.5813750168032 
0.25 0.5 0.0 -8.416886411179375 -7.98261541359752 -5.976786345883362 -3.972628683963208 -1.5699552635814402 -1.5325448458647284 -1.0414794724556615 -0.9807425581629505 1.2578831215476274 1.5861572150246117 2.512363208978972 2.6741338921125104 3.0056040984391816 3.2054371136568798 4.129306362277503 6.0041313688868305 6.546136079449371 7.46483687859522 7.633485186180537 7.674544564418081 7.9702398181661565 9.568209448353773 10.093189373693406 10.952131103749151 11.177606534619796 12.041303665398328 12.769545657311713 13.28309084186298 13.768560792210497 13.921792264298608 14.17660288369406 14.446926774913353 14.475742143161838 15.05004179119714 15.775709007901986 15.977498312014204 16.631639834247977 16.68513897986755 18.250714731051147 18.368695755907247 19.846989163743906 21.31946913247103 21.59602946735351 21.857533588755906 22.351176361880675 22.97532450143009 23.588758430695474 24.7576929583567 25.629201245458635 26.248467877517 26.314489391882944 28.9147453654857 
0.3125 0.5 0.0 -8.221860983587078 -7.843852382243477 -6.31933335231264 -4.435604005815669 -1.5185741845380745 -1.4527951057345725 -0.8882843603903655 -0.8454072795796835 0.8896106971571215 2.246997477492663 2.3093843052295004 2.524369229975734 2.9555680453837083 3.17271589956337 4.352983732814801 5.76302062422865 6.460175402815775 7.559945487881961 8.023694140486981 8.030647141834894 8.392818397214219 9.948553049937292 9.996407015294384 11.045541779448902 11.398714817002695 11.836439031712336 12.46135481498386 13.328227104884238 13.539452064760743 13.758630673108303 13.829413106231971 14.109164744925195 14.182475088601189 15.094947747281957 15.940574106324023 16.023513801659274 16.121879839030676 16.37935220712334 18.213010919486134 18.238010915294815 19.83123313354694 21.523163869214372 21.64990539644689 21.725087371068096 22.535009291396314 23.22668366829352 23.487481608049634 24.462968970945973 25.410938981352377 26.49521845947464 26.53180598528687 29.196055633600576 
0.375 0.5 0.0 -7.990497884666018 -7.706273095715078 -6.670430981405046 -4.807539759790508 -1.431955783218184 -1.3793780321550864 -0.734564935345117 -0.710266314651056 0.5679946047673864 1.900747487149235 2.133732793847719 2.4754550991632787 3.3260803144934865 3.775563118358889 4.666039445672874 5.459972697872177 6.08514327220688 7.610891284516572 8.108032288090783 8.489526222126374 8.68552040209284 10.085077767671887 10.324152903327619 10.99625820153513 11.681830201467491 11.904947368504875 12.174323523521835 12.816735360089499 13.51206231277745 13.61589580592924 13.74601681886768 13.85935976309474 14.001948881212266 15.052848133954559 15.641868495303072 15.947727262331217 16.089010217373012 16.11411483926308 18.148679720075574 18.186289633139747 19.809447243152956 21.4928445851522 21.527161582895992 22.15319051910661 22.698305165398178 23.056525778530638 23.69336039868926 24.086479208602444 25.264999518952944 26.639206151906507 26.750045848950357 29.410292265799942 
0.4375 0.5 0.0 -7.735813527122548 -7.5987954767229615 -7.003367371963747 -5.055947995361317 -1.3447777943152515 -1.3276433898754367 -0.6123611567213795 -0.6032242356639032 0.33888862067229136 1.6672176671182413 1.8670698884154115 2.3534244724204685 4.040080761415876 4.253467743754606 4.930971877025134 5.240677927550671 5.545620977183202 7.679759225168958 7.873442742526629 8.80648503545566 8.857033884718206 10.451099258412007 10.621294375817783 11.002050333562536 11.5405970464575 11.888587436796561 12.360675297532325 12.446464625157061 13.298456343057904 13.457735452297738 13.480137087896066 13.975600333108671 14.189158144200041 14.722453930246752 15.42921897677143 15.508173117052873 16.191747129498626 16.19848126134552 18.131630920431924 18.140395744504115 19.790170819023874 21.486203173176236 21.486928688431206 22.587286573248537 22.812104656763417 22.882857047830015 23.67416612463151 23.84772793802472 25.185949044900543 26.73716739957064 26.88369644171398 29.549907620334032 
0.5 0.5 0.0 -7.55688994937976 -7.556802338156746 -7.2091001265447545 -5.144763044243183 -1.3095075399556004 -1.306735374190658 -0.5643750584408606 -0.5616670085787714 0.2538511731270868 1.58285671638027 1.770748027636694 2.3034044185841367 4.538491075881784 4.5397707648044925 4.790310001264685 5.101431456694935 5.3277350902126095 7.707326780987305 7.710601320909826 8.91104133478628 8.91464807094749 10.746756541141478 10.748469744443373 11.008987977111792 11.364952591218993 11.77774875633161 12.304680975865521 12.553681293657064 13.219057060004033 13.38575861256297 13.386446029353618 14.114680491820218 14.380891280784946 14.382859661319921 15.27132341787108 15.403355334582333 16.229330423651536 16.231346089988314 18.121889331194335 18.1250495629456 19.780177815192946 21.481016551384613 21.489086657436026 22.813074539635593 22.85560487207713 22.861255728016552 23.406657418073532 23.8920480445008 25.159398658423022 26.767409059960467 26.926721900992806 29.598011587140746 
0.46153846153846156 0.46153846153846156 0.0 -7.738781539159215 -7.539990671478376 -7.056212478854684 -5.076745626088145 -1.3622434542923556 -1.2967400571665832 -0.6465447644757584 -0.5463430516810167 0.3172800318648267 1.634327796796011 1.8544597838442232 2.3420283381682396 4.048015626770534 4.504515816894663 4.790168615306444 5.205266718295604 5.521784959346614 7.765501656704201 7.769017245902911 8.814350223132793 8.891074129132992 10.543532527039687 10.626930807357587 10.960684260038386 11.542942246103772 11.865874363585403 12.402134088518206 12.414231795383882 13.271224477197993 13.368265276955912 13.525751703422346 13.950722389167591 14.334057205561118 14.602264238029688 15.390381489809727 15.489243572938147 16.158277606052238 16.248690757802756 18.10891284357185 18.151754894630475 19.786107431481003 21.465466757701787 21.505531376723294 22.604576784220487 22.863341024986504 22.86449482774771 23.61212338806972 23.856883311439525 25.17799589621881 26.741881128162674 26.891847995490792 29.560661764493034 
0.4230769230769231 0.4230769230769231 0.0 -8.036126197735907 -7.489596438483136 -6.840657479790211 -4.879129285927398 -1.4951862733145387 -1.2635086207326789 -0.855439207070682 -0.4966718020289602 0.4828215600943919 1.7187811607227101 2.1355696367111676 2.45651974139057 3.3800673124322875 4.390019173717912 4.643025924206559 4.907107304717995 6.122309352826221 7.857436190172824 7.930086821029613 8.520899757051048 8.83066793662236 10.2642518324589 10.412932791769498 10.715406725893878 11.774239242779622 12.010428791522466 12.161173951861429 12.72374344041206 13.29840614288628 13.339886948997005 13.854460723519647 13.882486310766843 14.300531861300282 14.942032092025208 15.411103043183033 15.911199772995595 15.954617033070486 16.302500279026415 18.091524236639284 18.2361917591805 19.80288260274843 21.45527733484968 21.563236269276505 22.18116508988739 22.885578375861122 22.982640769116674 23.750586606464484 23.92863526886245 25.24172320979378 26.672807370834356 26.7942988208407 29.45455434280719 
0.3846153846153846 0.3846153846153846 0.0 -8.343892062253987 -7.406098366183738 -6.652288227967825 -4.5749708943623615 -1.6567667424864034 -1.2144158574568915 -1.122680465400938 -0.41420847303057934 0.7021255673386974 1.8181396236472624 2.5603134905684404 2.6375310392502964 2.7125184079034788 4.140222746361098 4.42623426551304 4.589313134523587 6.654397653206941 7.835878350041355 8.097452752013188 8.170322607986039 8.73199446511317 10.094019046323135 10.129905136956907 10.513009238606957 11.4838929654505 11.860611354169214 12.583427696093054 13.137079632596345 13.14871032145635 13.397098466538752 14.11251368877816 14.237490331287937 14.32053179889605 15.298167847165624 15.441249160835001 15.645106863245868 16.34886344237713 16.386566753907346 18.07458110255894 18.379030210903167 19.809030233549333 21.501292240278417 21.659063852722714 21.737329713950462 22.921840782348657 23.093339049245998 23.56248183686522 24.186589628692065 25.345459416692776 26.55085419070373 26.638732117452587 29.28857370562732 
0.34615384615384615 0.34615384615384615 0.0 -8.64041936415048 -7.290901922218717 -6.489986061605992 -4.199941078717212 -1.8008439115758892 -1.4036271441704133 -1.1575320511225988 -0.30043630626539436 0.9411394224207311 1.946279230075082 2.0734972212808747 2.8606654071160538 3.068291106077176 3.7290774762897447 4.171326205398396 4.377208679803452 7.0354382955263315 7.597923747740367 7.622821676312912 8.484310207442487 8.605611696730435 9.656548744538645 10.19449823452799 10.519015010581846 10.900643824398388 11.74619850038846 12.912957231290083 13.072248910167703 13.522023799825876 13.697907329008366 14.358588328810642 14.465471994868615 14.606768324003827 15.272433465884248 15.50081237601746 15.64473974040518 16.49493273971208 16.62051061061931 18.151338675253065 18.583161627883985 19.805543949660883 21.3455357480996 21.63492061801868 21.781055697959484 22.956983348850855 23.11950382759241 23.30565478801027 24.365760995171602 25.49864850348387 26.38031370554889 26.43355710748374 29.070288983697193 
0.3076923076923077 0.3076923076923077 0.0 -8.917235005012829 -7.145027204498082 -6.344338130299204 -3.8000042119747923 -1.8838935706405 -1.6752287333768123 -1.1113757455899853 -0.15516223432504178 1.1802879062598417 1.4929873100070792 2.105779815017863 3.016008665905054 3.321049308351019 3.6303338388715924 3.897234440971939 4.252799781603036 7.062083704006191 7.210119145823878 7.267117424861865 8.457657041218827 8.836329178893894 9.253224345986307 10.309498252067563 10.328062615767964 10.693773136283605 11.53988756357295 12.691713007591865 13.600137680707064 13.832690461338512 14.120565709579303 14.37872375430475 14.848729035861343 14.932408346913762 14.933206972639551 15.596082233481463 15.964296621136818 16.570383429626194 16.614421595585288 18.438602626284915 18.85495784102691 19.804999843874818 21.028503669595956 21.847860959011662 21.912380330228515 22.988143334438387 23.00166544147529 23.03246278774666 24.469454592682347 25.703674350219142 26.178359989537064 26.18923066847451 28.82531202002063 
0.2692307692307692 0.2692307692307692 0.0 -9.167444906870326 -6.969613589449225 -6.2081434698735976 -3.4389819214547357 -1.9258506033468332 -1.8488650296765696 -1.111697808452457 0.019397832315303103 1.0123203150921296 1.3871602301010382 2.296604468843787 2.710017797307312 3.3291462513933103 3.6143475050163025 4.227914731839266 4.2353545861184285 6.515943495953832 6.856946599764499 7.203127613257308 8.292790538531655 8.7255183197525 9.412936307687367 9.742796322728317 10.237625301586124 11.005502908665596 11.520669404915562 12.490695915381414 14.098670405127688 14.142167994819374 14.213391473276898 14.36429968745065 14.985487702233552 15.208026912638624 15.231404035333725 15.678083987162228 16.247311920916474 16.300292860258512 16.737830654293845 18.870498814919966 19.18973505489349 19.839747946683424 20.82131478980525 21.98908145560896 22.118768678859606 22.677742399126153 22.8016827681003 23.05378609966947 24.50542463176346 25.917772905471406 25.944917259287067 25.951056718367504 28.572794707349935 
0.23076923076923073 0.23076923076923073 0.0 -9.388901029845396 -6.768464739085189 -6.079632901895795 -3.1868306872740386 -2.149028676784433 -1.632309378208734 -1.2166087166916035 0.22089005027625852 0.6943684244038478 1.4557626081815407 2.4245932285558407 2.516158450192086 3.328870136128435 3.3354316164613302 4.339962624314138 4.844873624954671 5.972721234626118 6.473830619478837 7.0666675982357186 8.090590478627496 8.40517272987868 9.244902183479226 9.821402938307068 9.842973254153211 11.414069908757691 11.786579016064149 12.31280005855246 13.815974772250678 14.307616390165709 14.459602407745912 14.669570482274352 15.404039543698682 15.428525513521622 15.460126526629148 15.58971661412895 16.19278500888279 16.482301884637355 16.8455637459702 19.349969011698914 19.56389119790813 19.911800142649838 20.701501218001134 21.891145498648672 22.229288267770862 22.42904278816289 22.75247229744409 23.118544098008343 24.498174772067184 25.630619798969875 25.69464295614352 26.216898342842804 26.50060233839004 
0.1923076923076923 0.1923076923076923 0.0 -9.579442990875553 -6.547784491363768 -5.962206994820377 -3.051694075420431 -2.3417298513222495 -1.4604172916755318 -1.2336337077089106 0.44413266352852776 0.5793797393798285 1.2373258313425741 2.454654176772224 2.759994566865944 3.042707179620749 3.2441298895963544 4.441537086307728 5.4480027093037435 5.457002591377208 6.208006755935496 6.855319733064049 7.839380876343402 8.145149577134479 8.85924764583931 9.25599994421499 10.252773467368902 11.890345793964359 12.139866597474427 12.160001119894915 13.472079997800744 14.15750061705851 14.687169772784065 14.971476922710178 15.116663100890875 15.630412442355844 15.83728324078404 15.917333333135844 16.325456585796115 16.66616164478684 16.92361593595742 19.81756782490528 19.954539941347576 20.016544541315657 20.642357209652076 21.620046507669866 21.745118199353676 22.754373663411663 22.879229528120593 23.191856697396048 24.447370516614438 25.333703677230677 25.420169558213875 26.495590993844832 26.60058914678265 
0.15384615384615385 0.15384615384615385 0.0 -9.73682940212319 -6.31425346626978 -5.859502416883629 -2.976127528164006 -2.5017029906472135 -1.8007357875121797 -0.7204212457373845 0.6335107481481668 0.6838423557798887 0.8726606945031332 2.6597958863762554 2.754965698273245 3.020890063583856 3.1222810268404624 4.3879410502882 4.957464237814448 6.011185258585976 6.144119207016748 6.624046022056815 7.562071561675275 7.955875123593992 8.628307222736094 8.670941116824201 10.605189632966884 12.035570910110925 12.36717612279906 12.412136199281571 13.304915518135886 13.772369168227122 14.608815045261515 14.83238655699611 15.345912687513248 15.921530857529545 16.210457550660106 16.216905402911497 16.50005290405513 16.80459285008437 16.97097268677035 20.15725269467029 20.24507382141977 20.332150786280973 20.622586084573772 21.285422030380026 21.309654864825035 23.074029718033692 23.07912606788329 23.281901495530775 24.368286126509147 25.042808042207422 25.135008800440442 26.69826684181144 26.772956599732176 
0.11538461538461536 0.11538461538461536 0.0 -9.860190416458845 -6.0818028855617525 -5.775610737153029 -2.914486381157154 -2.626926288400203 -2.1626946385036616 -0.15431161883850955 0.5137304883040765 0.7899815114585653 0.9272061180538599 2.4677125972602454 2.713382183594512 3.1604613418977654 3.2869473470714285 4.192601013191859 4.514817920553869 6.220566409265666 6.360520791546613 6.407619263474717 7.398574548277887 7.8189549079243506 8.152229914080015 8.55251739488015 10.889919554793748 11.936500514256927 12.279458657965069 12.954326178132886 13.16450699693926 13.483108842455398 14.46094690194755 14.894070028084784 15.340779487448318 16.279239869267627 16.461416359822874 16.52227556279904 16.66364354913117 16.89941880418965 16.989226521274386 20.307418500266863 20.59324834604552 20.638828638082742 20.66619337820156 20.896499034334234 21.02994034195325 23.299698275399884 23.375276916168882 23.396398979652748 24.283858528119648 24.762389930413445 24.842820973080713 26.655983311556405 27.040092504043137 
0.07692307692307687 0.07692307692307687 0.0 -9.948676565714873 -5.872493803136657 -5.713843690175102 -2.8550580824549034 -2.7163051647157226 -2.482031240179375 0.21062269851406504 0.43294880690324283 1.0030400086496098 1.1523336631608754 2.1839627468891565 2.4665223487924326 3.428563911439656 3.5347938486035915 3.981860033502861 4.146761827587449 6.237724456176959 6.2505392890551645 6.333651346464926 7.495236023240792 7.726527393709749 7.804695685762365 8.645403513014259 11.100420922470542 11.86542706811741 12.058629705638044 12.532118476155375 13.49370203661526 13.825137208463506 14.394423444091549 14.861618631034844 15.180978717292872 16.584378537867558 16.6631344335814 16.744427094207392 16.79322920399227 16.950312346269726 16.987956197743234 20.415151074793226 20.62274098633747 20.631836804933062 20.81237558911131 20.898783125749528 20.92424748765833 23.518873641397967 23.544446647187307 23.626238713478685 24.207673662207768 24.500789921789544 24.55571944997525 26.64941228920284 27.27322245409977 
0.038461538461538436 0.038461538461538436 0.0 -10.001944221731623 -5.71986270631522 -5.675679802416939 -2.806900464296173 -2.7701904655467677 -2.7061436215127963 0.016710884447519777 0.9937221256642966 1.2375394831428779 1.3227295792911005 1.9163166883681269 2.08966789405542 3.6809652132926485 3.724171081914193 3.8412694866582227 3.891549865675185 6.129207956108979 6.159622922126211 6.1683521439634275 7.619387927843416 7.674969963570512 7.676694904457602 8.861674151522902 11.244993521487567 11.823779011965195 11.878015919462877 12.02010196071604 14.003395791525744 14.159927608905539 14.362884712107622 14.747403325670305 14.904755047444292 16.802875944736662 16.821018825063042 16.88122574656699 16.886425103125866 16.967785092360597 16.972781738680176 20.3530381474749 20.606655898566732 20.62884141075397 20.67697547258403 21.0815306205169 21.088758319682913 23.72540209247798 23.72692466839872 23.79654212942907 24.150037641734073 24.26683681723903 24.29004713986733 26.842338820539442 27.43667869690752 
0.0 0.0 0.0 -10.019972695154483 -5.663752663350087 -5.6637526633500626 -2.7894674204018846 -2.7894674204018806 -2.7894674204018797 -0.05545564323343997 1.3873933234673437 1.387393323467389 1.3873933234674003 1.7516911473367924 1.7516911473367989 3.7816591759639127 3.7954228343235723 3.7954228343236047 3.795422834324773 6.091239350848759 6.091239350848775 6.09123935084878 7.655386597393797 7.655386597393842 7.655386597393866 8.98520518799948 11.286885295197477 11.805460988701046 11.805460988701084 11.805460989118693 14.343042411580498 14.343042411580502 14.343042411580575 14.629141551958 14.629141551958021 16.908303304177796 16.90830330417781 16.908303304177856 16.924906155997643 16.9249061559977 16.924906155997714 20.301106991006954 20.63044384492329 20.630443844923388 20.6304438449234 21.14413701873756 21.144137018737574 23.842861122126124 23.842861122126184 23.84286112212622 24.116917012146555 24.116917012146615 24.116917012339172 27.491258740852228 27.49125874085339 
0.03125 0.03125 0.03125 -10.0020729019101 -5.697355876497907 -5.697355876497895 -2.8281701746060826 -2.7277334903135286 -2.727733490313185 0.016393105175274588 1.078193147850277 1.0781931478502813 1.403495940142287 2.0010382455335107 2.001038245533511 3.630559309075006 3.7874339743947227 3.8603476891100614 3.8603476891107533 6.143354743905288 6.143354743905302 6.167414290458884 7.655117654508908 7.658129011548873 7.658129011548915 8.866312118214186 11.245641238454828 11.841794660013134 11.841794660339309 12.033438285383879 14.093353042489662 14.093353042490804 14.310953076303997 14.842231713790603 14.842231713791923 16.815926182702942 16.837343419028233 16.83734341932869 16.923749104847083 16.923749105150137 16.995746650258255 20.352082532275574 20.59135382622306 20.660837411017244 20.660837528010557 21.08567527986824 21.085675280834383 23.718758326774488 23.766421368473207 23.76642387719999 24.189684782055256 24.18968481527822 24.324788443381223 26.778679842100782 27.499584370905968 
0.0625 0.0625 0.0625 -9.949315211443356 -5.791879503947369 -5.791879503947044 -2.9365881930750217 -2.5592488403325024 -2.559248840332134 0.20871580659195244 0.6078535671100517 0.6078535671100641 1.4490790474435342 2.294302242483671 2.294302242483733 3.237302578912568 3.779309646589268 4.031050158452197 4.031050158452751 6.222012145325818 6.2915416474937444 6.291541647493865 7.667122352286001 7.667122352286178 7.680333609009952 8.689069601747061 11.109878306315208 11.932105077881683 11.93210507817858 12.563425881395174 13.704803868109451 13.704803868127623 14.197512911987369 15.081356055123974 15.081356055168948 16.665051512412102 16.67531031043585 16.675310311387225 16.839868366574553 16.839868366906252 17.051168148344303 20.374313383837524 20.605686205749976 20.75060751636409 20.75060801728568 20.91161290697301 20.911612922383863 23.55336907508311 23.581269877900226 23.5812793694255 24.29170483627669 24.2917048539018 24.662579744720983 26.511423566026767 27.508556360483432 
0.09375 0.09375 0.09375 -9.861706923476607 -5.92454522648954 -5.924545226488784 -3.0865024967580292 -2.314999517929039 -2.314999517927995 0.13109734834104841 0.1310973483410725 0.4944865818074338 1.5261504609086072 2.535583019425222 2.535583019425246 2.7435415053579906 3.7467278717696875 4.269472519736895 4.2694725197375805 6.014419461187907 6.5104399446993275 6.510439944699778 7.715761980238479 7.715761980238593 7.754369300025215 8.746834758436625 10.896441027589796 12.060843252746759 12.06084325305916 13.15622044255045 13.31018324849164 13.310183248574017 14.081165502403717 15.239477123427525 15.23947712376931 16.437111173096646 16.437111174444624 16.47710111094462 16.682366652586943 16.682366653348904 17.10133847688925 20.17396290173895 20.62953703086652 20.62953714449499 20.872696620807385 20.900224141284184 20.900225595538704 23.37088986837094 23.370908025583102 23.439432971805918 24.38480712643542 24.384808233374233 25.05421268193852 26.52670016809593 27.53010665767922 
0.125 0.125 0.125 -9.7395836288367 -6.074835028984353 -6.0748350289830695 -3.254372649008017 -2.049719062747289 -2.049719062745148 -0.29208097690229107 -0.292080976902262 0.834713721205288 1.6344241436957543 2.2297674878713867 2.749566602264309 2.7495666022645247 3.6501668309943116 4.530298480268878 4.530298480269681 5.615480032582983 6.73352313599824 6.733523135999138 7.774232399524844 7.865601235076172 7.865601235076211 9.142381176528056 10.617427818960254 12.168649398522858 12.168649398760488 12.9885879443204 12.988587944646977 13.402698836444415 14.279723036314454 15.289524729906434 15.289524731082205 16.128681331345348 16.12868133231777 16.25108838612199 16.4760618632436 16.476061867788463 17.146361559560678 19.90133728839736 20.247596470948178 20.247596796510702 21.10267031436955 21.102673534478434 21.246577258985013 23.167546529349668 23.167568932255698 23.388036578936756 24.46304105334935 24.463047417338327 25.47869777195745 26.303847049518037 27.56839516927127 
0.15625 0.15625 0.15625 -9.583561479567434 -6.2260057231227215 -6.2260057231211094 -3.422193083362386 -1.8881088769489291 -1.8881088769464314 -0.5398400449538466 -0.5398400449537214 1.1300344881459463 1.7722779568970153 1.8016138414929188 2.9569047407115856 2.956904740711693 3.4165881603278816 4.794514845318439 4.794514845319314 5.254627528337819 6.872461125837828 6.872461125838656 7.748418592700869 8.18103414713166 8.181034147131689 9.735782466384155 10.286110662498436 12.082278408468827 12.082278408502608 12.920568043945872 12.920568044628832 13.20675783705438 14.862219623561877 15.201074660421419 15.20107466190794 15.76326320029615 15.763263200541603 16.010077638728287 16.260995325163105 16.2609953381936 17.175606146757474 19.607141941894515 19.776636978867828 19.776637458611827 21.33700723997839 21.337012821354012 21.669578364524103 23.003480071872545 23.003498755589344 23.390869475823916 24.52927832203261 24.5292949151559 25.918751289740737 25.974517239985556 27.631868164300244 
0.1875 0.1875 0.1875 -9.394468551714073 -6.367388390347943 -6.367388390345419 -3.5798587764067773 -2.0025460488230924 -2.0025460488208577 -0.44399495539188744 -0.44399495539184985 0.9692772663200327 1.8531841175205463 1.941662360541026 3.011519089596224 3.1714352222685567 3.1714352222685793 5.056292379840496 5.056292379841389 5.065754190440724 6.924556330054141 6.924556330054758 7.708886703978093 8.631564849861052 8.631564849861993 9.904619422794688 10.416519866491594 11.802921530336977 11.802921530339777 12.905767368706252 13.106591921279096 13.106591922084712 14.966321795563921 14.966321796425122 15.350747961610674 15.350747961652582 15.428289446637157 15.772567832872056 16.07827048144554 16.07827050276609 17.182475822449064 19.238663220736434 19.238663644749327 19.34744958810254 21.572301332784093 21.57230917680648 22.05829148235637 22.923515214411196 22.92352531905068 23.4623992841472 24.561061647118965 24.561089331989596 25.70944812426774 26.361992946189826 27.713620691106176 
0.21875 0.21875 0.21875 -9.174825806549396 -6.493517906707427 -6.493517906707383 -3.7223649611602494 -2.3231604901526275 -2.323160490152551 -0.07736019796289348 -0.07736019796288905 0.5154399086899965 2.034049121708092 2.141062061899502 2.6605256856619963 3.3985285527301277 3.398528552730137 5.0415509567324115 5.3182842377491655 5.3182842377491895 6.924392151893192 6.924392151893203 7.664069101489068 9.11590592604219 9.115905926042206 9.483356120859412 11.132292931021452 11.519311217140865 11.519311217140869 12.575789095511913 13.368245657845568 13.368245657845605 14.608484373131537 14.608484373131537 14.912120563265226 14.91212056326526 15.544949238576699 15.829188793520835 15.931680966137243 15.931680966137282 17.164444678072616 18.648139690973228 18.64813969097323 19.197769244305878 21.759265967427602 21.75926596742761 22.290221079629436 22.933184523925497 22.93318452392555 23.587559120426285 24.57977918946636 24.57977918946637 26.790249255765158 27.820824713788056 27.82082471379209 
0.25 0.25 0.25 -8.924657770953877 -6.600277716857338 -6.600277716857319 -3.8470742800788567 -2.701438125640447 -2.701438125640351 0.04478552789846814 0.4088954682660717 0.40889546826611745 1.597894105923425 2.3698327178482437 2.913263671230652 3.6378262957852554 3.6378262957852825 5.12576175453515 5.586698201955036 5.58669820195506 6.902273473321551 6.902273473321569 7.625156286182024 9.024864133625675 9.502568574308276 9.502568574308281 11.353149178206337 11.353149178206355 11.842775995264425 12.25434312977841 13.566039816446528 13.566039816446542 14.20627816341762 14.20627816341762 14.526104391739885 14.52610439173989 15.33513416487718 15.78992996899311 15.789929968993125 15.981302929098547 17.11744097241861 18.038704779558763 18.03870477955877 19.238856760083497 21.866852041950576 21.86685204195061 22.256961083086882 23.041071808271475 23.04107180827162 23.759186796791983 24.59143603438828 24.591436034388316 27.178712896735185 27.947486957824655 27.94748695782989 
0.28125 0.28125 0.28125 -8.647398456427107 -6.685319694799144 -6.6853196947991265 -3.9537027757624497 -3.0768825739227146 -3.076882573922706 -0.4080096707143044 0.953426699135682 0.9534266991357393 0.9778932661221501 2.627599212730498 3.3411094264315038 3.8895098919917754 3.8895098919917896 5.283933101333045 5.862142071804581 5.862142071804592 6.863896768926935 6.86389676892696 7.5922762729214135 8.550867564326717 9.657419221566695 9.657419221566755 11.396508416088915 11.396508416088919 11.91943661513568 12.569386413001892 13.425643895036867 13.42564389503692 13.841373842117028 13.841373842117054 14.457046114294176 14.4570461142942 15.144645598991898 15.629444180982778 15.62944418098279 15.867394569602254 17.060314840854254 17.46042941102304 17.460429411023096 19.475258655034338 21.91127843183192 21.911278431831928 22.019521779934873 23.21524694159481 23.215246941594813 23.969070803311617 24.609624293362813 24.609624293362828 27.546637612792356 28.10461293388225 28.104612933900192 
0.3125 0.3125 0.3125 -8.34728696900305 -6.749609773272663 -6.749609773272589 -4.046486735468206 -3.4291013340713263 -3.4291013340713024 -0.8351571720942035 0.36362201679847744 1.5314125625160964 1.5314125625161197 2.912658152354441 3.7586695507237895 4.145280499912219 4.145280499912276 5.505893426895895 6.143593098928509 6.143593098928516 6.805867004067822 6.805867004067823 7.563558473522864 8.05987690711157 9.601206744703939 9.601206744703958 11.540405112745786 11.540405112745791 11.632854199473865 13.00083246897332 13.000832468973394 13.23906681591125 13.563833278157658 13.563833278157665 14.682776866468823 14.682776866468835 14.983397291448158 15.419230969164047 15.419230969164067 15.567628024595876 16.96513015303137 16.965130153031456 16.977338774268688 19.779964490048005 21.725196655199802 21.930060381661583 21.9300603816616 23.354066210268236 23.354066210268247 24.189847633641126 24.645777074934788 24.645777074934834 27.861224189029986 28.274945029398932 28.27494502940754 
0.34375 0.34375 0.34375 -8.030786620663584 -6.793544433278133 -6.793544433278126 -4.130661313044452 -3.7446793762334365 -3.74467937623343 -1.2307010349735685 -0.19996185638268446 2.1294971344994096 2.129497134499474 3.2266815402862474 4.120646112347495 4.3968819172660005 4.396881917266049 5.78714447524668 6.4249793497580585 6.424979349758066 6.710875601722921 6.710875601722938 7.534623301907368 7.566935806365492 9.47938036662597 9.479380366625978 11.376929938554943 11.516040510332692 11.5160405103327 12.523750014533261 12.523750014533288 13.528866702530326 13.528866702530374 13.85780959501289 14.848831279344864 14.850702151336632 14.850702151336646 15.18164144402647 15.251226371136497 15.251226371136609 16.614149756645052 16.614149756645073 16.902067514747063 19.987732690160847 21.546037133539667 21.95133563436604 21.95133563436605 23.4286770569063 23.428677056906405 24.426218636209224 24.727816824252912 24.72781682425298 28.15073469225608 28.466912641688594 28.46691264170328 
0.375 0.375 0.375 -7.706620247436298 -6.819800629156463 -6.819800629156446 -4.215268105231933 -4.017662481816584 -4.017662481816483 -1.5878040419735153 -0.6875868187197229 2.7370412249276312 2.7370412249276788 3.567500642280683 4.410857081238932 4.630076573827029 4.630076573827047 6.113807535606929 6.553245580213558 6.55324558021358 6.711066139404306 6.711066139404321 7.07099988043969 7.51469750001456 9.398311838482895 9.39831183848298 11.160466908280346 11.258585145055342 11.258585145055372 12.049588800626198 12.049588800626212 13.735768169619211 13.735768169619258 14.34397483696513 14.611733412614283 14.611733412614296 14.74120220583717 14.838127913672116 15.40194007444718 15.401940074447225 16.430440326621895 16.43044032662191 16.824891586839946 19.961254185474633 21.6009464868458 21.9852925545979 21.985292554597972 23.40697726610821 23.406977266108214 24.65132374490991 24.839066873868664 24.83906687386872 28.383125319032185 28.6666541265924 28.666654126599276 
0.40625 0.40625 0.40625 -7.391767708424066 -6.832350588905569 -6.8323505889055625 -4.309305307924766 -4.240397601957904 -4.240397601957899 -1.8928664800115658 -1.0807190698327886 3.342394040335024 3.3423940403350425 3.934315263494867 4.626874014226826 4.832758925784288 4.8327589257842885 6.312616210478381 6.312616210478434 6.448675567194399 6.57971505319505 6.983435798865446 6.983435798865467 7.498459786558957 9.404019205440541 9.40401920544057 10.888766457762017 10.88876645776202 10.98615343603481 11.602452757784981 11.602452757784995 13.994475332037954 13.994475332038016 14.249570373678505 14.2875918791308 14.287591879130808 14.662172227577743 15.004841908832923 15.571589055507124 15.571589055507133 16.408326225068727 16.408326225068738 16.757823933648382 19.78404963560148 21.804663669076703 22.037744750567978 22.037744750567988 23.317366910893934 23.31736691089402 24.84920617266733 24.959595999054294 24.95959599905447 28.57125686492456 28.86599166539435 28.865991665406103 
0.4375 0.4375 0.4375 -7.111883935052698 -6.835088199917173 -6.835088199917165 -4.412502050820094 -4.4060073642239255 -4.4060073642238615 -2.124807572194034 -1.3674125172724625 3.936292747273646 3.9362927472736557 4.327212251661903 4.77568906853867 4.989047414911909 4.9890474149119335 5.983970409717964 5.983970409717974 6.103073719835587 6.7417910114996715 7.233518720567091 7.233518720567105 7.490861263247017 9.498556505801306 9.498556505801327 10.52948421986205 10.529484219862084 10.865627539095561 11.206620442435312 11.206620442435357 13.901323182016585 13.901323182016593 13.942434925856437 14.337802046580784 14.337802046580858 14.607058815947454 15.342148677400576 15.63904909006249 15.63904909006253 16.506970851154975 16.506970851155035 16.706914493896974 19.595441158415902 22.01389895253186 22.10727545160378 22.107275451603833 23.197666674077187 23.19766667407722 25.010194364933373 25.06750560052955 25.067505600529554 28.723875879414773 29.055982766117733 29.055982766125826 
0.46875 0.46875 0.46875 -6.909796587228325 -6.834892098048306 -6.8348920980482335 -4.508666957330155 -4.5086669573301315 -4.505115129829351 -2.267791292413765 -1.5433158346225773 4.497608200015132 4.497608200015136 4.740972404060086 4.859627411211523 5.085459008269364 5.085459008269393 5.574947833056404 5.574947833056415 5.631042644177216 6.939918881848846 7.41979739727868 7.419797397278704 7.490457274260931 9.63127984430647 9.63127984430649 10.258560843580344 10.258560843580353 10.789317119739616 10.88964098818619 10.889640988186207 13.707204085999097 13.707204085999145 13.720220142895 14.500427269834955 14.50042726983505 14.572331717819212 15.562057499886597 15.63954117296371 15.639541172963723 16.613197789383477 16.613197789383484 16.666784410623585 19.464073503311166 22.15145094973759 22.1703330054756 22.170333005475616 23.085195005125914 23.085195005125925 25.103474279560327 25.121725339175054 25.121725339175065 28.801392404796847 29.18864646518409 29.18864646519004 
0.5 0.5 0.5 -6.834733246884843 -6.834733246884798 -6.834733246884759 -4.543996738661075 -4.543996738661031 -4.54399673866103 -2.3160330525111017 -1.6033770994411483 4.887404280562315 4.887404280562337 4.887404280562413 5.165069833504463 5.165069833504466 5.165069833504506 5.185274126645049 5.185274126645085 5.185274126645112 7.008810339548138 7.491505222019957 7.491505222019973 7.491505222019986 9.695604131903849 9.69560413190392 10.154917574626728 10.154917574626747 10.75850509444242 10.758505094442436 10.758505094442441 13.636267356502648 13.636267356502666 13.636267356502675 14.560333212749457 14.56033321274949 14.5603332127495 15.629858025205502 15.629858025205502 15.62985802520551 16.65075152840225 16.650751528402296 16.650751528402306 19.41753488879458 22.19836027999287 22.19836027999318 22.198360279993267 23.033922985008328 23.033922985008335 25.125335362154726 25.12533536215476 25.125335362154782 28.827194041443427 29.236174068122846 29.23617406812289 
0.4642857142857143 0.5 0.4642857142857143 -6.88638748856237 -6.862899082832732 -6.8206028394809115 -4.5273069355865685 -4.522380692127457 -4.486222264636354 -2.2739170667394313 -1.5510965151403133 4.483737076139883 4.568017927055151 4.801300303920718 4.858835911821512 5.068748750889569 5.118486826121593 5.485460870875069 5.522758379190229 5.663483581558183 6.9486691967919105 7.385766652790212 7.444411247623675 7.519853346283979 9.596252183826463 9.690563944373299 10.208018671413047 10.281505732902524 10.733572661258576 10.855610953275217 10.937762791039285 13.683960688503348 13.693860642073265 13.729247982327994 14.498370716004377 14.527721234763288 14.560876278687523 15.574001108344959 15.635383776995951 15.64113134967432 16.60398012110409 16.647298071387247 16.65153518404973 19.458192068204575 22.152322091555014 22.166381184419446 22.18735796562959 23.073462646513924 23.085916428145246 25.102902303387534 25.117405628758963 25.135888766560864 28.804727373950644 29.167524307925675 29.221945599534394 
0.4285714285714286 0.5 0.4285714285714286 -7.027177562519967 -6.944253806441293 -6.779809534909688 -4.478936339753235 -4.460318421332797 -4.3314409795654605 -2.1497668313303375 -1.3989937138395507 3.897339418194529 4.1202180037120915 4.3955914910261535 4.773432573339472 4.981448121014108 5.092270869684519 5.8366608136123155 5.8669487018521655 6.147907488747136 6.770854660689624 7.124016782111792 7.315853248152177 7.595437109275554 9.4050283024872 9.708543729339626 10.334081973816257 10.603825275523848 10.677783248745824 11.086462217287215 11.340016911108114 13.814462773375796 13.848334049057113 13.984235897644062 14.324210884928513 14.433321885216152 14.56762700325862 15.368485273811782 15.627916638190445 15.665780191102227 16.467347344440515 16.622465110785 16.643732924377638 19.574362468001155 22.032080001969618 22.085546287399307 22.151085011032578 23.155836826361007 23.20526855247983 24.991134724051438 25.07492576883796 25.10816370182345 28.737289118443492 28.983710097195427 29.163593015954923 
0.39285714285714285 0.5 0.39285714285714285 -7.2215852896558985 -7.066670681814906 -6.713315694645327 -4.398714926825053 -4.362645414627743 -4.115792105658406 -1.9421756890288477 -1.155049441338906 3.294775944336789 3.652286202456259 3.9569512813583296 4.634747558775202 4.781094876979685 5.1306162128239885 6.097383937659061 6.2021774042654565 6.496895779564372 6.546310385019815 6.816997136809556 7.151343445351838 7.696195684603491 9.27637007028849 9.813848188263224 10.391796837201328 10.717530780431499 11.026773099061002 11.386499796011657 11.828581244492282 13.99291104061505 14.051048052681853 14.089777753361034 14.289088561046745 14.35479740665752 14.603917715617106 15.007288421834028 15.598475752510808 15.697978000629865 16.314201144299897 16.586597695901943 16.62301233164798 19.749909904397278 21.88119021657812 21.98428489685246 22.083589023367516 23.244326989080108 23.35641910613023 24.807673446694704 24.987594059643552 25.068923353977937 28.614761660401253 28.730156378838103 29.052770130133215 
0.35714285714285715 0.5 0.35714285714285715 -7.440195631791248 -7.215072940732377 -6.620907689626354 -4.286459942094477 -4.233845182738568 -3.8699632719327712 -1.6515414215356623 -0.8293858984984803 2.6924378240374605 3.1764963936892467 3.4915905473670263 4.420869106866533 4.560088602015859 5.18109135821559 6.169745972956416 6.189090040198548 6.4299738428255075 6.656519751743599 6.817967313926446 7.037768588798938 7.80440327125721 9.280298701057596 10.009963478767576 10.308663572585035 10.907439178620235 11.48789397366626 11.730503090700639 12.351261698528084 13.768870006103233 14.116122471968707 14.126703779473555 14.341547868671316 14.502938568073215 14.747117868096845 14.770931490066252 15.555627635831996 15.732189345686905 16.210143127202794 16.567477690595386 16.599157661290956 19.949419899175968 21.755230658983532 21.88147552473611 21.98439866794727 23.31436812395339 23.496765297647073 24.560065810754754 24.88146721314965 25.031082803778595 28.43958951422975 28.466870858147 28.882709540294695 
0.32142857142857145 0.5 0.32142857142857145 -7.663812612074815 -7.375937742976641 -6.50459212348589 -4.142595700251215 -4.077454675591396 -3.611798562516958 -1.2835016852587315 -0.4366937423881588 2.100574266284166 2.6955144520647876 2.9996504212676567 4.1046478325178 4.362159982129149 5.234758973857354 5.835744618522214 5.971840350715345 6.4265344035573095 6.797694867387316 6.955223588313956 7.091135316213712 7.9065787617666805 9.42828819280902 10.20126459160397 10.267513076779077 11.091319518078265 11.947965197857634 12.09925147968051 12.862730587499748 13.493972764317993 13.906945024206385 13.948271669498123 14.152307584620536 14.58836315659856 15.027917957281716 15.081271787796792 15.528705194751895 15.762253999046006 16.25817967310123 16.580011159497058 16.595666594238132 20.10497075159732 21.723627602559993 21.78231694643011 21.857487324932475 23.337743204711014 23.573504135037055 24.260935750760385 24.782207816376868 24.98590834391989 28.163534252839618 28.24002767052054 28.613867983485715 
0.2857142857142857 0.5 0.2857142857142857 -7.878938650083022 -7.538745151797307 -6.365725118275652 -3.9678693297961853 -3.8950407909193974 -3.346395206209098 -0.8479747160135263 0.009411350562777853 1.525225009314579 2.218550979112641 2.489035423671846 3.718966398920428 4.184640777733604 5.289924123591796 5.529346269464465 5.695619476674929 6.27075174385119 6.999449518698586 7.0138077359072515 7.233317648178348 7.992179843208952 9.682311833328397 10.108481907250116 10.553167836347102 11.179578735213303 12.384540912341535 12.478192216520586 13.254002302357412 13.283128451977682 13.323818813590682 13.890933776919047 14.118864982144332 14.725694302509629 15.162654624109141 15.34671595786238 15.597441616377234 15.786608790555912 16.559346787844838 16.579661253244687 16.71925209532766 20.139399292958462 21.69258391280382 21.718893256614084 21.865391264360095 23.294646227742643 23.524888132727785 23.92948661345358 24.75322092084191 24.966461444563688 27.887717694943326 28.005150514393375 28.218199683960616 
0.25 0.5 0.25 -8.078208717307756 -7.695204202969022 -6.207414005081246 -3.7616794510786304 -3.68676949790974 -3.0744724893840005 -0.35863349768160735 0.48325079086494493 0.9737664351955695 1.765629238161524 1.9681913146489687 3.2837453873425915 4.021903654357684 5.267537273026505 5.332532931219383 5.443508468111599 6.090866582010395 7.004200570614708 7.225473387126064 7.332123330816401 8.04715750337388 9.964030566050303 10.013187704221847 10.797579028840586 11.152246521874147 12.590613918844076 12.75929621739935 12.981056723374572 13.321163946042288 13.326964861989257 14.092293683757417 14.139337536900166 14.690872413201657 15.096105690247182 15.595066481895287 15.798939217342733 15.813105410660274 16.61157411139864 16.998138718598117 16.998215735874187 20.05680137582458 21.58129538180317 21.608652649214193 22.17594322519048 23.17905216889598 23.35401865311708 23.579180706976533 24.812490075975678 24.974663543955167 27.597829993124687 27.733085148596075 27.758707701741635 
0.2142857142857143 0.5 0.2142857142857143 -8.256791773439186 -7.839065420518814 -6.033203296321062 -3.524890493146511 -3.453265116037426 -2.7941121990208724 0.16840953409963313 0.4548891096137081 0.8397560155484016 1.4446437455099281 1.476734722391337 2.8229536991348487 3.8872295773834686 5.055199427122274 5.220855434710749 5.361516357448351 5.91449993458555 7.018557701957408 7.342868943311022 7.42969462044757 8.041893998728606 9.872242617214463 10.216479476275296 10.884466134019284 11.097951743974452 12.220977374307036 13.019460466509457 13.282253327113903 13.342966326891903 13.479584403909948 14.15494031979471 14.50170104365558 14.553270401841662 15.003577739779875 15.75873162942842 15.787236799490161 16.10143243628815 16.699255431380646 17.412551733853544 17.4382382824999 19.92472673334884 21.481041465253263 21.524971557118945 22.557659197762995 23.002450271093114 23.10405463074738 23.22809535990717 24.920533300102935 25.00911525269008 27.26072327582811 27.28803446159948 27.52889335485325 
0.1785714285714286 0.5 0.1785714285714286 -8.411310291373058 -7.96619447053586 -5.849273346030976 -3.257479215366841 -3.1946171273100408 -2.505051324730158 -0.025879208634586637 0.6273750448091088 0.7097830067866259 0.9267090321523057 1.7994722249663877 2.3560363694146407 3.790040186864042 4.889378529878331 5.034015851963579 5.3718454377095135 5.7576638424636775 7.059792660576286 7.24921277517405 7.6127273816777885 7.9302752824906655 9.638524712135927 10.37224711331521 10.713424823323074 11.140173340517645 12.113752689807704 13.104577668853276 13.314627965357252 13.675410472293539 13.734235012899159 14.354548628377382 14.410460377446082 14.797628042931267 14.951717971478786 15.74910143738598 15.87941319676655 16.380958657071055 16.853744636126695 17.789083920929873 17.883005303799187 19.800743029239786 21.421202746290174 21.440850470302497 22.61669167527242 22.855636055403327 22.891771090583994 23.101754484450943 25.051469676635385 25.060537439533675 26.892308124236045 26.94447732967539 27.34154060460933 
0.1428571428571429 0.5 0.1428571428571429 -8.539722533434075 -8.07344667911063 -5.664356294061802 -2.961791050190307 -2.9119090628536473 -2.2106067609980835 -0.4577619467843727 0.20841746447856177 0.4177352367951026 1.2231124471529873 1.9116663259354187 2.3686323741979236 3.7482054611552487 4.772498882116864 4.88138186283376 5.365489175013915 5.62697513709324 7.023655205478309 7.127865334379646 7.658322227047903 7.777053511546537 9.355083079179051 10.419815736772106 10.463441241856083 11.30242257303792 12.162897131033095 13.064509019251494 13.45814917794058 13.713079570124282 14.098964912423952 14.433019554690892 14.634043062978646 14.966002040695937 14.991076381570748 15.669004619064097 15.998328291947402 16.593054080475184 17.062414474052716 18.000672793378246 18.337174651485363 19.75918486207459 21.25989045248587 21.487018341176505 22.303069174160303 22.587245867541867 22.68913744986531 23.46893197736686 25.10657390541615 25.172873412334823 26.568152614393178 26.654717196372278 27.189827533417677 
0.10714285714285715 0.5 0.10714285714285715 -8.640482119379005 -8.158767856305822 -5.490091927544231 -2.6376319525068586 -2.6064793690234085 -1.9177302308719038 -0.8243854550163139 -0.2265539377875 -0.07591231206518897 1.3845248542204027 1.7921942806691007 2.9852534130136332 3.7824283968027896 4.71755556265753 4.763913298242097 5.350150731754897 5.521214738371795 6.670004364090485 7.213219577698886 7.216848245282742 7.909769247097067 9.10265354153016 10.300696367964749 10.382818988279103 11.54014731035729 12.213432364621873 12.983431944789217 13.525991379923115 13.700418529588635 14.421605291481763 14.663679636658472 14.899862623179189 15.05238864623014 15.092340670237508 15.55359497662822 16.13814479654938 16.70714354014609 17.288200537765963 18.074372444933573 18.722914782758536 19.825761230189553 21.029948672341373 21.624652830480557 21.93310575199778 22.33162913289095 22.66491569749118 23.761254733409352 25.153181380946933 25.264553680439636 26.191768495662505 26.631741364659995 27.073068133651827 
0.07142857142857145 0.5 0.07142857142857145 -8.71336493263865 -8.22085360108542 -5.343460268736371 -2.288796288119599 -2.282777451117883 -1.6467943635048052 -1.108345380307006 -0.6484555709178359 -0.5476051574658599 1.0523744068600769 2.1073597582830392 3.616352597651759 3.8948465952123623 4.6823210141628495 4.767624582214 5.333843367035571 5.44231221388958 6.210724491958158 6.659961065911694 7.298064705895716 8.010246019609042 8.92150336469397 10.232670926472904 10.308605416428367 11.815868663143284 12.226628602674811 12.905300849650509 13.255719168934135 13.998219903568575 14.674021856897387 14.93443225038076 15.097420376356164 15.103312974800257 15.177915019978025 15.42527213765394 16.298381723800727 16.717958964592025 17.485306836759 18.0494834783211 19.005422961437464 20.01102337512985 20.775864265682568 21.536825886506506 21.78924986126584 22.137608069608095 22.76082192950137 23.940370400734864 25.181317026871724 25.30948752315738 25.874068156081222 26.830344553447404 26.991599998934067 
0.035714285714285754 0.5 0.035714285714285754 -8.757520538520858 -8.258594629966797 -5.243416010115979 -1.9570070425372714 -1.9272801906870574 -1.438205014734974 -1.2918558528613882 -1.0339994190648356 -0.983788773642325 0.7854787562180696 2.2994669833514756 4.012725741473722 4.226611000864999 4.6323839638702 4.997300697671135 5.320353807439229 5.371547218926133 5.713765829102725 6.06662013668076 7.360049045850285 8.072588481622958 8.817551882444686 10.21786087295075 10.242681377842374 12.089280246926359 12.214291671269216 12.849238097388712 12.980499716940715 14.290257664611312 14.835793304320676 14.998577993311562 15.154963697209608 15.207378949575022 15.289556977329275 15.351860607970691 16.435963914566393 16.66758946900437 17.616015113992923 17.989436275964653 19.175991481769895 20.277386524581395 20.571912025220357 21.14097806829221 21.921820458545568 22.015239150494853 22.893766080781404 24.072057548332708 25.208086850018812 25.26601995633176 25.688348761485507 26.942572524793157 27.23146396477538 
0.0 0.5 0.0 -8.771429051157545 -8.270190124463308 -5.2071561061705625 -1.7498492740796403 -1.6741898691443553 -1.3550533909104103 -1.353157008750101 -1.2609129550890117 -1.2590945885694833 0.6830551389951994 2.360141300188607 4.056399511387761 4.614747984248516 4.617840629745184 5.221952872971624 5.315641643223383 5.318443233005933 5.489817092130355 5.626860401865386 7.384242746915492 8.0949329347658 8.78511080243858 10.218791543612792 10.219998055408697 12.211425949886662 12.242495441694448 12.831121290240711 12.83248538074931 14.45712571203409 14.89390121026667 14.894264645052937 15.243254283356336 15.245317177999567 15.340567049163198 15.341179655732404 16.495667790115736 16.646426687853268 17.665585686464194 17.964244960530213 19.2327574783384 20.496732194935532 20.501807973558872 20.890173134067165 21.975090347671575 21.983586408209142 22.96045292154954 25.216795637319766 25.220691865627167 25.66296285832518 26.93185263835089 26.93235100501253 27.67878916758629 
