 5.02166291  5.02166291  5.02166291 90.         90.         90.        
C  2.51083145 2.51083145 2.51083145
C  0.62871461 2.51083145 0.        
C  4.3929483  2.51083145 0.        
C  0.         0.62871461 2.51083145
C  0.         4.3929483  2.51083145
C  2.51083145 0.         0.62871461
C  2.51083145 0.         4.3929483 
C  1.85364052 2.51083145 0.        
C  3.16802239 2.51083145 0.        
C  0.         1.85364052 2.51083145
C  0.         3.16802239 2.51083145
C  2.51083145 0.         1.85364052
C  2.51083145 0.         3.16802239
-84.77730974
52 bands 
kx ky kz  bandenergy1 bandenergy2 bandenergy3 bandenergy4 bandenergy5 bandenergy6 bandenergy7 bandenergy8 bandenergy9 bandenergy10 bandenergy11 bandenergy12 bandenergy13 bandenergy14 bandenergy15 bandenergy16 bandenergy17 bandenergy18 bandenergy19 bandenergy20 bandenergy21 bandenergy22 bandenergy23 bandenergy24 bandenergy25 bandenergy26 bandenergy27 bandenergy28 bandenergy29 bandenergy30 bandenergy31 bandenergy32 bandenergy33 bandenergy34 bandenergy35 bandenergy36 bandenergy37 bandenergy38 bandenergy39 bandenergy40 bandenergy41 bandenergy42 bandenergy43 bandenergy44 bandenergy45 bandenergy46 bandenergy47 bandenergy48 bandenergy49 bandenergy50 bandenergy51 bandenergy52
0.0 0.0 0.0 -13.211322209920299 -11.719177572592706 -11.719177572592692 -9.258235637200528 -9.258235637200489 -9.258235637197632 -8.942972867104388 -8.942972867104364 -8.427375470922884 -4.774037406927546 -4.702644866234189 -4.702644866234165 -3.1047217661172644 -2.840974142728283 -2.8409741427282675 -2.8409741427272297 -0.044978633187654785 -0.044978633187600925 -0.044978633187557064 3.287882045290785 3.287882045290817 3.2878820452908375 3.3069195152624395 3.3069195152624578 3.3069195152624586 4.538601763098412 4.538601763098431 4.538601763098453 5.615958978613145 5.615958978613155 5.6159589786265505 8.173074784353718 8.17307478435373 8.173074784468632 10.492861335430204 13.956088577125136 13.956088577125165 13.956088632538297 16.0359361176429 16.035936117643555 16.03593611764539 16.333169736703145 16.361725211884835 16.36172521188484 16.36172521188493 16.78629333762086 16.786293337620876 16.78632913599363 17.360046232567687 17.36004623256777 21.956320739777915 21.956320740129215 
0.0 0.0625 0.0 -13.199639188831213 -11.735633505866174 -11.707604579652475 -9.426088727579227 -9.256055102838047 -9.255801518331683 -8.940061900506276 -8.809892330611062 -8.382493694394098 -4.785689553540774 -4.717676694225496 -4.703823082545471 -3.1773924976501555 -2.8355205543072732 -2.8294209126269867 -2.7468979953017056 -0.06090637037596828 -0.048603024752991074 -0.033440715200126696 2.93718625441318 3.0672583934681144 3.313003878709837 3.3181877375232602 3.3859572172067858 3.540946115931499 4.525535170703328 4.603395843184696 4.692176374914458 5.566640860584338 5.637140564494607 5.763814455460621 8.106238992608281 8.182510798821873 8.188294624895105 10.532592106291819 13.947881330750151 13.951709334852143 13.986625965113932 15.90406061104262 15.929046032086685 16.04066619581106 16.293970653285335 16.309178296554805 16.350618444651708 16.35956224888727 16.672564538053475 16.724686672455046 16.784082324298787 17.381153186308794 17.421638508983136 18.901435695829406 19.193077428329115 
0.0 0.125 0.0 -13.164792319197963 -11.784129085048352 -11.673410089761944 -9.68809631956875 -9.254307461592408 -9.253315686691709 -8.936541643240725 -8.704984545353629 -8.19962575467972 -4.84756974551246 -4.740510717083917 -4.709345074402997 -3.302541163034721 -2.820886213784482 -2.7962355075221432 -2.5516855924403488 -0.11013468029665785 -0.059874745302083386 -0.005734337578881671 2.5346344907119094 2.7056261907475183 3.349255664877092 3.3938567687242984 3.4240770047409685 3.675058958438151 4.486155983744841 4.735215962484689 5.056370166320171 5.429397348569426 5.699049762499222 6.155899111978077 7.911372707282207 8.209005593375725 8.23777644128117 10.649400325374458 13.9250032616634 13.937075897349429 14.076566182064854 15.527174412095327 15.549519642535207 16.052086222918827 16.204557008496526 16.224018310720677 16.315300746098657 16.35149821339309 16.382645246379475 16.653480549218184 16.741851395453146 17.410569208313863 17.604330824228654 18.643543046971857 19.096677937086355 
0.0 0.1875 0.0 -13.10683437377276 -11.863405878143059 -11.61595358513987 -9.9500373973824 -9.250446650375045 -9.248295076871516 -8.930032841465318 -8.696241462055307 -7.908640085810923 -4.963537515671656 -4.747201464710296 -4.713105024042668 -3.430961268300029 -2.7975543356889774 -2.743151647186619 -2.3082736258419794 -0.17918255725613294 -0.06201130184507849 0.02478781928963232 2.1484535010671495 2.298747472593372 3.401638849049698 3.4501174698320183 3.5364121937497384 3.761833375562768 4.423487172347998 4.889027490180864 5.226060987119225 5.4566521304781155 5.825350627954608 6.683837904461826 7.606339649473463 8.266997638821268 8.348283146049065 10.835505092401469 13.891413732410552 13.904380312665944 14.220237639059722 14.96754933896217 14.983470465441146 15.903600035416526 16.073117831863858 16.083163996871 16.094309641315597 16.301171763520156 16.34255473740383 16.662443532152583 16.71877010446282 17.41008323723888 17.9024777015908 18.794399944506605 19.37141632982928 
0.0 0.25 0.0 -13.027170526058976 -11.969235402213847 -11.536743528807495 -10.198558972337848 -9.24677247473051 -9.243345812151622 -8.92266771046787 -8.721447346657596 -7.572806369144728 -5.137325003332947 -4.743643204754984 -4.716262876576622 -3.5509779185006596 -2.771403941108254 -2.6769887966761163 -2.025265877281939 -0.2638439143103328 -0.048769337143030396 0.025120773436545698 1.8079583419709317 1.8980430947357683 3.468711264149612 3.471023006031989 3.7460501614943436 3.8298683822993387 4.338259431860641 4.986241606398717 5.047446889556826 5.720399186345463 6.068022585151723 7.212343802711548 7.236648303418241 8.401558135534598 8.565609652839766 11.076571958163251 13.80516162853138 13.8479677385016 14.30780921220163 14.33139293711957 14.404102121207739 15.463130346289754 15.758490542850351 15.990157680375837 16.104844930890586 16.33128853068348 16.340240329225406 16.56733229893081 16.80787866186011 17.393345807851762 18.283193132124595 19.038346690977082 19.597431735392576 
0.0 0.3125 0.0 -12.927766368621235 -12.096233328747982 -11.43644537881968 -10.429019212034714 -9.245424369973087 -9.240702152455388 -8.916175120842944 -8.756675415373131 -7.225480380072278 -5.35804437020757 -4.747076841618817 -4.7233768444392705 -3.654961712136856 -2.7468758429991804 -2.606556467524409 -1.7188626413967407 -0.357573885150418 -0.024708421023630904 -0.017705578270996288 1.52748018812683 1.5304629000994787 3.4846493984593483 3.551234406213946 3.884680570975526 4.026537019942196 4.23488612136925 4.745516041664433 5.197638377709627 5.854863272142794 6.330689268027671 6.757336379546736 7.653082981943212 8.724336927524039 8.934912824357246 11.35062847125376 13.320663181660867 13.51343035707469 13.841710989363296 13.987743330426367 14.589581724207651 15.059862134521161 15.436272219530478 15.897433040196598 16.127833738209905 16.310091510256335 16.377649950454114 16.46416798295198 16.808294711353856 17.41298270306909 18.647963117004366 19.29848443065218 19.575041027688926 
0.0 0.375 0.0 -12.81059704060222 -12.23712285843535 -11.316456309203806 -10.638944076263837 -9.242574899990384 -9.236729878874693 -8.908092755561775 -8.786524138578185 -6.8776002574810935 -5.610801794816081 -4.747233373979618 -4.726216932976665 -3.734665530277159 -2.725073231507164 -2.539302320311313 -1.41113766610205 -0.4415390179856944 -0.1278122481768585 0.04129552100199507 1.2196287571979811 1.3232044676027939 3.4963516950727693 3.647402929862443 3.9290510693994785 4.123848942245358 4.376613327881202 4.5475299656428385 5.328831929535558 5.951119209873431 6.277030305131193 6.505501500985242 7.851771872312167 9.300550312806044 9.467814321456936 11.62341215767786 12.541325623484557 12.728704615633157 13.800223757380632 13.90960882262102 14.66753365423739 14.746210900465028 15.259864073206353 15.835745095812179 16.15646934012178 16.294735414986583 16.378533102837 16.41274609728515 16.690502768584327 17.504624220495693 18.750429163142208 19.528220276198727 19.65733780219355 
0.0 0.4375 0.0 -12.678825011092357 -12.384712758026618 -11.179022462183342 -10.830842792601318 -9.239677670782704 -9.233155324344885 -8.90081458902737 -8.807289287386354 -6.538435016443762 -5.887600624076591 -4.748085263561309 -4.729454502381274 -3.785104470974292 -2.71036657840987 -2.4902020545144037 -1.146298888865347 -0.5017170060904613 -0.2659030425650724 0.11136137772884852 0.9929514292835182 1.1992120170436527 3.5041943493284853 3.753711695935489 3.958307186537729 4.013836987755568 4.4178307610929 4.778870898954531 5.420235449891317 5.793580614834411 6.016927321094052 6.593813366573711 7.931662717657767 9.992234020010446 10.137786795569175 11.728112475298966 11.839248501544578 11.956530885054002 13.779157494727102 13.874297698778884 14.547127101370746 14.556292774608886 15.325913611142772 15.804151390510604 16.18053443823586 16.279497667432235 16.31768442549476 16.43558784632573 16.534548876158425 17.615602965630067 18.623854263674744 19.68737533041965 19.994003295576903 
0.0 0.5 0.0 -12.554403253766857 -12.51506518454307 -11.061538558047936 -10.967656765541756 -9.238998180494239 -9.23217452943189 -8.897782245967768 -8.815077575773756 -6.270981300909021 -6.123305886405926 -4.74249025771441 -4.724480138992866 -3.8012654244278425 -2.7048498741915905 -2.471868692808933 -1.019043109227958 -0.5237685847078225 -0.34216967422762473 0.1472774448596071 0.9041061018531223 1.157906975416757 3.5082529323631553 3.8305587109523254 3.9386040057205136 3.969395929247674 4.371816537269803 5.092553848485929 5.452168563189838 5.452405093170656 6.0404993520796 6.621809710585686 7.955450131168042 10.436233810451494 10.750027642508309 11.073228839462637 11.493910068057357 11.92488782376531 13.772082289722746 13.862742661630723 14.47897306957078 14.483153298636436 15.397718974605226 15.794391721854948 16.19437334399891 16.275217934665875 16.3007755889421 16.447823789260013 16.457828832540347 17.66766649980201 18.55274875570887 19.743425276868674 20.17532199790738 
0.0625 0.5 0.0 -12.542695953207845 -12.506726194003548 -11.072411476990464 -10.971420153675185 -9.436032154856864 -9.233199103187838 -8.82228045319531 -8.686232429575446 -6.278106264635584 -6.127246346776291 -4.7748441320399095 -4.727891321157382 -3.8348923413542626 -2.6873149437979618 -2.435542703883257 -1.0036249039067655 -0.4771194240427683 -0.3308253680516021 0.13543372775592605 0.8406656717829013 1.1409308489034005 3.365303185540988 3.5874733060319657 3.955215792762775 3.984727456184593 4.709840333905964 5.0865290998492565 5.416577516880623 5.515704153527386 6.112674087245947 6.572269584080251 7.967237586900204 10.434859636293245 10.740617823698893 11.067466330341775 11.483518075705947 11.970189143132144 13.76787490025375 13.877295990651533 14.444120107079407 14.444791086845822 15.376697947219851 15.83735776836355 16.04028794970451 16.13888701722081 16.27791660350398 16.452740058831424 16.470400647686265 17.744968645098005 18.545274998476458 19.591722439521337 20.125910418649788 
0.125 0.5 0.0 -12.507302942371714 -12.481989565658559 -11.104011062001167 -10.984002850331116 -9.718702207118524 -9.231868081146263 -8.839579327484985 -8.350357083803235 -6.283670262749851 -6.127054372491116 -4.852904989401599 -4.732789167878441 -3.9232684301933074 -2.6321813389007778 -2.328413476801953 -0.9507656493285359 -0.41280656031175794 -0.221401268459159 0.10239433356040954 0.6627295630416495 1.0936152868563649 3.0619634775902225 3.1859793873904945 4.018252119493617 4.186847544510971 5.0579881924549985 5.074539502170759 5.34213487723126 5.715322800696264 6.378989080890792 6.437096995480452 8.014107910746011 10.439235691191723 10.746433334970407 11.076873435942163 11.466932824993721 12.102849528251763 13.751779086118606 13.897848340631622 14.355419791954825 14.376881443699386 15.326095950336912 15.627919669968357 15.707392251239852 15.948602809065662 16.282993684297505 16.45465194585116 16.508842511257118 17.961883286460203 18.526332103076022 19.208772923460156 19.980315865718442 
0.1875 0.5 0.0 -12.448829110095074 -12.44218525879719 -11.153330978650475 -11.010285705159289 -9.977863141116549 -9.229517828434815 -8.86418497603212 -7.995139612356656 -6.288661264812911 -6.124144882029052 -4.979783400308469 -4.7343025573130975 -4.043962347058581 -2.5415527213862568 -2.163208377515318 -0.8609027418095667 -0.4024725420013308 0.028212524985962207 0.05514498407914282 0.4011458463720853 1.0238923334539018 2.5520287861532758 3.0643289638993343 4.111101935430255 4.3220768286611335 5.061201626321826 5.1741644183875 5.288787503573149 6.024481380056298 6.223722973067233 6.871502229533044 8.130423181270164 10.452950068849164 10.770054142830832 11.105356464084647 11.449341309189142 12.310243858324915 13.713575064109163 13.85072257659173 14.248357298301483 14.389547460542687 15.020608068568329 15.076572644671469 15.24860486175844 16.08307283182079 16.293707029610246 16.45795262110224 16.555573745940013 18.281471034492778 18.50062079298786 18.712477280518044 19.77037774882042 
0.25 0.5 0.0 -12.390821321089035 -12.37057774691443 -11.217116192794052 -11.060922546527088 -10.196982162845663 -9.225946769896177 -8.891328203218725 -7.636845010028999 -6.293671171331829 -6.12061965106506 -5.153265015403324 -4.736589708745138 -4.1743342390347005 -2.418407468568101 -1.9623824855715926 -0.7315363679353065 -0.4049451599860304 0.001915600729514555 0.09333995757551555 0.34061646584002536 0.9282659644523299 2.063743447878127 2.9968625149957404 4.2173386959223835 4.388057523586868 5.042892930166567 5.087506771891445 5.292119706544167 5.9427748103380935 6.359241834733281 7.520141153620485 8.35682734881543 10.469594772340724 10.815270392261466 11.157961452580066 11.428292248040451 12.573048823855467 13.63953610530141 13.710925389475989 14.162780576331226 14.285259746887746 14.317053074906596 14.52568646272956 15.149416455044895 16.192433065060857 16.28199959800209 16.458745446354744 16.589216161371162 18.154328391530914 18.47370082057128 18.687720445996913 19.52766500540824 
0.3125 0.5 0.0 -12.333189102176457 -12.27597550389723 -11.287586941296206 -11.143972752473317 -10.358367443508225 -9.223215547124035 -8.91734542827466 -7.2764362236000535 -6.298898175269244 -6.117700473227073 -5.370151360850828 -4.735905667414003 -4.293286912932582 -2.268401765403871 -1.7517717143928246 -0.5576964914413056 -0.41008495906444437 -0.2260729040769152 -0.04947412688788984 0.6705109786276394 0.8218077112137604 1.6049715234697102 2.9630311344223363 4.324022571748337 4.414593603476257 4.979133301229075 5.027006553423137 5.265066068253382 5.635306809781399 6.627968183704791 8.262041450555902 8.742090615607792 10.487611528643672 10.8794078721752 11.234089852693726 11.406488894360518 12.862465517120379 13.479620212031735 13.487478048991925 13.536105661796608 13.54223608957341 14.114407400651027 14.73288998142832 15.044317656254924 16.25849418099306 16.26477287068748 16.45889212941638 16.59606019800948 17.62119590552273 18.455008702843156 19.113762852871634 19.295526544798 
0.375 0.5 0.0 -12.277421404208212 -12.17328162764517 -11.354250241936972 -11.25227275634142 -10.45785334913623 -9.22092577801697 -8.938681156443769 -6.918946434930258 -6.302400522410879 -6.114912969527436 -5.623847029543131 -4.731605751050737 -4.388022831375133 -2.1056588809784578 -1.5634513956158795 -0.523432253948617 -0.4161289097262614 -0.3357401614539334 -0.09431791557531415 0.7168198194110569 0.9726151403050677 1.1809711654700632 2.9491201939976657 4.41503217543818 4.421481765879549 4.883793491286357 5.01425476835533 5.229577815613842 5.347866768665461 6.794503585893195 9.058618359787646 9.289611147073012 10.503886748064845 10.946199926061313 11.31809348810717 11.381962467277814 12.590906473594384 12.650420125814941 13.186643993127777 13.390746343626102 13.43316308161427 14.094589343282195 14.949946819119157 14.962673199767634 16.251586240746505 16.268962257508836 16.461166827140882 16.573117534051953 17.14864532934175 18.458632119913776 19.10125357202543 19.5767127486394 
0.4375 0.5 0.0 -12.234884977903183 -12.083669784738417 -11.404897853424279 -11.355678282518328 -10.507844611539422 -9.217541308740826 -8.950634044041848 -6.576040621585477 -6.30372035574977 -6.115375621555655 -5.901644364303291 -4.732720803068886 -4.448626065319719 -1.958917132221801 -1.4320317389614177 -0.7536663761602976 -0.41994933307127497 -0.12145411593650449 -0.07620973462470147 0.6092496243874913 0.8333004319374862 1.1904589174738112 2.9457072178158987 4.4231403732267704 4.474280122517265 4.817792425369003 5.0092793739487185 5.129849843557372 5.200590196048199 6.878717029186351 9.87697114496466 9.9277048933025 10.516634855095505 10.975038275365376 11.330080150765129 11.385860252363322 11.754291966417933 11.89929613567055 13.28422111852041 13.360915245096642 13.407127980900091 14.08877447251679 14.885089663838324 15.161824428700513 16.229735885770097 16.237027763428348 16.45619088992032 16.541914256458963 16.806464136098423 18.482625116434946 18.96283141706021 20.130106630868344 
0.5 0.5 0.0 -12.218892928363779 -12.044612553276547 -11.423736632685257 -11.40118487521254 -10.52256503930402 -9.216678203846811 -8.954946934960304 -6.312792403123649 -6.3069781370829565 -6.184152596273511 -6.078845153328611 -4.7371900198135215 -4.469443587129036 -1.8936653710021794 -1.3865438867186906 -0.8482754507485298 -0.4238370174926217 -0.13213338402872027 0.10897635313613142 0.4751576444164294 0.7080550163846758 1.2710723675181703 2.9444748874947178 4.422313507601456 4.500369923234331 4.797449815798386 5.020149855874516 5.035651664409663 5.188494876328593 6.90170844000716 10.367584432141399 10.519678303660417 10.601025920820797 10.737540325644618 11.15737941383653 11.26859025810554 11.410930628403408 11.574480400229122 13.24440318851727 13.334437611970225 13.495660962740798 14.08684349984569 14.861113966159074 15.246566222107457 16.197982538311297 16.21719114975808 16.449633920500368 16.527758746101135 16.677272983035795 18.498184346840617 18.90802400742367 20.713598957440812 
0.46153846153846156 0.46153846153846156 0.0 -12.235278212693379 -12.068741858439445 -11.42221325523797 -11.357089301880404 -10.510166319234635 -9.218972023322378 -8.954194841937626 -6.480257277183914 -6.400832075990047 -6.054595078184478 -5.9645159029921215 -4.7365514541567 -4.454303353305258 -1.933248515439008 -1.3998760858624602 -0.8089958486726688 -0.5283906500766173 -0.10569456305422761 0.0871886209045348 0.5329375229523072 0.7515037183087855 1.2868571239912263 2.945589882574315 4.409804313755849 4.488629458672484 4.784712322265814 4.844215807556237 5.06914625134549 5.401629052785911 6.88483172696544 10.020079914418888 10.171940674002684 10.444819335870692 10.643169958842305 11.36241132002694 11.387922862386457 11.800441151748585 11.81127725234651 13.210110330445167 13.357159874601566 13.504362528677504 14.099816050835056 14.847000264759796 15.22207240131307 16.154460289169922 16.22568969104113 16.452134162478707 16.54506875527269 16.7687148037718 18.495252961103148 18.926569677307395 20.40760982802024 
0.4230769230769231 0.4230769230769231 0.0 -12.303485875318788 -12.092842389445984 -11.4390099722699 -11.2285023518173 -10.472436559844924 -9.220371641454523 -8.947410647200245 -6.689788240419027 -6.590827621346484 -5.8692831727146455 -5.791393038459191 -4.730892688605275 -4.409690061604657 -2.0291823598823826 -1.4431407459511363 -0.7655878393668882 -0.7129502245992791 -0.01891988057262668 0.057627636622125555 0.5254208225705379 0.9623557152475377 1.3324549600700852 2.956931658869729 4.3822902269109605 4.47243991127191 4.59847865451493 4.811325541035799 5.193133385954532 5.689759307270495 6.842817345643032 9.533962929356875 9.64550954046364 10.097646274053778 10.165080753528933 11.83789103944468 11.878991918243484 12.252760269670446 12.286023702979175 13.080788090208385 13.42445577886881 13.573943650628106 14.142902424808183 14.808712074480152 15.151687281425293 16.101264239458523 16.241072268577952 16.44701447464267 16.58771279228826 16.97234926343796 18.49651022063123 18.973201770470812 20.003874210567687 
0.3846153846153846 0.3846153846153846 0.0 -12.417875532762688 -12.084418160735629 -11.465680490262486 -11.062290236170575 -10.411800509864998 -9.22221024352644 -8.935984658656057 -6.907864895610324 -6.794553309966048 -5.690401417259009 -5.621661775769589 -4.736665441679728 -4.337520199027448 -2.1514311844995806 -1.5178920386166437 -1.040808842293001 -0.6039130297234627 0.029476564906732325 0.13428670409612212 0.45742961160834233 1.2516482891778322 1.4031725855280754 2.970646995189708 4.327902266104682 4.39915697250515 4.456866847231997 4.843370870026842 5.363618162671328 5.982946836446628 6.765052424600804 9.034574843879117 9.123578174905958 9.654859889865874 9.710429790514281 12.34427680237536 12.361560898056789 12.733798315116452 12.75187514982042 12.912785020942021 13.523231724959489 13.723322453389436 14.226331442807671 14.74861185498374 15.045755553426483 16.085191294789446 16.250074473579538 16.42756450464309 16.656379677589253 17.1945983770764 18.539164769926188 18.735607788215788 19.693828103725938 
0.34615384615384615 0.34615384615384615 0.0 -12.546725167159924 -12.056265422633244 -11.499117312658191 -10.877398634210381 -10.331784447580246 -9.225270989279702 -8.920954891971938 -7.129015692983276 -6.997768400368179 -5.523637851360559 -5.460560345993959 -4.7362644990831075 -4.241153191114586 -2.278646080281876 -1.628651854449477 -1.3143721918069777 -0.5049682037714547 -0.0009272618644231968 0.35491233036928377 0.37714652463358783 1.4932591318560338 1.553084624587507 2.993347229394792 4.234736041011597 4.250485429310439 4.4420138409458785 4.899063559715347 5.55232894632817 6.26860789319348 6.651271713480646 8.552450545063616 8.626627741539314 9.162308952108205 9.346705690918851 12.407843482471678 12.888063964560368 13.018354425169619 13.222236083442581 13.248338842613565 13.639060566917598 13.9407289705747 14.36809998156194 14.67009512087426 14.938812744660085 16.10478818486833 16.269500138216358 16.4073998870924 16.747869934595556 17.381445585164762 18.6030985744715 18.758279872628318 19.419926990766925 
0.3076923076923077 0.3076923076923077 0.0 -12.67395452042799 -12.01704686576755 -11.535092472311085 -10.684342233662903 -10.235454446661489 -9.228675568029686 -8.90256652720279 -7.352110362521679 -7.204389560429559 -5.3727036572106845 -5.314206783066803 -4.738401749495586 -4.125148393589548 -2.3986565422652215 -1.7815450853429453 -1.5652704814139575 -0.42022852373909675 -0.03258121644257196 0.2995490257287105 0.6282044352622087 1.6108170734782585 1.8362439414716358 3.0229919786519313 4.111297476595745 4.160057315175992 4.430893214266223 4.974411080547229 5.727365623239617 6.490617790739826 6.528575781458589 8.083506294185922 8.178465548590188 8.702194901783011 9.029087948793638 12.1275818314002 13.374205623972998 13.408977984679954 13.657779447889206 13.713442073444593 13.805506015207811 14.195026971963198 14.5711728263167 14.583757717560388 14.882994720246316 16.147550515735496 16.284938503638507 16.37850450611619 16.844521163231914 17.49224031762617 18.686018141595408 18.797725714683253 19.194687002088674 
0.2692307692307692 0.2692307692307692 0.0 -12.792724653011344 -11.970636744419606 -11.571659603767394 -10.4880591896797 -10.125037280172954 -9.233230731980614 -8.882547820742458 -7.577894592414392 -7.4123929039140295 -5.233514189987559 -5.1790416607978065 -4.737067998107209 -3.9936369038145973 -2.5044568292874305 -1.969545796887272 -1.782692942703712 -0.3438085686680066 -0.05998294908754618 0.2343986983166171 0.9404381518021502 1.7580662637682172 2.0970560747507854 3.0606492393365614 4.029222279389806 4.054936849805062 4.422169646073349 5.061498923733475 5.829104245065044 6.287845318278296 6.717700824364623 7.635283789668293 7.828718790086145 8.311092170949804 8.771240566447185 11.807678173709233 13.687280096412014 13.755157339378483 13.974040134184174 14.16124982951614 14.213036912041979 14.413849687820138 14.47365611800462 14.873153587566241 14.970502211918054 16.20904757670079 16.29828307684238 16.351235632060384 16.919808625619638 17.5204126398133 18.634317810721836 18.823986786754855 19.120171254605186 
0.23076923076923073 0.23076923076923073 0.0 -12.899769985081255 -11.92060809682379 -11.606658691828882 -10.290696665866006 -10.003390719816005 -9.238669059860527 -8.862810145801973 -7.803649881525374 -7.618270828488447 -5.1126425034587 -5.057224249140737 -4.735261764952004 -3.851817576491993 -2.5970701355938606 -2.1735813041506353 -1.9777413034305318 -0.27776364910322265 -0.08109580349317384 0.17314093380213555 1.2786372299734552 1.935382266529136 2.3220796750335495 3.1014194785256612 3.948654769991703 3.980801462881334 4.417410651163347 5.154213441103375 5.8076694517109875 6.040208108778605 6.7481540323290625 7.20793437774635 7.6644750809187565 8.03851753680411 8.567585681916832 11.495079396392308 13.78646454721424 13.986447885388609 14.333777491045067 14.385623805531168 14.49276332062451 14.653945456530577 14.740865610201698 15.215483449583676 15.235920464530906 16.28187814329761 16.293831118377692 16.3400627353309 16.94789879163251 17.497843387686213 18.401878374045147 18.848595957960182 19.16992609694838 
0.1923076923076923 0.1923076923076923 0.0 -12.992869603160157 -11.869812098460288 -11.638693697631108 -10.094087418176802 -9.870000056938464 -9.242858740618752 -8.844590384774545 -8.02590455833183 -7.816968870864943 -5.00610967276119 -4.953335248423693 -4.73250936942813 -3.704914565068534 -2.6740309802433724 -2.3638453251544203 -2.1612244019084184 -0.21458331360587782 -0.08985968134567837 0.11797882462047253 1.6350295780724688 2.145540095358797 2.516885918138253 3.1499085324048997 3.8430423407323664 3.952550340096536 4.421228881313069 5.233390050271492 5.662612041987942 5.75945667046672 6.567770235128308 6.807819239573542 7.7101624275378295 7.928375824050667 8.422600067262133 11.208919751220568 13.842453133225513 14.060566171557616 14.225054763321532 14.77621624092276 14.791150940908132 15.067333233148096 15.145593546668291 15.579795231222807 15.58094528297922 16.26974876065944 16.351779257777164 16.358867628398986 16.91462379447235 17.466101388361917 18.137555761028246 18.853826386369192 19.15662171515237 
0.15384615384615385 0.15384615384615385 0.0 -13.070525663967217 -11.821767252819122 -11.666458093710121 -9.900292561807161 -9.729408203619563 -9.247942758133757 -8.833567989957837 -8.244590207086702 -8.005297281929145 -4.9166746324848125 -4.863672004048357 -4.726263179537973 -3.558095899000832 -2.735197644858126 -2.529745590776725 -2.336808306416062 -0.15759321624816305 -0.08875482957975625 0.06537255287268458 2.000187184547916 2.381167302113635 2.6896474164611104 3.1979509206273398 3.7481466324105646 3.9127669608053552 4.433325327825012 5.227859024721184 5.458655766688375 5.518557534184312 6.288512539045855 6.441060837988178 7.843076183341369 7.9470529402307015 8.321351333855855 10.961263468495693 13.883540116485173 14.04915629222669 14.13078766328405 15.106975815414978 15.168907040013886 15.43847685338637 15.53302978932206 15.920813825375992 15.923959884812469 16.249524915537446 16.381567541620495 16.42114740911173 16.840363529526364 17.444091916954072 17.888755537995127 18.833427561834828 19.109413645266322 
0.11538461538461536 0.11538461538461536 0.0 -13.131818343420374 -11.779613429062094 -11.688986381937214 -9.709334415094451 -9.584120929802317 -9.251118636529919 -8.83514526414391 -8.457462044716356 -8.175296730688721 -4.851429865903764 -4.793757418266107 -4.723254492808636 -3.415892830512092 -2.78213814202026 -2.664040515833323 -2.5020936945494276 -0.11109626980003265 -0.07977537566179073 0.01803526484651052 2.3667207281774925 2.629460587224319 2.8576206647902707 3.243682798922668 3.659524899500505 3.8320642204951443 4.457037542029661 5.044790445591286 5.1488157434938495 5.521091571630266 6.010838721028039 6.1190054949623205 7.977115774642509 8.023174419915355 8.251969547263194 10.760553948774753 13.914858895407054 14.015728863623186 14.054794825335764 15.439121162048822 15.507164719121548 15.730381516367645 15.864782333240397 16.17111913679986 16.22745960972841 16.241848473458862 16.448650323859816 16.461700070037036 16.778396729974776 17.428426014746897 17.67516215201241 18.77884671381908 19.06975025223166 
0.07692307692307687 0.07692307692307687 0.0 -13.1757895811621 -11.746872615006119 -11.70525475940618 -9.523369679990124 -9.440948867081797 -9.254953744429878 -8.859347275110649 -8.658973210559193 -8.310956351483403 -4.807144735262942 -4.744301145744475 -4.715412183683526 -3.2817628462122146 -2.8150385268285905 -2.7608112775258977 -2.6514302484523937 -0.0761345880261443 -0.06528997460066402 -0.015973209600319872 2.7210291519801943 2.868791811396751 3.0377294431961923 3.2801419387689363 3.5757997281119214 3.6933579772471754 4.491499669569286 4.817118178605131 4.858178844704431 5.570541733343996 5.7905567239895 5.856138392389591 8.087811827363726 8.103570262355463 8.207643771182099 10.61331045179227 13.937512363662465 13.984600591327991 14.000680176895429 15.74165335550649 15.787403294963497 15.928446320099157 16.1312023746026 16.265735413059264 16.28862150434251 16.379870320479736 16.52610924439964 16.614068766653816 16.765956983107436 17.41091611433691 17.509562529452886 18.778567135931162 19.141090988662704 
0.038461538461538436 0.038461538461538436 0.0 -13.20233633224327 -11.72625495330721 -11.715651227174204 -9.352342631850586 -9.316254801906403 -9.256628169143925 -8.90810849548035 -8.842345515518636 -8.398430280729416 -4.781097901616352 -4.712771776002242 -4.70621488936276 -3.164411634966999 -2.834509614669898 -2.8205947820029262 -2.777838622758361 -0.05239364989793684 -0.049786959575333765 -0.037399020655920476 3.0420623251215457 3.0873281263870895 3.2091712684466347 3.300511230494899 3.4661754222123693 3.5050319325374044 4.523965319349983 4.621845401348531 4.629871788789635 5.604403435848191 5.6579794616467876 5.680073348509626 8.151177412331005 8.154499138458869 8.181992597986769 10.523154110513685 13.95151291227755 13.963550396044328 13.967303521807157 15.95616931521546 15.972332507770869 16.01638986041823 16.3026225709915 16.328122797202354 16.340963312416 16.35010772180675 16.707332455576047 16.74323734867567 16.779033157190963 17.38126299174838 17.39930211117368 19.170439264605918 19.62920816861271 
0.0 0.0 0.0 -13.211322209920299 -11.719177572592706 -11.719177572592692 -9.258235637200528 -9.258235637200489 -9.258235637197632 -8.942972867104388 -8.942972867104364 -8.427375470922884 -4.774037406927546 -4.702644866234189 -4.702644866234165 -3.1047217661172644 -2.840974142728283 -2.8409741427282675 -2.8409741427272297 -0.044978633187654785 -0.044978633187600925 -0.044978633187557064 3.287882045290785 3.287882045290817 3.2878820452908375 3.3069195152624395 3.3069195152624578 3.3069195152624586 4.538601763098412 4.538601763098431 4.538601763098453 5.615958978613145 5.615958978613155 5.6159589786265505 8.173074784353718 8.17307478435373 8.173074784468632 10.492861335430204 13.956088577125136 13.956088577125165 13.956088632538297 16.0359361176429 16.035936117643555 16.03593611764539 16.333169736703145 16.361725211884835 16.36172521188484 16.36172521188493 16.78629333762086 16.786293337620876 16.78632913599363 17.360046232567687 17.36004623256777 21.956320739777915 21.956320740129215 
0.03125 0.03125 0.03125 -13.202423122769845 -11.720915819081442 -11.720915819045556 -9.323998606318382 -9.323998606317392 -9.282750866457894 -8.871112539911524 -8.871112539911095 -8.399816991165455 -4.780719671826731 -4.709574026078443 -4.709574026078435 -3.1645213517840687 -2.825330185138567 -2.825330185137463 -2.7823805919597637 -0.05411308975093138 -0.042641117287108656 -0.04264111728706789 3.0908316348173983 3.0908316348175027 3.1274609778310225 3.330440713318396 3.4857349305581193 3.4857349305596896 4.560714897685475 4.5607148976892855 4.6540864710845975 5.641762578262899 5.641762578269249 5.659491016608248 8.161412284429845 8.163782990907885 8.163782991640192 10.522880570541501 13.95853893545907 13.961858794785867 13.961859091114887 15.969625301928222 15.97203211197211 16.010038856008638 16.320101067393924 16.32029350136841 16.326069038504098 16.351051416442296 16.72497075495502 16.725999215806112 16.783106143963263 17.38949981041702 17.389998291450894 19.24002243679815 21.40227897682815 
0.0625 0.0625 0.0625 -13.17607974276894 -11.725950453194201 -11.725950453156019 -9.45480337948284 -9.454803379482152 -9.35122988863035 -8.730079606782715 -8.730079606782311 -8.325272247067169 -4.801964189501016 -4.731117455263074 -4.73111745526305 -3.2849445261024535 -2.779196780270692 -2.779196780269261 -2.6667484079330057 -0.08199325331994481 -0.03561028516581249 -0.03561028516578503 2.8355535116092305 2.8818864901633474 2.8818864901634673 3.291132983389394 3.627773025615258 3.6277730256181293 4.635595955087505 4.635595955100119 4.916277538047199 5.717570003267392 5.717570003303968 5.786535000948827 8.124466242545045 8.134995135497956 8.13499513886752 10.612470952328957 13.965143482596524 13.978608541668681 13.978609922711758 15.790927376878173 15.794282716749418 15.933551895445405 16.197879960105706 16.19818327287206 16.22325042886196 16.395633005286776 16.572955556971383 16.576455458533914 16.769909045063624 17.452505681350186 17.454626912708196 18.806515422192312 18.88873023011228 
0.09375 0.09375 0.09375 -13.132569914334695 -11.733854990872485 -11.733854990797385 -9.6015395830315 -9.60153958302975 -9.44918836307252 -8.569430576651275 -8.56943057665119 -8.22072774441646 -4.834710899712819 -4.766286777679415 -4.766286777679395 -3.4263610543811316 -2.703691422057439 -2.7036914220558064 -2.5349934633317104 -0.11633290169789821 -0.024170639025130832 -0.024170639025005217 2.493374832354992 2.678401537574607 2.6784015375751684 3.210853868469203 3.6915035659993367 3.6915035660037367 4.7760778451248855 4.776077845157778 5.222106219934321 5.838090373314848 5.838090373392095 5.9913791343485965 8.068851101284244 8.090371042655104 8.09037104914182 10.75952454081166 13.975841643176299 14.004677984240768 14.00468156829478 15.531774963050076 15.534673373064363 15.815633636568839 16.004227064270054 16.00455721060505 16.05904942006898 16.367516597410862 16.37166398102505 16.427047302826416 16.764393194667534 17.53088901104195 17.535801324157976 18.20342210069358 18.93996240235349 
0.125 0.125 0.125 -13.071853639959624 -11.742955647814084 -11.742955647711817 -9.753635985328206 -9.753635985325294 -9.564599292715389 -8.399884669517354 -8.399884669517007 -8.097730594072507 -4.880085271114975 -4.814827201144673 -4.814827201144671 -3.580937606842236 -2.596950791340762 -2.5969507913391943 -2.393394799428764 -0.15577219635722675 -0.004158278749297424 -0.0041582787490584035 2.142335706382577 2.484751252885449 2.484751252886012 3.089293395474012 3.6707683528952506 3.6707683529013355 4.971873572911257 4.9718735729662775 5.52034642216256 6.006069085183021 6.006069085303354 6.261857675812875 7.999948077285979 8.038622851455699 8.03862285852491 10.961521179711823 13.98997035994145 14.038295104656044 14.038301881709797 15.239056269275592 15.240649527093213 15.65046681502763 15.749266907212387 15.749514835280321 15.847074289553555 16.121449361156223 16.12449238406892 16.37962888175156 16.83194814925256 17.61698292104583 17.62463792421786 18.203445697852693 19.02868628763598 
0.15625 0.15625 0.15625 -12.994491935020791 -11.751320912943042 -11.751320912943031 -9.906488066960474 -9.90648806696042 -9.688973165319121 -8.222925252965021 -8.222925252965 -7.961200164438909 -4.939173774826828 -4.87599692415267 -4.875996924152652 -3.746024863021034 -2.460025438411994 -2.4600254384119906 -2.2440322972958153 -0.19216313755173398 0.026658487919729454 0.02665848791975378 1.8095436343966051 2.3050438129430066 2.3050438129430133 2.9342823764413195 3.5849331902523023 3.5849331902523196 5.190197851199944 5.190197851199966 5.792385242195173 6.223003681083094 6.223003681083112 6.584728183997274 7.943409225415427 8.002074130875373 8.002074130875425 11.214577548264037 14.005592229039708 14.072994285266159 14.072994285266198 14.941048676666838 14.941048676666927 15.442787369114974 15.44278736911527 15.448778994711756 15.596249499445896 15.845100508934964 15.845100508935605 16.25780640690839 16.96919525889207 17.697265249819193 17.69726524982591 19.08439989178283 19.084399891892463 
0.1875 0.1875 0.1875 -12.901161512056058 -11.757482826902526 -11.757482826902512 -10.060383834572228 -10.060383834572216 -9.820672468278984 -8.041637522012346 -8.041637522012334 -7.816551450428554 -5.010107037230083 -4.949106817692327 -4.949106817692321 -3.9196890852642254 -2.295441902677435 -2.295441902677425 -2.0942908350001908 -0.22161683726013892 0.06708320039945659 0.06708320039946973 1.5082853749322271 2.138245503379695 2.1382455033797 2.750158778201324 3.4463875579639756 3.4463875579639778 5.386781869527734 5.38678186952774 6.003094746639978 6.488086450088103 6.488086450088142 6.941448678314269 7.928034740817532 7.998101440652077 7.99810144065212 11.512328700741046 14.02100188888997 14.088369503387774 14.088369503387856 14.66640996259342 14.666409962593912 15.096061005072908 15.09606100507299 15.203233185008903 15.323805997542 15.551962628628848 15.55196262863007 16.100040448798083 17.126730336029564 17.740868893320123 17.740868893330784 19.10705622683348 19.107056226884215 
0.21875 0.21875 0.21875 -12.793335482037904 -11.759817563758917 -11.759817563758856 -10.213407657658987 -10.2134076576589 -9.95590780782635 -7.858026149793229 -7.858026149793205 -7.666928936625583 -5.094501914080414 -5.034280857038898 -5.034280857038886 -4.098111661519555 -2.1046628273143875 -2.1046628273143817 -1.9479801678763513 -0.2482888607114603 0.11587819417975441 0.11587819417975488 1.2561569898892997 1.984647677040077 1.984647677040098 2.539826547792366 3.266112955543778 3.2661129555437816 5.523811884395944 5.523811884395971 6.119861958695011 6.805097652480251 6.805097652480275 7.327333742963235 7.995564536110651 8.050909226762899 8.0509092267629 11.847699319197819 14.023443569587089 14.023443569587144 14.031942724487779 14.462234774869756 14.462234774869822 14.719557999884502 14.719557999884621 14.891599635271358 15.048251979629256 15.26218737291709 15.262187372917767 15.932513367421656 17.263740562140256 17.717763947221442 17.717763947229237 19.117889867641132 19.117889867681047 
0.25 0.25 0.25 -12.671185201169601 -11.755574584330088 -11.755574584330068 -10.36443673205003 -10.364436732049908 -10.095872544706285 -7.67112626949344 -7.671126269493423 -7.51159399012788 -5.184915679303857 -5.1288418550440165 -5.128841855043992 -4.27680784466515 -1.8859406130991874 -1.8859406130991787 -1.8114452610400829 -0.268878672545903 0.17646605738072266 0.17646605738073362 1.069668533021333 1.8463725350526925 1.8463725350527151 2.317630020047688 3.0577120534748112 3.057712053474846 5.583593546322064 5.583593546322068 6.12259230246138 7.174544745670718 7.174544745670734 7.718330154199142 8.17806492064343 8.180498423628432 8.180498423628467 12.212796414713875 13.815631859847956 13.815631859848008 14.034456159976648 14.290974954484568 14.290974954484659 14.410268218713968 14.410268218713988 14.534371305005408 14.786484180914059 15.023889283055558 15.02388928305589 15.772678748485207 17.34072644757315 17.617865127269464 17.617865127277604 19.13859305204437 19.13859305212298 
0.28125 0.28125 0.28125 -12.536697801955892 -11.744577332237734 -11.74457733223772 -10.51345046175666 -10.513450461756543 -10.240934442894858 -7.484581653017471 -7.484581653017454 -7.355884579771485 -5.2864015642978375 -5.235667304726996 -5.2356673047269435 -4.452091734510475 -1.6960504061824848 -1.644637465152034 -1.6446374651520153 -0.2862782652334976 0.2457301181774739 0.24573011817749424 0.9539528472114884 1.719029342190457 1.719029342190466 2.079325927951541 2.8191241379535454 2.819124137953554 5.5656030618315375 5.565603061831542 6.024620530944593 7.5826633514077475 7.582663351407779 8.101396081929837 8.384125296339812 8.384125296339866 8.470820947873381 12.594152427882214 13.514592022548507 13.514592022548545 13.901231305225673 13.901231305225696 14.007398871684837 14.145266340434844 14.325909663980722 14.32590966398081 14.537865445804384 14.884616150903245 14.884616150903478 15.624460781562039 17.32891294700938 17.44984938563906 17.4498493856423 19.159986034661884 19.159986034811972 
0.3125 0.3125 0.3125 -12.39108191334924 -11.724684490834125 -11.724684490834063 -10.65733839843497 -10.657338398434943 -10.387849504932227 -7.298576093549638 -7.298576093549599 -7.195839293806927 -5.396022449853264 -5.351805034260936 -5.351805034260931 -4.617350498031373 -1.6116177553308535 -1.3820585035398916 -1.3820585035398805 -0.289792241433435 0.325096432005528 0.32509643200553573 0.9139584508634674 1.6025831620660134 1.6025831620660147 1.832911785885879 2.557791907439516 2.557791907439517 5.4941442927878645 5.494144292787926 5.865282559444375 8.01904212833072 8.019042128330748 8.4807200180929 8.653120028696792 8.653120028696794 8.847689485029342 12.974901994088192 13.165697888491035 13.165697888491044 13.49825068165872 13.498250681658721 13.716821559170915 13.927302433044819 14.219943962463093 14.219943962463281 14.356538640886583 14.86480038822451 14.864800388224724 15.49808522773237 17.224521026632356 17.23930780345057 17.239307803456303 19.17134734729321 19.171347347420163 
0.34375 0.34375 0.34375 -12.236056841592323 -11.69522817466735 -11.69522817463155 -10.797224256218778 -10.797224256204782 -10.541858866048093 -7.113790018371631 -7.113790018371582 -7.035052845595415 -5.51923435739225 -5.47932514487136 -5.479325144871326 -4.768483776524912 -1.5671435406570011 -1.0994798815894768 -1.0994798815858544 -0.26443013920352165 0.4082687289889468 0.40826872898902233 0.934143594818393 1.4951846432892544 1.4951846432892841 1.5853505467217415 2.2719721758027918 2.2719721758028375 5.3905050907954974 5.390505090904635 5.673869618233586 8.47233839484066 8.472338400244785 8.85987755902231 8.970898437980386 8.970898444260508 9.267763829150473 12.775881076956862 12.7758822443234 13.085215039067206 13.085219857098506 13.241951564793853 13.342899192672567 13.735708430846028 14.110739030740845 14.110783586307218 14.29941610471587 14.909206449836187 14.909373387622617 15.392814912615808 17.00565374383824 17.01448101199489 17.016302929139563 18.779155218542833 19.155040505352467 
0.375 0.375 0.375 -12.07302613543114 -11.65510396234479 -11.65510396228173 -10.929610129927662 -10.929610129895897 -10.700425392346846 -6.930104218685664 -6.930104218685414 -6.872133100506055 -5.646678362922182 -5.613457517671012 -5.613457517670983 -4.90001781133012 -1.5595888890350433 -0.7993101912036668 -0.7993101912001291 -0.1972660387846601 0.4931394312538439 0.4931394312539181 0.9956102428979459 1.344090628137573 1.3975866925245009 1.3975866925245244 1.9796132019633417 1.979613201963344 5.279992785529481 5.279992785654584 5.480161970589718 8.930425507271517 8.930425513409071 9.250782208974794 9.326772257852546 9.32677226444767 9.703046096215001 12.372657329729783 12.372657913292427 12.672695892110767 12.672697918620752 12.818723273153719 13.312696626691476 13.74420081143429 14.03432123932181 14.034343230217152 14.360581792487217 14.980244275566875 14.980477810390717 15.313921499338043 16.77033509294377 16.776159234597763 16.839377866105675 18.877753542600523 19.11649376080054 
0.40625 0.40625 0.40625 -11.904169132905343 -11.604030557256584 -11.60403055720472 -11.054677154872422 -11.05467715482186 -10.863288909943996 -6.750847399123198 -6.750847399123087 -6.710724031052606 -5.779087012437081 -5.7531236422112935 -5.7531236422112695 -5.007517526438333 -1.5763718025592797 -0.48927753276171093 -0.4892775327584341 -0.08906617303858619 0.5724978923779059 0.5724978923780236 1.037614515568888 1.1457711544072082 1.3065715545623473 1.3065715545624463 1.681763514503955 1.6817635145040202 5.177349558740059 5.177349558884446 5.2994579877255745 9.384880925957981 9.384880933144958 9.65439697239676 9.710777874212473 9.71077788340271 10.129201167715882 11.961298521690921 11.9612988151071 12.25511051100254 12.255111461046004 12.360044245002895 13.01957213202787 13.886426361335982 13.989471905174584 13.989482849533434 14.550762188141752 15.056623461004328 15.057043210669862 15.258672891615984 16.547986506452606 16.55156870898489 16.643284421430984 18.931266248481364 19.061573361290414 
0.4375 0.4375 0.4375 -11.73107551030515 -11.541538745549529 -11.54153874548243 -11.169656156101995 -11.169656156019208 -11.029261566240265 -6.576889936114571 -6.576889936114564 -6.551958366197206 -5.917777361862272 -5.897871652378187 -5.897871652378145 -5.086793692957305 -1.6004686670862198 -0.1740394402297946 -0.17403944022687426 0.051359002017313894 0.6287088606737778 0.6287088606739125 0.8582154802216089 1.1795273298840567 1.2255067125527161 1.2255067125527237 1.402130571879237 1.402130571879237 5.0958773690490204 5.095877369207245 5.155025216475559 9.82867812657768 9.828678134299254 10.07313170896305 10.117241090828571 10.117241104509937 10.52730474176274 11.549920830494104 11.54992094212935 11.83290897274049 11.832909383677805 11.897496398747897 12.702880498789558 13.944789895763542 13.971188003782304 13.971192767476717 14.820076436578068 15.127415416145986 15.128154865390135 15.223899733010587 16.359659074311796 16.36145026887038 16.442601563039926 18.951779271097738 19.00837050417534 
0.46875 0.46875 0.46875 -11.556774795236812 -11.469436897798627 -11.469436897723966 -11.274663318421029 -11.274663318299737 -11.199906922663498 -6.410997942100391 -6.410997942100369 -6.400829775618432 -6.058655736422757 -6.048315728263376 -6.0483157282633435 -5.1359127458240454 -1.620812964272064 0.12845698258491042 0.12845698258742325 0.2120163562745244 0.6125444183693124 0.6125444183697639 0.6498330820655336 1.1564465322642743 1.1564465322642807 1.1887821074670017 1.1887821074670144 1.2332160933111045 5.042289126922749 5.042289127091274 5.05857345232701 10.252584638704084 10.252584643315126 10.497963288345789 10.53816587242451 10.538165900444799 10.845769406750577 11.141454645306924 11.141454667792406 11.403817980280992 11.403818163347042 11.442796806277824 12.42885992522224 13.962166422199218 13.966692379400795 13.966693833303095 15.062148075842364 15.178872668499752 15.18003525827231 15.204099309241586 16.228912457068883 16.229405263519027 16.263170140771635 18.955517748467603 18.968650039455685 
0.5 0.5 0.5 -11.41036303923804 -11.41036303923801 -11.410363039237964 -11.345217213172134 -11.345217213172099 -11.345217212970686 -6.302349138499303 -6.3023491384993 -6.302349138499258 -6.155509974210972 -6.1555099742109665 -6.155509974210853 -5.1526087183438305 -1.6285163803665053 0.3286615852296109 0.3286615852296154 0.32866158523241 0.5145722878278656 0.5145722878278846 0.5145722878278963 1.1097892783200876 1.1097892783200924 1.130783045141116 1.1307830451411165 1.2533849486598214 5.023139922716867 5.023139922716888 5.023139922892466 10.563460073006429 10.563460073006445 10.831797176971605 10.831797176971625 10.831797176971662 10.955377394318047 10.955377394318052 10.982771799393348 10.98277179939337 10.982771962369306 11.09752874759331 12.305383959427717 13.96548087264772 13.965480872647781 13.9654808726478 15.16710140659182 15.197783898102104 15.197783898102143 15.199172934048601 16.180826981546844 16.180826981546865 16.180826981546883 18.95364158774074 18.953641587743085 
0.4642857142857143 0.5 0.4642857142857143 -11.52302808464796 -11.522630067348738 -11.406244865449679 -11.340759509910189 -11.228566881188854 -11.226729023893443 -6.430421987759594 -6.43036289833488 -6.30078202874788 -6.154222187522151 -6.0314783613212075 -6.030983420229995 -5.13809901124133 -1.6217773685183288 0.12170997289247254 0.13741136363311324 0.2981908488320317 0.4803966482626444 0.6588884948906581 0.6754861728287075 1.132304802603674 1.1350506007666747 1.1914947233022863 1.1915376045148756 1.2426913672922575 5.027186074880615 5.0455808317584125 5.0603755705617735 10.195110314021255 10.310527791036318 10.473481328237348 10.632743744538542 10.74341413746121 10.842499890508675 10.971596837071443 11.184095270006527 11.205738167987812 11.446450471091348 11.463949599203902 12.418766917173688 13.954007792827722 13.96815876043285 13.972952530259125 15.07565754404371 15.172774013534962 15.183921135555345 15.210340610075496 16.205154948545175 16.23169128300744 16.261619747489014 18.94472918660665 18.973907224726528 
0.4285714285714286 0.5 0.4285714285714286 -11.657112674643614 -11.656518580434183 -11.39452782565963 -11.328019269204422 -11.081104970748138 -11.076060041615817 -6.617400050002601 -6.616685148897434 -6.299817721849464 -6.153740147202796 -5.863072149308254 -5.861455483561486 -5.095359050231654 -1.6033766137228032 -0.17302822318911137 -0.13503887957983618 0.22235769739722622 0.40420998828175364 0.7827392647350545 0.8058959335814763 1.1025102723365119 1.209737756729129 1.2537065907388036 1.384072311373177 1.4016495425026287 5.036859891802429 5.110741505626112 5.162127976255546 9.714578146326502 9.861021659471541 9.978490792290465 10.221912248009179 10.71082676733672 10.866195797458055 10.955221875914539 11.27769641076547 11.674408570641083 11.943819622141513 11.952247264321558 12.705708959326474 13.923588638528408 13.969661842184262 13.990826778899462 14.864319561488003 15.109771283951417 15.140972411462144 15.242466904065827 16.27433680489856 16.366752213299584 16.446210527801608 18.9164091441404 19.030525862725742 
0.39285714285714285 0.5 0.39285714285714285 -11.786793930524047 -11.783991467452818 -11.37569017562611 -11.307543476971388 -10.931641317319412 -10.922163371849505 -6.8137663335630725 -6.811731378263503 -6.29961028932243 -6.154378211432655 -5.704142742694446 -5.700886693318605 -5.026540227517827 -1.5798953800430966 -0.47849678812671165 -0.40631613552012225 0.12847793695175258 0.32159000857072095 0.8203689140784685 0.8276466031046492 1.001457575374461 1.3432670186506641 1.3799652235001334 1.6355996827218988 1.6768068433871073 5.049942525553063 5.20799007532177 5.312948429613877 9.22471281556549 9.401019487949503 9.488347207974183 9.77685706977742 10.678319788797834 10.903159768879878 10.927297368028823 11.298466431274502 12.14149663864002 12.429218062699126 12.454144635736224 13.074808091313907 13.886356267614783 13.944256482043876 14.017610070164013 14.627426059010372 15.040313268127209 15.07307598027823 15.283332600367313 16.379192985425284 16.55569991809319 16.666450729230583 18.870510013705793 19.115454401810084 
0.35714285714285715 0.5 0.35714285714285715 -11.909168177282124 -11.90314740080265 -11.350247033066688 -11.279899840435334 -10.77822119601481 -10.76339638160991 -7.0148606419071236 -7.0108311521727 -6.299764343140341 -6.155042033284852 -5.55054885646385 -5.5453249870329415 -4.933550266697862 -1.5612499488895635 -0.7805505142160827 -0.6524592930495211 0.03255045511782772 0.249820621920835 0.7427409476198676 0.8342320270630101 0.9066672858602867 1.5152246343636782 1.5554486997217167 1.9185939529743137 1.977097238752062 5.0673089183797035 5.32762577240299 5.4993175343371545 8.732169189905816 8.95350747010897 9.012733074150447 9.321651211437139 10.64210446091974 10.895431327014569 10.9541764879347 11.28815310564301 12.605775905559517 12.901664736081885 12.966947239740716 13.47061606808667 13.841514933510382 13.866705774768192 14.056055606203657 14.442405067851567 14.989890623795517 14.994840355303966 15.326449947595664 16.502628962979408 16.770969992924275 16.906506418763104 18.815092302324345 19.222718540021415 
0.32142857142857145 0.5 0.32142857142857145 -12.024203813970892 -12.01419848716089 -11.31930796657819 -11.246290768737936 -10.62344026410906 -10.6027560598811 -7.221279481643303 -7.214463214054519 -6.298749918777972 -6.154636061046093 -5.407604457927939 -5.400172894762352 -4.820186755471624 -1.5697296697155794 -1.0751524158371473 -0.8527484526343179 -0.05663040181042254 0.19661363662779016 0.5951167199641009 0.8258583355757044 0.8469165538337486 1.710277364235909 1.7557708324840724 2.2109654279770155 2.2828420757393335 5.086047104876376 5.452066471970129 5.694322538359681 8.237528339111284 8.52210544275373 8.563934894398734 8.865491303555554 10.597843953207978 10.85795307349182 11.012079450920556 11.257655448762863 13.05060368622511 13.358589251260367 13.457032709765821 13.64409610090122 13.758057383316737 13.976153134194595 14.106851493321667 14.347713579083809 14.89741470775418 14.988235638823712 15.368663852242129 16.621076558096245 16.98618262528358 17.17194750253919 18.756298631522718 19.341083300929526 
0.2857142857142857 0.5 0.2857142857142857 -12.129735954911766 -12.115249754904704 -11.283778819639668 -11.207747769898594 -10.465676304681683 -10.439107922645464 -7.428344189645966 -7.417862773531445 -6.295379458128412 -6.152058910449212 -5.273797903755489 -5.264163707847695 -4.690867550842253 -1.6348129148468833 -1.3583253757487574 -0.9791057406237225 -0.13772772126484306 0.16359916128134208 0.42454985849396837 0.8076297035610008 0.8167663696798779 1.922420788613575 1.9702043428226101 2.508968894385359 2.589157984531885 5.10540993728929 5.560153872069477 5.882461984478802 7.746499971873005 8.112027682148812 8.169672262450614 8.419412104161136 10.556452365405942 10.824200131314788 11.078995959320903 11.223877992302057 13.357244003523693 13.4629515644811 13.747017456903242 13.858021415774978 13.947157773053716 14.153677288844815 14.350544509019795 14.357555261727265 14.807025649723844 15.025169408306434 15.412178113818147 16.712927404927704 17.191869880139365 17.466844522664964 18.706665978209312 19.46388846684533 
0.25 0.5 0.25 -12.225512154344802 -12.206343422173324 -11.245823101113382 -11.166634064965816 -10.306303025722395 -10.27432296023441 -7.636749489288401 -7.621811906630034 -6.293379241220036 -6.149821098737758 -5.156231305134776 -5.144727090152712 -4.551231452901372 -1.7605532254712577 -1.625411164327057 -1.0323356891717317 -0.20947805310510015 0.14978617499435318 0.2504322074991828 0.7815067605714927 0.8148367615053749 2.1454734401174864 2.18938381365724 2.7977883600989975 2.878618900642851 5.120792266505665 5.610860484610827 6.042155973966459 7.260349422840796 7.72577997938185 7.8462042263321905 8.007127237938878 10.517901039087041 10.794910304626201 11.146256650468757 11.19171389491896 13.084811748352992 13.773298108302194 13.797402724498602 14.10735769096546 14.249975988790464 14.378013186872524 14.572261471790881 14.720169055771796 14.755506321313701 15.090105772993256 15.45685255792767 16.761866800489226 17.375368350886323 17.782543909709293 18.670851901434876 19.582926049716693 
0.2142857142857143 0.5 0.2142857142857143 -12.310213168395823 -12.286428001963344 -11.206238666653398 -11.123809297516328 -10.143613061430008 -10.107228380259722 -7.845340204332247 -7.825055233643324 -6.290442192308836 -6.145976593968671 -5.049176575250944 -5.035989830494864 -4.405733826500889 -1.9150336590013077 -1.8722316345829297 -1.0410217605562118 -0.2709072120251168 0.08845224991226068 0.15057509479060333 0.7729286321824534 0.8331002278355777 2.3825015817513715 2.4133053154955832 3.0823268786159526 3.1526059080705604 5.133957414512478 5.562667279215906 6.177436704570795 6.786904724758352 7.364581599682078 7.501623977714599 7.7596252872426685 10.48654412334 10.77090204688656 11.146974871057894 11.229912601975993 12.818136407269508 13.820317148205996 13.934918649894701 14.093579310639756 14.554945672380066 14.732986567229057 14.763655889322335 14.949911133271382 15.127947513921194 15.168166372011726 15.505711075053824 16.764831682747598 17.537036884890366 18.10767722971088 18.647725533279566 19.69382391349787 
0.1785714285714286 0.5 0.1785714285714286 -12.383395991633114 -12.355300618683641 -11.168398459819251 -11.082880376088266 -9.978545925352467 -9.93926450017974 -8.050280312833843 -8.023759108361316 -6.287080548634766 -6.141509553659666 -4.956494763594878 -4.941845939729115 -4.260638223828441 -2.094964236779313 -2.067850499433698 -1.0359141617677485 -0.3261206958555189 -0.05508660919288014 0.15593473257313273 0.7807950352896441 0.8756918153871501 2.6295284035811766 2.635124868280581 3.355187243812286 3.4012177076880135 5.139155344334495 5.404741617509504 6.294492840645544 6.332377685239366 7.033643971687821 7.1044697160088885 7.7090783892192585 10.46360991045858 10.754258787273226 11.121146941889311 11.299183359139713 12.57246132743618 13.842574678138515 13.932418737405095 14.16602900928936 14.552900627264618 15.094269743601755 15.10509953091367 15.242570157232965 15.335303935664957 15.47470583394033 15.56851674412084 16.730269923279675 17.66235440386436 18.438272490601708 18.631348887229972 19.792645660664768 
0.1428571428571429 0.5 0.1428571428571429 -12.444209129943816 -12.412289622169741 -11.13319313820324 -11.044870244544935 -9.81197144290731 -9.771845341536883 -8.25271159880754 -8.218959896368169 -6.283749352390414 -6.1375545810882555 -4.881866117438727 -4.8661316120798785 -4.122291489584184 -2.2923318829621744 -2.20581813587235 -1.02942178762978 -0.3765121714418666 -0.17320521320947632 0.16032639870239512 0.8037490380019338 0.9393628878230734 2.849442327233739 2.8893334119589986 3.608855366581349 3.6165145409101127 5.128413786013224 5.183608497637127 5.914512411251109 6.382255906674971 6.724966360065428 6.735107068174808 7.748487765204752 10.444872856665281 10.74303135895155 11.09809592783754 11.360242258626553 12.355592056988316 13.858510770055522 13.88380736812544 14.259936677309113 14.521712911950985 15.296146877490512 15.410545070648553 15.474052371391792 15.647205538209118 15.670180090283493 15.789981063371709 16.672833534706516 17.732652296454404 18.61392674165011 18.767786433021058 19.878550341871975 
0.10714285714285715 0.5 0.10714285714285715 -12.492316743210804 -12.45723358095648 -11.103397478397659 -11.012711070729013 -9.64389339698216 -9.605691803600106 -8.452190383365771 -8.409853540815345 -6.282130524029346 -6.134664291671172 -4.823404494667941 -4.806806460491169 -3.9980523623801947 -2.459824689556174 -2.3195472518444173 -1.025217135873931 -0.4289305081643914 -0.25814630531268096 0.15742039951041928 0.8352499854325072 1.014917116551821 3.05278716065975 3.1590747622372 3.789887449104304 3.81727953984521 4.979480700616074 5.058116693300508 5.585641166984365 6.277874309041155 6.471678288008592 6.532099226270113 7.817514872667284 10.434355111239842 10.737833588153409 11.081700094285695 11.411562853740307 12.175390016808766 13.8373034443612 13.865263529840979 14.344676016191876 14.501086839341514 15.344093918513956 15.60633031679812 15.78777260399928 15.81231400614974 15.944629027140287 16.045226764028786 16.609266980378546 17.742430009214548 18.594882524025575 19.10485490520354 19.958290708992088 
0.07142857142857145 0.5 0.07142857142857145 -12.526890258297303 -12.489469953786733 -11.081004728084215 -10.98855896126564 -9.477996886315456 -9.44555657655326 -8.64252533624653 -8.58947021092104 -6.2768571672963205 -6.129350749816616 -4.780385050628917 -4.763093657547568 -3.895803697530268 -2.5904082929459986 -2.403563861255375 -1.0221571935519105 -0.47783956518232173 -0.30936678759323055 0.15156239476677616 0.8679769012701918 1.0861628200302875 3.2446835144232566 3.4410589134699476 3.9186852312060263 3.924145818708934 4.839915085586377 4.890451281184139 5.445841455101621 5.943507549793104 6.251436920266937 6.57042157416709 7.883424744828406 10.431132064099433 10.739451516886882 11.07376647328748 11.452871621845976 12.039213680521385 13.8015560291814 13.865448960131216 14.413830277151938 14.489727892180106 15.374626012139014 15.70333578104248 16.010362078568637 16.0392955978685 16.14598832584829 16.240576593575845 16.550938999681897 17.7140441921241 18.57527434968187 19.4289330274363 20.060679836086564 
0.035714285714285754 0.5 0.035714285714285754 -12.547738066411412 -12.508887008758068 -11.06662778520607 -10.973075645031733 -9.322909826821812 -9.302774453111066 -8.811566038013757 -8.743160189860953 -6.276260222165134 -6.1282778665367035 -4.75553272760369 -4.737765192763287 -3.8268158755682093 -2.676372949744122 -2.4561208417058853 -1.0219238786792826 -0.5117664439230798 -0.33649832505351834 0.14871610258721782 0.8938363540217463 1.1376237344190212 3.4149844163872913 3.724560134721647 3.8867599654780016 3.988588328422351 4.544492721609092 4.9748704470982394 5.437836025932141 5.6290754031901695 6.096479182429414 6.606145543227309 7.93016637717675 10.427940244175966 10.7391507459782 11.067304006949652 11.475737116669979 11.953347064268433 13.779453699290215 13.863413857213962 14.461132977622608 14.483565178010755 15.388572556974191 15.767729102685841 16.146620632424327 16.208120459228038 16.26395346213531 16.371268650524318 16.500096965550988 17.680605497507973 18.55905347224506 19.660148466472716 20.161554525874315 
0.0 0.5 0.0 -12.554403253766857 -12.51506518454307 -11.061538558047936 -10.967656765541756 -9.238998180494239 -9.23217452943189 -8.897782245967768 -8.815077575773756 -6.270981300909021 -6.123305886405926 -4.74249025771441 -4.724480138992866 -3.8012654244278425 -2.7048498741915905 -2.471868692808933 -1.019043109227958 -0.5237685847078225 -0.34216967422762473 0.1472774448596071 0.9041061018531223 1.157906975416757 3.5082529323631553 3.8305587109523254 3.9386040057205136 3.969395929247674 4.371816537269803 5.092553848485929 5.452168563189838 5.452405093170656 6.0404993520796 6.621809710585686 7.955450131168042 10.436233810451494 10.750027642508309 11.073228839462637 11.493910068057357 11.92488782376531 13.772082289722746 13.862742661630723 14.47897306957078 14.483153298636436 15.397718974605226 15.794391721854948 16.19437334399891 16.275217934665875 16.3007755889421 16.447823789260013 16.457828832540347 17.66766649980201 18.55274875570887 19.743425276868674 20.17532199790738 
