 5.26990207  5.26990207  5.26990207 90.         90.         90.        
C  0. 0. 0.
C  0.88107913 0.         2.63495103
C  4.38882294 0.         2.63495103
C  2.63495103 0.88107913 0.        
C  2.63495103 4.38882294 0.        
C  0.         2.63495103 0.88107913
C  0.         2.63495103 4.38882294
C  1.54721724 0.         0.        
C  3.72268482 0.         0.        
C  0.         1.54721724 0.        
C  0.         3.72268482 0.        
C  0.         0.         1.54721724
C  0.         0.         3.72268482
-80.07305106
52 bands 
kx ky kz  bandenergy1 bandenergy2 bandenergy3 bandenergy4 bandenergy5 bandenergy6 bandenergy7 bandenergy8 bandenergy9 bandenergy10 bandenergy11 bandenergy12 bandenergy13 bandenergy14 bandenergy15 bandenergy16 bandenergy17 bandenergy18 bandenergy19 bandenergy20 bandenergy21 bandenergy22 bandenergy23 bandenergy24 bandenergy25 bandenergy26 bandenergy27 bandenergy28 bandenergy29 bandenergy30 bandenergy31 bandenergy32 bandenergy33 bandenergy34 bandenergy35 bandenergy36 bandenergy37 bandenergy38 bandenergy39 bandenergy40 bandenergy41 bandenergy42 bandenergy43 bandenergy44 bandenergy45 bandenergy46 bandenergy47 bandenergy48 bandenergy49 bandenergy50 bandenergy51 bandenergy52
0.0 0.0 0.0 -17.48931646568289 -16.00153478032911 -16.001533640267926 -13.70387682302986 -10.58396267572686 -10.58395898856844 -10.583958887030965 -6.121636283202291 -6.121632951910439 -6.121632557487615 -3.881579464319529 -3.8815757341779635 -3.88157530089678 -3.4640426783512575 -3.4640384850647163 -3.46403725544647 -1.8794226672747354 -1.8794120090226119 -1.879405289300333 -0.9416773191619194 -0.19759253623681472 -0.19758663426519704 2.6335446433901275 2.633545957291932 3.804486318585593 3.8044925079327965 3.8044960155349234 4.754416278615511 4.754426649247378 4.754437647120104 5.900476226786632 5.900487930270778 5.900494011871171 8.804783402563562 9.997337265023779 9.997351248703483 9.997360518473641 10.882775314490127 13.34146796410348 13.341470301888684 13.341474731277021 13.619825531608864 13.619842468198845 14.169263623180624 14.169273300010873 14.169275130790973 15.907461135159933 15.907467553594218 15.907468857577415 16.124838944060556 16.124839312936842 16.124839937311577 
0.0 0.0625 0.0 -17.481952691797947 -16.01105200693481 -16.0019719775588 -13.729888451026277 -10.58339167358437 -10.58140120211176 -10.522771300844287 -6.146394825267963 -6.137286890563866 -6.122317142782646 -3.968641462754449 -3.9654448480470488 -3.886207444832935 -3.5021312236754314 -3.4651420598453337 -3.3423002253160075 -1.9023242458673848 -1.877801806067155 -1.8346347406648364 -0.9123417335370082 -0.1847459065509248 -0.16620646822983157 2.6327845093947553 2.682799957817097 3.7657816939132314 3.8044912501140025 3.81194001486852 4.736262930394513 4.739586842006102 4.7433186788222566 5.851878163791812 5.892962919919751 5.8989335802449405 8.833306011215157 9.951147042891812 9.954971324918306 10.005672193039638 10.933236009797824 13.21074367269869 13.359302749756315 13.371505947430704 13.574822047769196 13.66915096995173 14.160262780265565 14.164047180136572 14.284745715623318 15.733938613895228 15.8915237802916 15.921760293522725 16.083530353047916 16.1698041936269 16.314025417630493 
0.0 0.125 0.0 -17.45894315793347 -16.03809724659761 -16.001871999894064 -13.797428930330911 -10.579060357128743 -10.572336265861093 -10.345073319723348 -6.21079580063471 -6.1819664232411835 -6.1232597104814905 -4.202173959650467 -4.09589645916872 -3.9017557172174158 -3.5918174452868437 -3.465486338976962 -3.0973110577555825 -1.955607400978921 -1.8667384131875266 -1.712846709300462 -0.8326196848345885 -0.14251341239384774 -0.07739623204733206 2.6343990780287387 2.8260050090146236 3.6665066883649082 3.816069980170944 3.8427424121120612 4.6945659570185185 4.709292699471191 4.722261156325821 5.719551774006545 5.875072113530727 5.901565527613992 8.91934618961553 9.82514139072119 9.862740507794875 10.036963316018923 11.06222708483176 12.980088848707068 13.41721812010217 13.465966458148404 13.480836295277733 13.70494526622102 14.153067223486548 14.153291876096876 14.553111978236542 15.553294241390516 15.866014280424796 15.915597346192992 15.955189283581845 16.307078396065794 16.510465128186485 
0.0 0.1875 0.0 -17.421877298747347 -16.081347654778288 -16.00130285809498 -13.889589927014052 -10.571688547517255 -10.557762330746485 -10.07217388919908 -6.30262468959096 -6.261694987791365 -6.1224289989959155 -4.527201940775962 -4.202554916977958 -3.937186320413119 -3.690104531700646 -3.464556822017279 -2.8182262132918154 -2.0264871854111624 -1.8436661459336094 -1.5487101967004109 -0.7339934798953582 -0.07269377264764637 0.05025127446235498 2.638257361673161 3.0362143872410385 3.509780621192793 3.8361352505745385 3.8957524916239206 4.6392435102416165 4.662681181389 4.69138136757201 5.518854614349913 5.850358929812586 5.90428775493638 9.063276643434023 9.63728363768586 9.756459487720988 10.085240432305007 11.22511451399806 12.739178289956634 13.37821927779098 13.51608086103804 13.622503882880391 13.688351185587008 14.143705642933948 14.17762704431952 14.835681931734218 15.45996565138638 15.688229700947007 15.849645511208031 15.855539122178717 16.463237712505986 16.617922832916406 
0.0 0.25 0.0 -17.37435616713918 -16.13750745235079 -16.001086007591887 -13.985594304230178 -10.563483830109924 -10.54005850034941 -9.727393212439639 -6.407052719965103 -6.393247396332301 -6.12181073966782 -4.880148313745736 -4.281960279808958 -4.008034507857379 -3.7552053120530458 -3.4625309145798404 -2.5460230838288105 -2.103429129198599 -1.802651985453354 -1.3776980221965165 -0.6428474563683247 0.018770785006131514 0.1905148527576006 2.644474064840237 3.276044156052327 3.311816981460602 3.8627772823490414 3.9679387548787224 4.577941539393481 4.605954845055097 4.651261214081965 5.2809195132361415 5.821981264083915 5.908646779959543 9.260839620536803 9.408155195435267 9.662291119257679 10.141065336114599 11.392784622517498 12.513624564621642 13.279802901709342 13.619863159904932 13.648973080550844 13.831064858712546 14.138297333599173 14.243879831128337 14.838790301527155 15.447913672439789 15.525958944214231 15.730284447373762 15.852778863825096 16.47841458671045 16.650104664669417 
0.0 0.3125 0.0 -17.321344360537474 -16.20035408901433 -16.000646397368833 -14.070713216363739 -10.55560608221237 -10.521969540945596 -9.333802276005436 -6.599494169335554 -6.50722675540843 -6.121185927020179 -5.191858017785696 -4.3379365624591575 -4.098864654529093 -3.784409221249881 -3.4613153787282083 -2.322706563575901 -2.1708389862421047 -1.7297213702686731 -1.2228271699003113 -0.572410449291575 0.12342741897504361 0.3238761681297883 2.654285314876761 3.099649408708633 3.5085793815822526 3.8929949293609902 4.053678235426917 4.521047809536676 4.544147168445875 4.605515410312183 5.036045812419863 5.793822550659345 5.911699086465537 9.172199510034256 9.477841351129124 9.615176515094623 10.193970976229842 11.546379773980496 12.323916966817325 13.178491636169907 13.509943320481508 13.812596336488653 14.06818062589084 14.154935216478112 14.348677816548062 14.42680782713779 15.50214979941447 15.629611312388255 15.661043439998393 15.872811094242493 16.342967996431085 16.638267643027476 
0.0 0.375 0.0 -17.270340201388894 -16.260300419201567 -16.000180747149365 -14.134254816075558 -10.548045015400389 -10.506064249660971 -8.915286449532612 -6.8892160858880125 -6.5885187253748505 -6.120107377391849 -5.413786425283259 -4.370976215873621 -4.179697940255024 -3.7949600667398817 -3.4584402218315837 -2.2224965892910507 -2.1794519413911155 -1.6197808067314865 -1.099741272791055 -0.5234476525499364 0.22413583233677228 0.4333468858701229 2.6660733188795787 2.906537204343676 3.704244279408555 3.924460355198114 4.1474489496313645 4.475769997197579 4.487997871402599 4.55892885597126 4.82207627292762 5.772984129722635 5.918272755634521 8.969353621277964 9.506991216800591 9.806440045884662 10.240646622698199 11.677170957045464 12.19495888858528 13.021375988541081 13.399170561023563 13.993436667945476 14.017180337375814 14.124986665314573 14.404412593570852 14.459622207559333 15.542447552670088 15.607632166229033 15.773745997450941 15.897397022366935 16.13100914446483 16.6031798467638 
0.0 0.4375 0.0 -17.232294079026243 -16.305193294946406 -15.999922532212533 -14.175045683914663 -10.543700704347268 -10.495898874449574 -8.521193106785699 -7.224174075026919 -6.641359148482518 -6.1206311504305155 -5.537994045846796 -4.391367594049898 -4.232743593963238 -3.800402419352218 -3.4571433617121095 -2.2564220076019796 -2.1124883011495044 -1.5154151824661508 -1.022126595296607 -0.496620416203559 0.29569188220197146 0.5028883032508552 2.6761663365572987 2.7667456461851416 3.8349201395532173 3.948134145147917 4.226425141401972 4.444706683942758 4.4467249570185485 4.510129000343328 4.664546832579712 5.7560675147947 5.919310191372603 8.825302879507467 9.47913822440762 10.027010631325913 10.266005959670936 11.767421576740414 12.147740020529437 12.766025151376088 13.349228931470542 13.764546510929435 14.12953166293153 14.168585690347927 14.534831584387838 14.90013311316884 15.672958879384305 15.720471585448136 15.839714034335715 15.917748215470844 16.07637586223088 16.566665900973508 
0.0 0.5 0.0 -17.21790435504415 -16.32187953776943 -15.999764633516342 -14.188842828577705 -10.541896346998675 -10.492107173889593 -8.313537108276924 -7.415871666937221 -6.659942632901938 -6.12029632834487 -5.576410634144642 -4.397667888732878 -4.251776538228268 -3.801674314964249 -3.455991460634532 -2.2673206643732415 -2.0939125364778883 -1.473640329839839 -0.9948146553323349 -0.48779684874157303 0.32155437724005725 0.5278060943539912 2.6806398327807335 2.716406794227516 3.882300258352124 3.9571452828996643 4.262706085176351 4.431515766245236 4.433941009296521 4.4860046923193675 4.606706340936902 5.750824396634736 5.920193324227298 8.774318671428547 9.469229609417962 10.11866391793406 10.275930308461307 11.803790776976149 12.161248469904374 12.61241518463969 13.34282717054061 13.690616319434035 14.130756328983 14.251502885518034 14.5858245658884 14.619052498576863 15.733677787721644 15.843752939862437 15.849964156457538 15.924454765278655 16.571676185595454 17.994655498679027 
0.0625 0.5 0.0 -17.20850969780058 -16.321654714799188 -16.0066290107291 -14.215857290192053 -10.490382402857916 -10.482184616154854 -8.303864990589897 -7.416030693307115 -6.660057798957115 -6.132646920061998 -5.662268690425153 -4.396884876753281 -4.1538768335451115 -3.8831718017955645 -3.5015244838514774 -2.264840952701598 -2.054505984263052 -1.464976272632724 -1.0093227422541005 -0.4607019768740873 0.3449581052918961 0.5280749095493984 2.7048221783010726 2.7183566430414294 3.904603158819175 3.965557124790446 4.272662574294047 4.2829095887422035 4.468606346207526 4.589141839924598 4.599935554684601 5.751173611047496 5.875420911467651 8.753053636643939 9.491763545493885 10.13412790964474 10.227300458407834 11.788023999057168 12.170209467397138 12.619929529068896 13.274988860223093 13.720653272392521 14.221089238774509 14.279780740709015 14.587045960468313 14.624038160043622 15.695180603453826 15.81372269372594 15.843090532769711 15.96616413708239 16.477675509322573 17.987099685235883 
0.125 0.5 0.0 -17.18060721738567 -16.321260204393816 -16.027265944822496 -14.289977612712542 -10.485151245896777 -10.309633519731715 -8.276771254625189 -7.4175044655556155 -6.659406675940913 -6.175343739959862 -5.865280485653619 -4.3953043954431115 -4.114777406910068 -3.9099493338124955 -3.614309528396029 -2.259972836917279 -1.9561958915056015 -1.434652797434248 -1.052701151244459 -0.38293654795968296 0.40224405608408625 0.5304801985181056 2.725442886485408 2.770113889361932 3.976366254792266 3.9929267092366008 4.117207706183341 4.338941623065873 4.423369286111007 4.574137296619643 4.738836626439269 5.746248878871914 5.750994396395146 8.687495411119738 9.556879980503307 10.084882724494044 10.180723531805466 11.743699203751369 12.196199790811946 12.629149866427914 13.133815654656182 13.815198940883278 14.363895244768129 14.421138239651736 14.5718165853134 14.593245600672706 15.63844103910233 15.705961234403786 15.881252495665901 16.02773332178962 16.221380621162446 17.95594843955395 
0.1875 0.5 0.0 -17.135307853257405 -16.320331140978947 -16.06180926202393 -14.39167941054352 -10.478130210423311 -10.042134283426446 -8.230541054242579 -7.420212327295577 -6.657644204909509 -6.25036313084427 -6.108633834211128 -4.439795185468334 -4.39137224470424 -3.756591148618326 -3.600670419261286 -2.2498029719905293 -1.846979044771853 -1.3716564598011138 -1.1183403050708443 -0.2664327427284569 0.46396724197543604 0.5358615464363716 2.737385080437117 2.8637796245472735 3.97235952431074 4.038151465124347 4.102087845405442 4.3573872604946216 4.425229113575385 4.52655952061515 4.877235730784294 5.554253954733044 5.749259009853701 8.611728018089883 9.659180364938146 9.870997165777128 10.261987987626762 11.677497746315682 12.237894059290332 12.620249535430323 12.985969107781512 13.9718325163218 14.446923022799206 14.511342866241298 14.608917885407369 14.620847479567411 15.50212355151228 15.599344285128472 15.896180070800614 16.01001007582073 16.060959366596375 17.886987789147135 
0.25 0.5 0.0 -17.075584939540423 -16.319958509680173 -16.110417641470033 -14.502547884769731 -10.470163567963677 -9.702699264730207 -8.170841128435871 -7.426695463727718 -6.656507857398519 -6.369619645445602 -6.353170246338751 -4.795974329529411 -4.38830369231288 -3.9036930292500043 -3.271130925340782 -2.2378505343024497 -1.768308276866959 -1.278331503763014 -1.211375547374707 -0.12741560688783501 0.5078747442401875 0.5391345048574009 2.750466581281713 2.964704899771706 3.8398176292200725 4.096125332879844 4.2721198806698215 4.273884257936178 4.459681354309946 4.524133827912262 4.992405294819361 5.321966017282601 5.745639090093168 8.549990451184254 9.61377435616227 9.787795873498087 10.381672663647558 11.595724703414772 12.293244081954569 12.573539226241467 12.850135720945152 14.145237133922604 14.31242332416644 14.622153979115497 14.693805315861596 14.715765805611612 15.172871063378986 15.5815090226334 15.660322826172358 16.045331978863537 16.18780552928773 17.756621092763933 
0.3125 0.5 0.0 -17.005601800384163 -16.318582794110927 -16.170852892833334 -14.601828116542576 -10.46154192899585 -9.311167461207093 -8.097373450373091 -7.4419982955477355 -6.654872460718022 -6.575658925490371 -6.549384695474484 -5.117742171540418 -4.381486005668324 -4.03312124141277 -2.9484409987178632 -2.219687199134045 -1.7193190182438733 -1.3261530578807534 -1.1663668626397765 0.02054725683901244 0.5295859159651845 0.545018890553539 2.7691844886033423 3.0581188850664973 3.729487466158566 4.1620849471747245 4.187789142268144 4.391272154158961 4.464913933410118 4.625838587732278 5.085329717159418 5.090444464266457 5.743510241301143 8.51656753875762 9.358295795791072 9.933817923267148 10.542332259963588 11.511919172649666 12.360679822360495 12.495503958091042 12.731506941377264 14.091322297457094 14.374672305984523 14.481647836547316 14.63255637229154 14.975960036259343 15.039495809636472 15.530320808048904 15.593796059313783 15.99674915518413 16.420124231018583 17.577122967783612 
0.375 0.5 0.0 -16.93387602326691 -16.31732879675675 -16.23601621612125 -14.679457197301987 -10.454423361338337 -8.892483837455234 -8.023364066845332 -7.485374052529438 -6.788818141160182 -6.761225301540862 -6.652860437309639 -5.350651800707271 -4.37209014389485 -4.136690786667963 -2.6654708854486655 -2.1888611248018615 -1.6931206975990138 -1.4631832631569517 -1.067141363658597 0.15597945592670526 0.5299531308980456 0.5509842037703252 2.785030845320697 3.133841759833492 3.6449106339430952 4.102108485157727 4.226223944414895 4.3348470527511065 4.6398592787467186 4.711788337184928 4.87070955041717 5.163884147774884 5.741510350491581 8.50669346239987 9.142036760941417 10.072040514002387 10.73193864643669 11.435415056376938 12.401254409311742 12.434360359593354 12.630277779914627 13.885721323521974 13.977247640331486 14.6409952495101 14.91937000734341 15.012642489929277 15.283673958727599 15.462833078225673 15.638171800804614 15.93839003446295 16.93388895248444 17.360659526903806 
0.4375 0.5 0.0 -16.875639151144135 -16.316830653798498 -16.291900302601167 -14.727951772784538 -10.449579043231129 -8.48707583133974 -7.964234509236137 -7.603982301422116 -7.011377474626741 -6.889738019099235 -6.652471294863706 -5.484732954883063 -4.362894581163825 -4.2066505852020555 -2.469438239249838 -2.1283657394948743 -1.6815426700639249 -1.6104293234562708 -1.001184012287969 0.25600957014457687 0.5168108541644871 0.553491137662798 2.7963588882608925 3.185851335952879 3.5898998362571595 4.036669120827325 4.270587885890295 4.297102119944673 4.708004304027373 4.754340960846624 4.785575411015343 5.207512205836936 5.737171479569501 8.507309917653004 8.991082366690906 10.175253235268203 10.907133348264791 11.370740141707623 12.320627134964411 12.481149010072278 12.578690535241881 13.479821438366544 13.917045171998254 14.64569183026213 14.981290855767952 15.2155663534093 15.426784705170178 15.588279766566071 15.671072741668903 15.802111782319614 16.340267232841537 18.10631514136865 
0.5 0.5 0.0 -16.851985049640415 -16.316765381811564 -16.315307030193246 -14.744688727367656 -10.448137162808925 -8.248370480937567 -7.9412790123450225 -7.742919001345985 -7.0932586986586506 -6.9365640207958945 -6.652393067585362 -5.527814415704524 -4.357340762933178 -4.2339157839496 -2.4060371727828587 -2.071776813810379 -1.6947083719901872 -1.679079294875764 -0.9797985186703082 0.2959981993352336 0.5071576235449019 0.5540889250409853 2.799530466285284 3.2048226127460038 3.5700425556681035 4.0126232573551395 4.284011303096262 4.28611221873988 4.656558540298393 4.777704597877677 4.8219097373770525 5.220761550015781 5.735028807915836 8.508283724974904 8.938837655657222 10.215978936530835 10.984947952142075 11.346621593070928 12.28893246775679 12.467341609700325 12.598059815866856 13.313170121177201 13.893138113980383 14.646258779109642 14.96680630914877 15.300623548280113 15.413146097578835 15.681430861603786 15.721463347703178 15.979685743376507 15.998925937646185 18.105534090458434 
0.46153846153846156 0.46153846153846156 0.0 -16.870402078865588 -16.311723702330347 -16.302185476826253 -14.73203870023449 -10.45009208434874 -8.360749604969792 -8.117498691081138 -7.547932558688916 -7.014737287410576 -6.908178792185927 -6.645436971312485 -5.5118354518530985 -4.356705920734617 -4.223104883578871 -2.4249046576739097 -2.0971991618826444 -1.7019499968882879 -1.6577611690900045 -0.9878724687935504 0.27373804703002075 0.5050062866891571 0.5495896800139177 2.819155351928603 3.1957284919217153 3.5847196033343174 4.036699204023239 4.276449673654188 4.279950070507209 4.6794331876017905 4.760894614973444 4.7887166180245995 5.211541897793213 5.738760434770867 8.536941003815688 8.956990674868683 10.199680844790837 10.92463375260962 11.349307647234333 12.28447193128288 12.487215541696841 12.661562545329257 13.383186490172614 13.855174771195857 14.624704984267748 14.982786547192466 15.287876350461424 15.423720424905579 15.656896610413286 15.680268541083587 15.812171471593524 16.176729403535838 18.05820312763984 
0.4230769230769231 0.4230769230769231 0.0 -16.91943710912999 -16.29960991117454 -16.26716562625709 -14.694991518679783 -10.456126830960327 -8.60605964600668 -8.370334293465193 -7.281780219723164 -6.9199123618798595 -6.742404511605438 -6.625013872730162 -5.465184291948979 -4.3552083329470035 -4.1947353617083785 -2.48975937073939 -2.1363212146820403 -1.7708591695752698 -1.584988594525603 -1.0150309894350498 0.2127062526607653 0.49761271577526395 0.5327814031171537 2.871051839649438 3.167886508845193 3.6258872940381544 4.095847812017287 4.246401235961862 4.26042907855523 4.6764533594754365 4.735175347329286 4.7499588211807815 5.181878666215096 5.747354400887726 8.61577570060401 9.00938659594784 10.154221448424016 10.763518255732162 11.358026146169195 12.287217038327498 12.550545098408659 12.807748186245604 13.573735308509223 13.769668622515457 14.565527618712126 14.88796660055182 15.217959821925177 15.503494587978652 15.507069311148385 15.720268037891545 15.899066403046024 17.023080670053368 17.41174532191912 
0.3846153846153846 0.3846153846153846 0.0 -16.987125461656962 -16.28015193944833 -16.22255030621666 -14.63436700677836 -10.465766307990979 -8.883278986068452 -8.642665038169797 -7.039275667518501 -6.843808827557366 -6.591900336353173 -6.470288842496461 -5.38478431842856 -4.350165004495162 -4.150818748464693 -2.5955578100290935 -2.1511299955305487 -1.8809301264897107 -1.5219779209065418 -1.0611923753361918 0.12364928153742495 0.4830027682177181 0.5007574534907593 2.9524015609381515 3.124347172787564 3.692562808446771 4.155071275193483 4.199075707573249 4.230253248199689 4.520968351032836 4.735594171879717 4.841240641008686 5.135413070738486 5.76121395801295 8.737209141419251 9.093903673317932 10.090373439383074 10.540354544572008 11.371179905351847 12.31458421064926 12.642491325331589 12.983669252189214 13.697925772064972 13.853535015851806 14.483681644260832 14.698248142375853 15.168837142485275 15.23326078802507 15.620842000894354 15.664172702462523 15.967329695771635 16.843506772929064 17.02272440157778 
0.34615384615384615 0.34615384615384615 0.0 -17.063088182901563 -16.254285923031972 -16.177428599628104 -14.55301276505231 -10.478833512717186 -9.16180096668974 -8.922790728405928 -6.862939556459837 -6.724531576849656 -6.548297962320007 -6.167826428183468 -5.267033377880051 -4.339492288501022 -4.0945894103977585 -2.7203389630431274 -2.1425947577281406 -2.0230895219881213 -1.4880178134904896 -1.1272045544142948 0.016127524971848606 0.44567074714032084 0.46279016610829343 3.0532756388917757 3.0697709182402297 3.778103861554164 4.053096401747126 4.192487900153628 4.253895014567951 4.336412598415958 4.796189007746447 4.959321932011444 5.077489528333654 5.775762871892765 8.881552435266512 9.197858673311316 10.024172012312755 10.286642299343633 11.382003339831526 12.366000076620905 12.743125140877702 13.12536747950425 13.72272475702316 14.14698789290535 14.392619269702367 14.5349646054732 14.835125411818263 15.269862964310818 15.526115500699394 15.911184581162797 16.06361732823988 16.790110605549447 16.953931470786287 
0.3076923076923077 0.3076923076923077 0.0 -17.14014432017824 -16.22237356706592 -16.135999822748495 -14.45318293966764 -10.493841159122663 -9.427770314617817 -9.19999690915335 -6.745224565283254 -6.573862018819359 -6.494480599611293 -5.849903466412734 -5.1104461829669505 -4.320326783084691 -4.025608798352142 -2.844825590547422 -2.1866253107989166 -2.1188466995730613 -1.4890525061769773 -1.2059774441304913 -0.10163963229386858 0.3788993498933111 0.4284494170939617 3.010544305908838 3.1698614658772497 3.8778270910943036 3.919803534018041 4.071904217128695 4.1578600661491105 4.372833823808453 4.917276483984127 5.019175570432393 5.0945593735225465 5.7940036335613305 9.042840477562121 9.32117468815372 9.966195605302016 10.030926930181561 11.384606476370676 12.439485845649473 12.835445773117321 13.189125554449728 13.824009343911985 14.304836778624379 14.359313092415304 14.539101228292655 14.554266555048969 15.308278107712074 15.449718972988256 16.161333546981837 16.18043367674485 16.758533467432706 16.80566992032841 
0.2692307692307692 0.2692307692307692 0.0 -17.214568426756653 -16.186888660364744 -16.100381042627934 -14.339152887981559 -10.509966947397068 -9.67573849925645 -9.467559402794674 -6.638459920533699 -6.44322146234517 -6.434579701379357 -5.527695992778106 -4.922380465624613 -4.292854430607338 -3.9473275736049755 -2.959103169595965 -2.368127551089413 -2.0875521798592973 -1.5211232018455692 -1.3005852537873328 -0.2272138798641664 0.296194069888771 0.3748246886575921 2.9492583197440063 3.292018692752025 3.7601800320491074 3.866473611410118 3.957137105386329 4.153135154992709 4.44808900884675 4.958877542201723 5.07757678882273 5.237989734840933 5.814394703115408 9.204484216344227 9.452060650893431 9.771475608664923 9.93747182230955 11.375509948436344 12.532519332360188 12.903549249687819 13.22527599775338 13.840969831997294 14.20213657787524 14.30461044381677 14.522357901702065 14.739572482492502 15.361712837145033 15.39758237967981 15.552294398274169 16.24794193082936 16.55082278626132 16.7106515052358 
0.23076923076923073 0.23076923076923073 0.0 -17.28316841057131 -16.149572990447666 -16.071698503737412 -14.217399756134313 -10.526770525675957 -9.901510505162483 -9.721551371977839 -6.531698862187361 -6.37158605576638 -6.342962505536458 -5.210025578252921 -4.718013908473148 -4.256374673230615 -3.862340921369133 -3.0612239543814574 -2.5589006645272567 -2.051372754466194 -1.5792612932169257 -1.4057021743829632 -0.35782480072682327 0.2024237467245124 0.2954956096866542 2.8878424214469494 3.4084436420682587 3.528827269250679 3.7629001109839706 3.9647342183176777 4.227731278383941 4.515376680903037 4.901034657441206 5.252791282370744 5.381536627268073 5.833105060446938 9.351427109317369 9.54177101135771 9.579825415993499 9.920533279661846 11.349384967558388 12.642541434692713 12.947181720523332 13.28312373578351 13.7793314525375 14.011766062311992 14.204488607179526 14.684478130205827 14.869936200314966 15.377669277297894 15.380343776810507 15.576512853636354 16.268512958272396 16.30264932888407 16.568099562015174 
0.1923076923076923 0.1923076923076923 0.0 -17.343968883394577 -16.1120828862597 -16.04891278524467 -14.093108421479693 -10.542922022779255 -10.100884650385686 -9.955536158706572 -6.42658444166943 -6.308710298554969 -6.268388065178325 -4.902981737003929 -4.5086700632652486 -4.209228558520892 -3.7735837554021843 -3.148794317820574 -2.7528705742881323 -2.0127774182363685 -1.6497341165026127 -1.516352138236562 -0.4910704838431026 0.10409096039549191 0.19430406869133443 2.8264085420813827 3.2884585577916683 3.5178182359335786 3.7201504695462284 3.93024384103413 4.346923043317084 4.57680167218321 4.851031255573463 5.42609958070418 5.518998988697822 5.851020330200408 9.31501995195777 9.505858249549219 9.699028615788318 9.92267388911462 11.300362429267263 12.767470785340661 12.986984785004838 13.359999714599008 13.717230468622855 13.813944279453349 14.161460448371635 14.628982201512192 14.99516333329272 15.385148966581546 15.46980018735848 15.700563965117981 16.191119758156137 16.28280797141183 16.467977089939392 
0.15384615384615385 0.15384615384615385 0.0 -17.395184733599518 -16.076449511759762 -16.030953740840392 -13.973272527765234 -10.556889766029657 -10.269298105497636 -10.163455836809499 -6.328530746838722 -6.249046110832248 -6.212135982820632 -4.614096992699391 -4.309961226003641 -4.148154477409967 -3.6841899579576154 -3.223206725817873 -2.9426211003985383 -1.973320134278216 -1.7212136965986329 -1.625061050727253 -0.6219817766281964 0.008993194068685534 0.08290828174185343 2.7688065705070497 3.0702465882301926 3.6151470401185652 3.7182111128233637 3.8900391489987305 4.4721025706362445 4.633911461570834 4.812244852732672 5.585162980956311 5.644339349676614 5.867716370751148 9.140285774216382 9.62933903048521 9.803671293378587 9.939342019278618 11.22604347787441 12.901935812466542 13.043673804019834 13.441698264552054 13.647857412833375 13.682438321734002 14.144459972447896 14.502712235262033 14.896705457829903 15.438359521629103 15.60553697552682 15.804160130728349 16.2082393669243 16.248931093285588 16.44951803820973 
0.11538461538461536 0.11538461538461536 0.0 -17.436258009912557 -16.046007119499567 -16.017693824995966 -13.865735306189801 -10.56918897469401 -10.404956384112298 -10.337855872677617 -6.243836015770339 -6.197967254628187 -6.1719561646926655 -4.35131627479805 -4.13665942144304 -4.078270520829697 -3.599566510294911 -3.292151211101535 -3.1226031871549456 -1.937333299390227 -1.7874219765898267 -1.7254213937056935 -0.7455644162078723 -0.07601150425956502 -0.026126341288750403 2.714486236737516 2.8873602748792604 3.694351147249853 3.7393877400769155 3.8532369224679264 4.584201244359211 4.681402561331911 4.78394001828042 5.718611259464476 5.750350095242809 5.88118654751162 8.996521379322619 9.751072047983348 9.88502125173015 9.959421216767062 11.126361622503008 13.036448020267638 13.123559761562282 13.513321577376692 13.514699049328406 13.673928830452269 14.143269367466223 14.363697918156014 14.669490082158966 15.521664862328416 15.65916108157425 15.944620761436822 16.097840054274293 16.326380746572838 16.436196860148065 
0.07692307692307687 0.07692307692307687 0.0 -17.466066528575762 -16.02229234020074 -16.00889582610151 -13.779873507972598 -10.57807216787298 -10.504199120149 -10.471538570604363 -6.179046713191811 -6.157719271910271 -6.144633320078346 -4.125687352054426 -4.000573068664702 -3.9979993365868878 -3.5298905262953166 -3.361810044961773 -3.2839404488291404 -1.9082670542924132 -1.839571250774419 -1.8074056507286254 -0.8496181653745103 -0.14253015105163144 -0.11747347196613188 2.670699008975977 2.7480076407340452 3.7523714460257134 3.768037268791603 3.824457899258421 4.673250365752919 4.717838153875221 4.765362428745488 5.817738915846041 5.831287780878714 5.890991234800181 8.890696332830643 9.864836421104886 9.94519382238683 9.977837970168036 11.015024174133712 13.164529368215208 13.218788904760382 13.417616635332887 13.570803177573262 13.672418196002422 14.152318507904692 14.247725181698684 14.427883054056574 15.651032893632479 15.720513126137348 15.99607931351057 16.040721895218184 16.319202300484534 16.358464887123613 
0.038461538461538436 0.038461538461538436 0.0 -17.484016498918084 -16.007307895093632 -16.003759274370093 -13.724243768190508 -10.583604407217397 -10.56498093202616 -10.55641378998759 -6.137856534359402 -6.132352774051862 -6.129070748099835 -3.955564207962971 -3.9212113300817797 -3.9144040078885296 -3.4823422090258327 -3.429906909981221 -3.4115584857366503 -1.8884593286293117 -1.871357716447554 -1.8623005013768494 -0.9203102688073257 -0.18486978013615138 -0.17838347334831428 2.6416083249772897 2.6611423431135246 3.788101103239188 3.790903717235851 3.806063265511966 4.730129517925723 4.741572439595285 4.75444470090386 5.877596732890536 5.880476933986222 5.896059621710301 8.826045470554266 9.95478964066947 9.980587206984557 9.987798104340975 10.919985751787708 13.279763445983596 13.302952529042619 13.359110190116281 13.6067130273138 13.646940579298716 14.162213067677332 14.184001331164515 14.240262389743489 15.8008580370958 15.820278787951398 15.926004240302559 16.091375174769194 16.2070692660999 16.224082906236454 
0.0 0.0 0.0 -17.48931646568289 -16.00153478032911 -16.001533640267926 -13.70387682302986 -10.58396267572686 -10.58395898856844 -10.583958887030965 -6.121636283202291 -6.121632951910439 -6.121632557487615 -3.881579464319529 -3.8815757341779635 -3.88157530089678 -3.4640426783512575 -3.4640384850647163 -3.46403725544647 -1.8794226672747354 -1.8794120090226119 -1.879405289300333 -0.9416773191619194 -0.19759253623681472 -0.19758663426519704 2.6335446433901275 2.633545957291932 3.804486318585593 3.8044925079327965 3.8044960155349234 4.754416278615511 4.754426649247378 4.754437647120104 5.900476226786632 5.900487930270778 5.900494011871171 8.804783402563562 9.997337265023779 9.997351248703483 9.997360518473641 10.882775314490127 13.34146796410348 13.341470301888684 13.341474731277021 13.619825531608864 13.619842468198845 14.169263623180624 14.169273300010873 14.169275130790973 15.907461135159933 15.907467553594218 15.907468857577415 16.124838944060556 16.124839312936842 16.124839937311577 
0.03125 0.03125 0.03125 -17.483964226972052 -16.005464381998497 -16.005463206442432 -13.724248740235932 -10.570882751379264 -10.570880220574894 -10.5626282189128 -6.133337011615651 -6.133334559227747 -6.131529773385229 -3.938071242860611 -3.938068450559973 -3.9151589482727376 -3.4564637431053193 -3.4330498644201985 -3.433046593470167 -1.875100704787335 -1.8750906570145813 -1.870221594810883 -0.9195739807906905 -0.1816057217673936 -0.18159968223934914 2.651239630101808 2.651240932757921 3.7912006283529656 3.7971251567705027 3.7971309855145585 4.728150605885163 4.749556634128342 4.749569239048533 5.884377281304861 5.884387755562978 5.885866946421001 8.825817754299509 9.957345504654368 9.98402215879093 9.984036033216864 10.919702641120958 13.303875899909729 13.303877642868109 13.330329277022804 13.628777632880352 13.628791146366432 14.15676718345676 14.216169795986335 14.216177658898172 15.818955724161519 15.818958610369922 15.89059777169143 16.142817513821093 16.195176175095916 16.19517995735078 
0.0625 0.0625 0.0625 -17.466111160370474 -16.015482033995095 -16.01548088052618 -13.78029679167069 -10.529237317079378 -10.529234816796224 -10.496226647402871 -6.161962487304089 -6.161960079068433 -6.15679231324551 -4.069465416527878 -4.069462672669529 -4.000392745455002 -3.43687614815793 -3.364222184370502 -3.364219201779563 -1.8565586815931823 -1.8565490282043766 -1.8409720992863232 -0.8480120383729887 -0.13070643365791232 -0.13070058136573526 2.7091016390590874 2.7091029154462754 3.7662732667072047 3.7897592347778803 3.7897650976380497 4.659007869621443 4.74886364636585 4.748876500830777 5.844355709373583 5.844366218337428 5.851188638006455 8.88946416102689 9.874664581485241 9.95862891887068 9.958642453382366 11.010449438137478 13.228012982961955 13.228014633150218 13.30586927078591 13.636463591440497 13.636472239169587 14.130620094966341 14.352602029182146 14.352611111518467 15.70330274928815 15.703303919919414 15.851199940557974 16.179728997948764 16.292246264560337 16.292252931583864 
0.09375 0.09375 0.09375 -17.43610597893603 -16.031241038542614 -16.031239929975435 -13.869537501621872 -10.459600976138528 -10.459598516926038 -10.390822925993445 -6.207391071022277 -6.207388705531859 -6.195725511322514 -4.242900029096298 -4.242897348836361 -4.124589030270936 -3.409620549601739 -3.2882158868036733 -3.288213352929711 -1.8260692432177292 -1.8260602862086803 -1.7893964142246128 -0.7361634029181535 -0.051119156941890745 -0.051113616994246415 2.802297343945182 2.8022985798080837 3.7300220390671956 3.7808305727644784 3.7808365088347076 4.552707673324669 4.750711207690939 4.750724387223728 5.777443801118881 5.777454298182209 5.792424127579186 8.993389096196118 9.778636551348345 9.91610007570514 9.916113235218413 11.10982298783475 13.1422360279123 13.142239215836852 13.273691361799846 13.63687622032012 13.636881715308299 14.115540386632208 14.54975620130335 14.549766085330303 15.619478951523874 15.619479753503967 15.801879920668249 16.16379600616315 16.29975917820893 16.299767187069268 
0.125 0.125 0.125 -17.394703220957982 -16.05257458863002 -16.052573536590394 -13.986022952083381 -10.364461179973558 -10.364458751621292 -10.252769661731701 -6.268876706406228 -6.2688743591631715 -6.249059201890458 -4.445851486490332 -4.445848898836813 -4.28227140297667 -3.3762594248014364 -3.2146317542116405 -3.2146297931480787 -1.7875467581962525 -1.787538627712456 -1.7240521836321394 -0.5985638790723122 0.04664244686527965 0.04664765659102096 2.9245812104639417 2.9245824088974524 3.6875505053611866 3.7740586723415457 3.774064752932177 4.414082724167959 4.755726966479356 4.755740542721367 5.6853175092517025 5.6853280545757485 5.708972079517249 9.133212834072948 9.687243976393026 9.853859054277452 9.853871920823966 11.184468533673174 13.05558500296361 13.055588730030651 13.235889317485581 13.64300785943059 13.643011597677177 14.124146143584586 14.764916560332448 14.76492662481498 15.571141913189104 15.571144310125241 15.803896107357088 16.16878384381087 16.206183636391188 16.20619094156526 
0.15625 0.15625 0.15625 -17.341748473262378 -16.077815817492862 -16.077814792143016 -14.122549508460025 -10.244203174576038 -10.244200777309278 -10.08670546524935 -6.341700938398197 -6.34169860950083 -6.313024256290523 -4.669715610201337 -4.669713129900998 -4.462804722549092 -3.3329236951557655 -3.141305449924381 -3.1413041062985343 -1.7410928214181307 -1.7410855485066568 -1.648223439774287 -0.44689167980508615 0.15280155752405966 0.1528064665401441 3.0722312997724033 3.072232452909481 3.645653445852434 3.778103758243146 3.77810992966928 4.255029506973236 4.7674365896956905 4.767450627399267 5.573197672281176 5.573208288180575 5.606450786814007 9.304282371304074 9.608582714016446 9.775356322582315 9.775368896855369 11.222453338906393 12.975047969890104 12.97505151702359 13.203062558494393 13.667410788867267 13.667413665370884 14.16784149796294 14.947822293844213 14.947832051708579 15.531349163537394 15.531352771872257 15.816874806598147 16.109977164187562 16.1099824241733 16.172205897349986 
0.1875 0.1875 0.1875 -17.27754258756464 -16.10602821040454 -16.106027216825755 -14.27492993890807 -10.100732598443189 -10.100730234179837 -9.899047871145994 -6.423427177022849 -6.4234248615611085 -6.38515335364527 -4.9110455741528485 -4.9110431802803 -4.663586594968528 -3.277396869710896 -3.0658192617902205 -3.0658185132558797 -1.6921938473376281 -1.6921874196525226 -1.5691771033760038 -0.2921725739694406 0.2571123420632789 0.25711695636839965 3.2363419248052816 3.23634302090231 3.609484900087494 3.801734543210338 3.801740705387139 4.091115788168436 4.787020849615856 4.787035315826648 5.444274881881947 5.444285530835555 5.485233913143739 9.490090502275425 9.551385754033559 9.679029601136293 9.679041761253337 11.228853725340265 12.906332349270821 12.906335437427776 13.18045854924514 13.709684252266747 13.709686885980558 14.233930160928976 15.012338329287418 15.012347906273755 15.47752187319529 15.477526682294599 15.78669603544318 16.1477374464163 16.147742980030305 16.203412668750147 
0.21875 0.21875 0.21875 -17.20240705990982 -16.135512433919544 -16.13551148620265 -14.438053479924926 -9.935999809594396 -9.93599747916738 -9.69400683758265 -6.5103639172020085 -6.510361642655756 -6.461649231621815 -5.166167755890504 -5.166165447060853 -4.880482169703226 -3.2050993001882007 -2.9850378556711816 -2.9850373521109073 -1.644659796522089 -1.6446542162446618 -1.4921622764716507 -0.1460512316954082 0.3494835719419618 0.34948787818520094 3.408727668922151 3.4087286198724054 3.5669808671298693 3.8548750798758373 3.854880865104994 3.9503183344481734 4.8123872086665305 4.8124018145224 5.303755388658232 5.303765988444823 5.349602326433683 9.462376174264069 9.56439379392043 9.564405453871448 9.727863021447538 11.221106726665418 12.854757181161782 12.854759490203131 13.173512064444854 13.762442036209528 13.762444901455538 14.296917125600379 14.872116326492309 14.872125909459623 15.507033262393646 15.507040081844094 15.650817194784706 16.323215242962434 16.32322236394127 16.361449993489355 
0.25 0.25 0.25 -17.117124668700672 -16.166062917239465 -16.16606199653987 -14.608072100965568 -9.751578865945554 -9.751576571797388 -9.476988407021205 -6.599353511528862 -6.59935128216645 -6.5390939209201395 -5.432157229836258 -5.432154976132606 -5.110417291611553 -3.117863339999166 -2.896506709535195 -2.8965057957921054 -1.6058651681164133 -1.6058602829906428 -1.4280888845042476 -0.014819229080528152 0.4228308211276075 0.4228349146506532 3.485015446568838 3.579349553793317 3.5793505352188157 3.877008620239271 3.940366945069104 3.9403719847800853 4.839508631232339 4.839523343692793 5.1627664222902965 5.162776748166315 5.204279490515692 9.38518844935499 9.436121202087214 9.436132328851867 9.960874688199631 11.222346123658449 12.820246803504842 12.820248297023317 13.18501854441285 13.814713158605825 13.814716334304734 14.322935478559124 14.618904619914431 14.618913945000324 15.438907081753227 15.633522373371784 15.633529816662193 16.555319324385703 16.555323311334075 16.574426636320133 
0.28125 0.28125 0.28125 -17.02181084675541 -16.195008665018236 -16.195007804197758 -14.782109752286543 -9.549009449715351 -9.549007221229184 -9.247959532501449 -6.686616106821268 -6.686613935537155 -6.614657167597548 -5.703641703674053 -5.703639666721232 -5.349094220934054 -3.012076518445889 -2.79875428335061 -2.798752804666254 -1.5761403359110762 -1.5761360400174513 -1.3830281453282482 0.1017311796382029 0.47737712915741076 0.47738095385889867 3.3535946953178017 3.7440075257175014 3.7440090551886596 3.8968108964929433 4.060584358108558 4.0605880477720735 4.859477326320947 4.8594907837413635 5.0407317384370405 5.040741372594835 5.0564290910341585 9.293540990884184 9.300222348770566 9.300232494560548 10.205578035436494 11.251547440324266 12.798615721385948 12.79861669720116 13.217883730111062 13.85362097549383 13.853624309073933 14.289725192653346 14.356133406834097 14.356141911897007 15.231528801999314 15.86960158296417 15.869607939039422 16.40469896193419 16.659274362171843 16.65927612262426 
0.3125 0.3125 0.3125 -16.917724562635854 -16.22280105115371 -16.22280020042146 -14.957334203963237 -9.33101897368294 -9.331016776312628 -9.01216840372736 -6.771619213726263 -6.771617058650637 -6.685629332422384 -5.980896650173551 -5.980894615847451 -5.597645342662234 -2.8900241041195804 -2.6931311020493034 -2.693129047645456 -1.5638208497299448 -1.5638170764875632 -1.3674023509752484 0.20203914604836817 0.5117065117992896 0.51171019275147 3.203256593196989 3.899568290637147 3.8995705647067025 3.971862249867897 4.200188220917569 4.20019015075104 4.819991439929343 4.820001859712761 4.91438889698786 4.990504707174733 4.990517703549172 9.15894324600048 9.158952905275289 9.182140614600886 10.456114425976134 11.317471940754153 12.77489775074188 12.774898380098982 13.268988068859374 13.846677114326068 13.84668021652548 14.146661024570967 14.146666876554013 14.173560746102563 15.065160370635734 16.11725648580179 16.117261678666427 16.252571873040228 16.473505094032976 16.47351272246196 
0.34375 0.34375 0.34375 -16.805742442718046 -16.24756673524721 -16.247565894236736 -15.131165209637537 -9.098872169852072 -9.098870010133844 -8.772457399000757 -6.854283200475723 -6.854281052446556 -6.749063067597337 -6.256433440805035 -6.256431430747736 -5.8466113413199725 -2.753813086147285 -2.5792711282054412 -2.5792685211231454 -1.5714904570677473 -1.571487163531211 -1.3850455260591032 0.2930571444439318 0.5322678160693449 0.5322713420781439 3.0596458179315853 4.041006757833311 4.041009053593115 4.070680652398769 4.335540024921817 4.335540520987368 4.74103635303373 4.741043920770372 4.7912162530729265 5.012613450213904 5.012628290263688 9.021940288457829 9.021949435325789 9.059709599400174 10.713346434225139 11.419713670666503 12.733124825033556 12.733125526071811 13.319576256177374 13.757455867058745 13.757461056923736 13.986946749679024 14.062192129417314 14.062193328821945 14.878593358814786 16.016565633694068 16.016567456285017 16.257624457676204 16.59271594872846 16.592728910085206 
0.375 0.375 0.375 -16.687582492788145 -16.269111175702957 -16.269110366979323 -15.300963240929798 -8.854942171575626 -8.854940057506658 -8.53219311261307 -6.942633402834577 -6.942631242137699 -6.804005215939278 -6.519143122496398 -6.519141162350417 -6.095327332831032 -2.6065736761290634 -2.4591644453649293 -2.459161207194237 -1.6012513993079494 -1.6012485374548349 -1.4398226010880546 0.37594454935872285 0.5444961049848721 0.544499486089394 2.9337044758498423 4.1465251174265 4.14652711839399 4.155654287625174 4.448793172701422 4.448796328483207 4.703246985715397 4.703249699548259 4.705266767920503 5.04908246586833 5.049097805241376 8.895851805879506 8.895860525387398 8.932944617901208 10.979186885317862 11.551692896230362 12.659998030495254 12.659999541589064 13.320562289170136 13.648847429585787 13.64885323947434 13.809829285175974 14.064048134847178 14.064048607106724 14.876765899817325 15.73661781417164 15.736619278467973 16.689183208311285 16.85567642681957 16.85569336624892 
0.40625 0.40625 0.40625 -16.566647207869885 -16.28651434669649 -16.286513553502196 -15.463103686820865 -8.600100814555109 -8.600098746135219 -8.29853492191751 -7.065760414873515 -7.065758170353531 -6.849269597668168 -6.735121918009694 -6.735120034843258 -6.335571174158575 -2.450840703555344 -2.3361822739483 -2.3361783952085786 -1.6548127294109787 -1.65481043891501 -1.528805636335744 0.4497873198651481 0.5511906245223945 0.5511939566224614 2.8309800377789087 4.183882096477883 4.18388830030449 4.190384036069667 4.545776107447249 4.545779054277533 4.6849853485271 4.727480898275748 4.727483288623668 5.08341059262827 5.083426435003419 8.788702640328717 8.788710948819409 8.815917812344269 11.254763375410542 11.70181732690009 12.562619399561685 12.562622057505616 13.155825613815333 13.5765190494384 13.576524651000591 13.76278175087162 14.108582795156332 14.10858332893374 14.714041325771985 15.442709181753028 15.442710759214577 16.75623680136726 16.96059686959563 16.960611635869874 
0.4375 0.4375 0.4375 -16.44916092799756 -16.299096067888538 -16.299095281800398 -15.609960218508757 -8.339115030962992 -8.339112851343105 -8.087039117462245 -7.265709762154915 -7.265707470775753 -6.884098768456594 -6.858190869000898 -6.858189043180442 -6.5519088177664715 -2.2916129219351444 -2.2138825881074298 -2.2138772950472942 -1.7261722601464993 -1.7261705284622728 -1.6426422088117234 0.5089058113094428 0.5566739581784671 0.5566771944423079 2.7561770256296425 4.168704749643443 4.16871513014496 4.173910082316466 4.643590807811876 4.643592725653601 4.721544175392902 4.7714538697146684 4.7714575649518896 5.11386992376619 5.113886128917455 8.70687370595779 8.706881460849155 8.721709389183616 11.54255232769168 11.844877092017091 12.467251424293808 12.467255337316876 12.872724025478606 13.532834643230869 13.532840158162642 13.729762769422262 14.192483783969719 14.19248405928032 14.437290964791051 15.168096331403836 15.16809808701137 16.14400406376212 16.882363700095198 16.882374042902654 
0.46875 0.46875 0.46875 -16.351100767353593 -16.306293722424748 -16.306292981369836 -15.725187090786411 -8.072486323093564 -8.072484150593397 -7.919730752641864 -7.515988929215503 -7.515986722126792 -6.910562521473902 -6.910019475843453 -6.910017679165653 -6.713458448869395 -2.1356116493165693 -2.1007112293525996 -2.1007039913534835 -1.805886916421004 -1.8058856262055871 -1.7688376762261715 0.548791012246061 0.5613426102071217 0.5613457783428747 2.7129735985152097 4.1472816423471075 4.147293312293364 4.148890451096628 4.727586225173457 4.727588063010418 4.769636803629597 4.796363590156481 4.796367640128744 5.136414546668439 5.136430260256482 8.656673004667818 8.656680081231647 8.661489941713088 11.833208427460711 12.05434864428085 12.399982832873603 12.39998727846668 12.571677078722074 13.51116960324112 13.511174695127709 13.6972894157344 14.304169197616952 14.304169837913847 14.385118962087933 14.940727846110853 14.940730036320076 15.90329935644575 17.15628193725243 17.1562893743006 
0.5 0.5 0.5 -16.308843894031885 -16.308842824126128 -16.308842746014488 -15.773240100452519 -7.851337447441132 -7.851334655003597 -7.851334200338497 -7.734661141757243 -7.7346587818226755 -6.924676812728945 -6.924674312069501 -6.924673947427721 -6.775180248514304 -2.0391175349248614 -2.039106508158082 -2.039100533033982 -1.8570504973536555 -1.85704607740454 -1.8570449066094827 0.5625983369499736 0.5626018759503963 0.5626037200910078 2.6978468852959274 4.137569538182435 4.137580696129128 4.137590386916075 4.774311187384259 4.774313842448975 4.787955772997702 4.787965349218184 4.787967295255677 5.143781188382484 5.143796939729345 8.63953206471992 8.639541097689884 8.63954358749031 12.025173287301788 12.375327604114066 12.375333873681635 12.375335059779285 13.507215361877563 13.50721815246233 13.507224049395475 14.37179113045718 14.371791704726844 14.371792396158554 14.833431378150559 14.833433730379339 15.834812239846576 18.10855637629935 18.108560658482617 18.108565080865326 
0.4642857142857143 0.5 0.4642857142857143 -16.344768180890412 -16.308978456660522 -16.305335013594178 -15.730843608857842 -8.108029868670224 -8.01669750858765 -7.8615646225531615 -7.626509487249436 -7.475107761854181 -6.921580603865176 -6.908056920795872 -6.906213106079141 -6.719970954566193 -2.130939205647964 -2.1296711454448904 -2.040119224005526 -1.8569173475582672 -1.7777484513878603 -1.7769078267080083 0.5531689051246167 0.5560990215836685 0.5649616502471347 2.7114120894932903 4.1421880600202154 4.146047953061427 4.1516054488787395 4.722165410640286 4.742182192712127 4.774582768206994 4.789339864141311 4.804118078479107 5.133633024202536 5.141774983537636 8.637404819998384 8.665564712488743 8.666076907768248 11.854594123471172 12.14268229272108 12.380607229702514 12.40603415234099 12.55963719454291 13.501165729935542 13.516802793050497 13.75988688088695 14.277679243358092 14.313728150737365 14.419744365008992 14.88290194543506 14.964838702904505 15.886883767336244 16.966433178594652 18.044654837306332 
0.4285714285714286 0.5 0.4285714285714286 -16.42981998686001 -16.3100043119099 -16.295436934519024 -15.627503816664088 -8.405391748781076 -8.258946487696182 -7.890793172202863 -7.537112909687733 -7.176855319846943 -6.912797448587449 -6.8607155867994 -6.855688365389731 -6.563691314395036 -2.2875179195853472 -2.278259751365944 -2.044254737264779 -1.8609303541226188 -1.6648685167830568 -1.6608743858681654 0.5245683869405909 0.5361637658411583 0.570391354885313 2.7487662136397675 4.147319771711116 4.168784463146412 4.180897831455985 4.62178506868818 4.677334334800677 4.740859145552846 4.768019816546051 4.794584464119856 5.10186815760487 5.131956700714057 8.627403919491371 8.73863425390791 8.739762942997004 11.59850702783852 11.925870823871723 12.397494740120388 12.49055291116182 12.836767015286847 13.506535664838466 13.5465686572082 13.944141281333577 14.123005642416818 14.207107538022187 14.751783579992509 14.974561468266256 15.226930093280696 16.031270131455976 16.82949895636447 17.763936416508038 
0.39285714285714285 0.5 0.39285714285714285 -16.532779893797986 -16.310743935612447 -16.278764975036673 -15.49301820199264 -8.696672174296614 -8.521008029128668 -7.931292526777552 -7.486776665653705 -6.941651963976602 -6.898077952894141 -6.787457523908078 -6.722430359159611 -6.335112565750418 -2.462630598281534 -2.4316835012015954 -2.0505070294387404 -1.8613771690870435 -1.5664916935796727 -1.5468602448611748 0.4829821203552677 0.5095641596021012 0.5795932991422467 2.8140794666332916 4.130658477373534 4.185318629022466 4.2057000391464125 4.4816751815072235 4.634388562719734 4.717788060904541 4.738137222146364 4.767620225548694 5.057997038684766 5.12145790889701 8.620257244686316 8.853025721049422 8.857852472676036 11.354251193447345 11.763554343352256 12.430701021355677 12.606786031270126 13.034467204463674 13.588622200620076 13.592253492465257 13.998150643962274 14.001732149750552 14.127419382579264 15.06798435616959 15.536175744381168 15.678695690863668 16.23284426449686 16.831192681285806 17.300036894671486 
0.35714285714285715 0.5 0.35714285714285715 -16.638664210192317 -16.311807067553243 -16.25613722398172 -15.343887820870973 -8.975936992185154 -8.787279542712152 -7.980797501364237 -7.458554305580252 -6.878501467002373 -6.829205538783977 -6.693784012475796 -6.454280951038919 -6.071625836817873 -2.6489082784075992 -2.581054248990306 -2.0597685710339637 -1.8626876327025246 -1.4962203667986793 -1.4442609646075195 0.4301332330762314 0.4792424400129635 0.5895813797485289 2.903381350626991 4.061781950256816 4.117963611124736 4.252672805007934 4.304817553431309 4.620023554268575 4.721091116402951 4.734913721714663 4.750620867746484 5.005042359062418 5.106830008210315 8.612836966220204 8.991222149817384 9.007837935616527 11.132426419462936 11.615679038739104 12.473355442994064 12.716570718664828 13.052033396545074 13.644768304576086 13.807895289863053 13.970205272935832 14.001138352562105 14.097355504410235 15.153413767928482 15.855111248855852 16.252270568299853 16.350228420535572 16.59378596489237 17.024873137258496 
0.32142857142857145 0.5 0.32142857142857145 -16.740668939728465 -16.312886840557706 -16.22850602265935 -15.188032229999607 -9.239971189829998 -9.050044038034063 -8.033290281679603 -7.442206105349845 -6.854178970078405 -6.74406382937581 -6.584646573183593 -6.14962013893927 -5.792608593701786 -2.842338500851253 -2.7198194201272194 -2.073592622682963 -1.8672371727644228 -1.4531623801288531 -1.353200913162745 0.36786691837460156 0.4518956876927869 0.596159932186184 3.014773867851762 3.937355655731755 3.990399052786136 4.115118299053807 4.306670122184351 4.563577248712901 4.6709462196850495 4.788823178676816 4.8536840572420505 4.957097643274218 5.089875496619445 8.608453988066678 9.139665442094685 9.180598226500402 10.934501537217608 11.503270594120805 12.520280071253692 12.783015503235847 12.966111619342572 13.69207242541595 13.973488913646547 14.047300372212968 14.064703621826908 14.22981600157875 15.233685264774675 15.967562529538753 16.210856011322566 16.51194807861413 16.822400615969652 16.939140471918726 
0.2857142857142857 0.5 0.2857142857142857 -16.836056736603343 -16.314476452746625 -16.197378960547535 -15.029929785873678 -9.486736579646786 -9.30531135499726 -8.085860513723597 -7.432140136938624 -6.8273857633761645 -6.657256272367597 -6.464510386297014 -5.846366725565537 -5.51022686909765 -3.041244684971953 -2.8465812601552103 -2.092930131425229 -1.8773765431956546 -1.4394754856688075 -1.2763142433689671 0.2915851779739289 0.42944798943214685 0.5933125932555307 3.1425327056338275 3.7775496443669834 3.8113192726914917 3.960033137039721 4.362364886693037 4.480078492491541 4.609689784140146 4.802175161660107 4.96617645088515 5.008104517720307 5.075061311380044 8.609375589260898 9.279534341937286 9.361212033146852 10.759371931978551 11.425613111625665 12.564074631653932 12.799230820234978 12.848884897967869 13.72667536637239 14.054765802049701 14.123220456231218 14.18897260054799 14.553736787329616 15.297794777375701 15.8090173928444 16.426022714686393 16.44113149092993 16.882104565315423 17.113760415367263 
0.25 0.5 0.25 -16.92241423849028 -16.31552468100018 -16.163360693480588 -14.872597748343551 -9.712346406691013 -9.547140821205506 -8.134205825411108 -7.424870159485046 -6.797531388131777 -6.564716705851408 -6.334888044299085 -5.552977760425883 -5.228461679676904 -3.2402177487357013 -2.9564729582628604 -2.115826866838399 -1.892140000514988 -1.4416973541136653 -1.2077124748330277 0.20158553445620156 0.41977643253752533 0.5799374781620025 3.278397491537982 3.5969216852991432 3.6118183505524035 3.8692993396463713 4.385001835857649 4.417877148617154 4.548052684884607 4.7526125538629 4.989437428934865 5.128738769117626 5.180426399404992 8.621073914260185 9.398639653074314 9.545061879153847 10.608687765026554 11.391960999978952 12.60088158683918 12.712381876763713 12.812657824916046 13.749632127993186 14.083614778265321 14.219423801483238 14.429394538304496 14.872201826075024 15.327070036301041 15.730791496946596 16.287196996181116 16.524987426057457 16.989994350760036 17.359765887978398 
0.2142857142857143 0.5 0.2142857142857143 -16.998998000039062 -16.317269440892105 -16.1287648001684 -14.721385918260998 -9.916713786573945 -9.772964127028308 -8.180726181601797 -7.421291929315777 -6.768182062431803 -6.4706873289637725 -6.199796252229975 -5.280559182976503 -4.954848629998767 -3.4401683579095232 -3.0533093309147294 -2.1441978284755376 -1.9173531457120923 -1.454624543622584 -1.1507292899953783 0.09176973960510877 0.42026905246594837 0.5518562604608085 3.3329885360349976 3.3781968701258527 3.5327523982362 3.824066564751333 4.28302465042808 4.4641918181822815 4.485039763314481 4.68807184760996 4.95736145715543 5.247650443543803 5.350655298669986 8.639318026690228 9.480328463676747 9.714891544824392 10.479135638169463 11.407124633772936 12.588296927690926 12.625837710247586 12.82990602895771 13.76447278862582 14.10507529653083 14.326469166024244 14.698551044665631 15.057370523202694 15.35776525176524 15.752343818069624 16.150312844585184 16.527148538804912 17.12930035559977 17.603356457703516 
0.1785714285714286 0.5 0.1785714285714286 -17.064834988722755 -16.318728985911473 -16.094840464202335 -14.579007768467871 -10.095242435391912 -9.977536207764771 -8.22044884886387 -7.419110329917772 -6.739399397857635 -6.3787257148998115 -6.061390391210993 -5.032584051756637 -4.691276910658647 -3.6338628804163666 -3.1356239739732916 -2.173590207602593 -1.950612836956856 -1.4676493418508187 -1.102500099638098 -0.03327986667007717 0.4323722609877072 0.5121299026246476 3.177258638007536 3.199780573593623 3.658904687074161 3.8191388213149935 4.180084659381534 4.425758539824454 4.505209264350536 4.626990611523967 4.908889568076196 5.377688078942464 5.510430886370995 8.66520746605062 9.522200663598642 9.869121060719129 10.372264522827068 11.462599035039494 12.47278907870408 12.638652548694422 12.87913865751611 13.768860932514926 14.125789996910326 14.405543148781506 14.96277769203353 14.971467987995824 15.511036041863285 15.872064222163756 16.025509997624162 16.4776246432465 17.271391251228298 17.788448357110134 
0.1428571428571429 0.5 0.1428571428571429 -17.119381623891087 -16.31978544270001 -16.063686758321957 -14.450728844833025 -10.24649819237737 -10.155476963187297 -8.253333714622512 -7.417237096632273 -6.713168567865079 -6.293975415951777 -5.9242179986233525 -4.81444114018284 -4.443568990159039 -3.817852424151307 -3.208366906828017 -2.2030100911049795 -1.9898002883682586 -1.476945924154457 -1.0633432343667806 -0.16508104501291637 0.4539899944900488 0.4646966734990698 3.0045830833146008 3.0458195967366852 3.8243074568255793 3.8426276317593215 4.085087797889881 4.372182846913419 4.5351931690375284 4.5780450313201735 4.846513423923367 5.499715130120115 5.652505874159113 8.696579581733666 9.532291651844611 10.003753933894458 10.286409689697503 11.533348356453125 12.370520397080197 12.634678424465193 12.963933759646608 13.70860842186862 14.14361394801698 14.443101551230146 14.776375952285523 14.815950718348795 15.21098101622653 15.639099726139802 15.927884407303017 16.0635223893073 16.379468493701367 17.912434168496887 
0.10714285714285715 0.5 0.10714285714285715 -17.162311697809795 -16.32100063408792 -16.03743569172447 -14.342379513104614 -10.36962042039974 -10.301083350612627 -8.27983388487574 -7.416422235911283 -6.691501950685763 -6.221803553377277 -5.795404464309561 -4.638515461719001 -4.216923984166734 -3.9847806730834705 -3.278210177222972 -2.2295035205851286 -2.0312606372804964 -1.4797732111870228 -1.0346392301548268 -0.2912637991842421 0.41285616325744556 0.47872517249828467 2.864420275781511 2.9104885669693763 3.877281155578495 3.9916544254596293 4.002443767946097 4.325990600585853 4.517350538637009 4.574754492699836 4.770132385144818 5.6036730053556365 5.766874967884751 8.727319396260862 9.517740357677361 10.10640081604159 10.224456814914275 11.63134153588186 12.28411048130917 12.630065761230275 13.076008266472055 13.702128776254188 14.15839295704664 14.507974261996726 14.571705275071519 14.74631786104367 15.417284652108837 15.722936481807201 15.868641678444245 16.208755574314957 16.283739586814338 17.953477771439992 
0.07142857142857145 0.5 0.07142857142857145 -17.193122381149536 -16.321578844845416 -16.017132057065318 -14.258899894585287 -10.461960712862767 -10.407099530434985 -8.298305559291625 -7.415726658388179 -6.674488720954315 -6.165946903541276 -5.683705062774758 -4.50589910130587 -4.123288664683936 -4.018428749209189 -3.3483873115863108 -2.24969346143961 -2.0653119191301506 -1.4782395853554227 -1.0127144913973092 -0.3945170536475647 0.3660245091384441 0.5037455826137694 2.762571543241678 2.8056989843357916 3.912197842864993 3.94231625283492 4.154199912874359 4.2919937405005895 4.487014767975752 4.589739396388073 4.681842492319411 5.6846781017972905 5.85234523415862 8.754760562827363 9.495630393972451 10.145845981785726 10.221583352326828 11.721054759711862 12.218135474971444 12.6231176433192 13.19797228451072 13.698199781436836 14.1666382652006 14.391975003228595 14.55008645023766 14.680280306873474 15.579679913102414 15.782748375702253 15.84530765743512 16.090092745273278 16.42942302987788 17.977946192561692 
0.035714285714285754 0.5 0.035714285714285754 -17.211814969150613 -16.321954512332137 -16.00435394137648 -14.206776719207484 -10.521391439460894 -10.470884965694536 -8.30986089486242 -7.415932921307863 -6.6641267701972 -6.131729157284508 -5.605192876926356 -4.425118208767245 -4.218874339613936 -3.866671945154417 -3.419708788254893 -2.263301779282991 -2.087947685423787 -1.475785264748947 -0.9997874418824243 -0.46403111515648326 0.332740239109374 0.5209504042854013 2.701428535068756 2.73854732115853 3.894301733487675 3.947362358992071 4.270190953201681 4.3048578520766565 4.46445838037621 4.567948443998918 4.608273133905156 5.734526760768111 5.903009874436352 8.770140383049164 9.476372847023205 10.127119283160283 10.261742620337447 11.78185377997584 12.17577983514862 12.615549096787278 13.300232352556348 13.691980885964849 14.151099712423584 14.277452932279415 14.562973470155095 14.63196836791543 15.689064025335485 15.8245186965543 15.842233072629995 15.97931590800686 16.53430120832996 17.990785732580463 
0.0 0.5 0.0 -17.21790435504415 -16.32187953776943 -15.999764633516342 -14.188842828577705 -10.541896346998675 -10.492107173889593 -8.313537108276924 -7.415871666937221 -6.659942632901938 -6.12029632834487 -5.576410634144642 -4.397667888732878 -4.251776538228268 -3.801674314964249 -3.455991460634532 -2.2673206643732415 -2.0939125364778883 -1.473640329839839 -0.9948146553323349 -0.48779684874157303 0.32155437724005725 0.5278060943539912 2.6806398327807335 2.716406794227516 3.882300258352124 3.9571452828996643 4.262706085176351 4.431515766245236 4.433941009296521 4.4860046923193675 4.606706340936902 5.750824396634736 5.920193324227298 8.774318671428547 9.469229609417962 10.11866391793406 10.275930308461307 11.803790776976149 12.161248469904374 12.61241518463969 13.34282717054061 13.690616319434035 14.130756328983 14.251502885518034 14.5858245658884 14.619052498576863 15.733677787721644 15.843752939862437 15.849964156457538 15.924454765278655 16.571676185595454 17.994655498679027 
