 5.01668007  5.01668007  5.01668007 90.         90.         90.        
C  2.50834003 2.50834003 2.50834003
C  2.50834003 0.         0.        
C  0.         2.50834003 0.        
C  0.         0.         2.50834003
C  0.         2.50834003 2.50834003
C  2.50834003 0.         2.50834003
C  2.50834003 2.50834003 0.        
C  1.23739261 2.50834003 0.        
C  -1.23739261  2.50834003  0.        
C  0.         1.23739261 2.50834003
C   0.         -1.23739261  2.50834003
C  2.50834003 0.         1.23739261
C   2.50834003  0.         -1.23739261
-83.87568556
52 bands 
kx ky kz  bandenergy1 bandenergy2 bandenergy3 bandenergy4 bandenergy5 bandenergy6 bandenergy7 bandenergy8 bandenergy9 bandenergy10 bandenergy11 bandenergy12 bandenergy13 bandenergy14 bandenergy15 bandenergy16 bandenergy17 bandenergy18 bandenergy19 bandenergy20 bandenergy21 bandenergy22 bandenergy23 bandenergy24 bandenergy25 bandenergy26 bandenergy27 bandenergy28 bandenergy29 bandenergy30 bandenergy31 bandenergy32 bandenergy33 bandenergy34 bandenergy35 bandenergy36 bandenergy37 bandenergy38 bandenergy39 bandenergy40 bandenergy41 bandenergy42 bandenergy43 bandenergy44 bandenergy45 bandenergy46 bandenergy47 bandenergy48 bandenergy49 bandenergy50 bandenergy51 bandenergy52
0.0 0.0 0.0 -13.208072707253015 -11.708858196668322 -11.708858196668285 -9.126366177328357 -9.12636617732834 -9.019626652844023 -9.019626652844023 -9.019626652842637 -8.618539049701536 -4.713535110866439 -4.713535110866436 -4.713535110866423 -3.0730627949820146 -2.845672202372714 -2.84567220237257 -2.8456722023720835 -0.038494069640480855 -0.03849406964032151 -0.038494069640257984 3.0531028343748003 3.0531028343748567 3.053102834374914 3.6730876997089723 3.6730876997089976 3.6730876997089994 4.959095260292279 4.959095260292304 4.959095260292304 5.432506742535703 5.432506742536059 5.432506742536836 8.103050348439634 8.103050348439695 8.103050348460238 10.450065951334608 13.710696586137859 13.710696586137953 13.835947178143583 16.063801781501386 16.063801781501397 16.063802188428916 16.489326149197947 16.489326149198053 16.489328256698627 16.500691975053357 17.2598713873905 17.25987138739058 17.263447311421178 17.263447311421732 17.263513021302845 22.163558341406134 22.16355834356451 
0.0 0.0625 0.0 -13.19612513279257 -11.725481804823747 -11.69689229549741 -9.360111893795693 -9.12537973759806 -9.020409890340398 -9.0201205376642 -8.871926671631519 -8.531405833066234 -4.740252618367319 -4.713379156538865 -4.713359413188683 -3.153507729579409 -2.8406005763925406 -2.8342737316539104 -2.744108080432959 -0.05472782800797574 -0.041030067049350506 -0.02371322879365653 2.8589899082452024 2.924509469946549 3.073702172791894 3.679625940068747 3.6832925223301607 3.7867997133552804 4.9260932784153475 4.9424412808193035 5.060532923069606 5.381513986915072 5.463011357889368 5.6506782549061745 8.036306131277506 8.109457691319347 8.115286188331645 10.489318208890289 13.715780297965146 13.738622382952588 13.849476954545212 15.958175220651048 15.974072118360663 16.035781196202855 16.4063241823646 16.44582402834675 16.46714506521638 16.54663803459457 17.073590735242732 17.1245771666288 17.174103617710745 17.312012416779336 17.360431243922147 18.53279603317701 21.676058941024557 
0.0 0.125 0.0 -13.160918691157084 -11.774484059157597 -11.661508305266148 -9.640192027530372 -9.12070063492802 -9.017526416574622 -9.016318560798853 -8.835540472152786 -8.261438044018417 -4.822272322671879 -4.7130688562998015 -4.713013942049516 -3.282849752176573 -2.82422184667742 -2.798237964050779 -2.54441465323137 -0.098100904428927 -0.04114886991256219 0.015485937155964198 2.5048521061935562 2.62004793433803 3.15051197988222 3.687609428446813 3.718126850839953 3.9386156132714096 4.902907346886792 4.949904393470899 5.236478498121299 5.30689008908757 5.583593449185908 6.124998224820365 7.833934870444596 8.134934504842384 8.163566723681608 10.6053912339936 13.72929163078226 13.79529374443917 13.910932209205924 15.597375423494215 15.612641012817862 15.951430073505232 16.28979705525414 16.391951382645804 16.422143204024653 16.643728463869955 16.693143864585146 16.96010475576857 16.961860026820386 17.368316825960658 17.523570476085595 18.606468227300134 21.14790564182685 
0.0 0.1875 0.0 -13.103320927069031 -11.853929768098551 -11.603902892863658 -9.910709747487166 -9.11521588010074 -9.014593155180393 -9.012147476984364 -8.858277166351114 -7.93295600474946 -4.945820469088908 -4.715928633763629 -4.715792581182247 -3.414708268591332 -2.803179887060875 -2.7463145687638573 -2.2977122012463367 -0.1723089897421443 -0.042317946771085316 0.0484854320002548 2.141065402372392 2.2428584719427125 3.286678693448939 3.6833782431895847 3.768910439315152 4.035279294619466 4.83485918231176 5.018153400750658 5.048167310316206 5.498705025803979 5.877617457790103 6.696979657003321 7.50944172880412 8.189554321599179 8.270724299097632 10.790046232564924 13.746978172979347 13.834132128123022 14.050337711847567 15.015853732498066 15.019597733027048 15.809208591409696 16.095684949087662 16.363777828651063 16.364812408855926 16.40077837082683 16.65110760514633 16.7121213661069 16.896016927350438 17.345657686930174 17.81048711073804 18.875485221256753 20.664605479896608 
0.0 0.25 0.0 -13.023400838294547 -11.960235435293487 -11.522949916218577 -10.164817001798262 -9.107589622400575 -9.0105924238821 -9.006686685412836 -8.895471130885145 -7.581268987706814 -5.122554303764454 -4.712212868410457 -4.711925679300395 -3.5376808336587064 -2.7763069957361237 -2.6782723928287093 -2.0133911911328672 -0.26106920640426606 -0.02474048833287011 0.05450390975733096 1.815022961883186 1.8567309150194584 3.491547048897798 3.676911755860706 3.8382718265129645 4.100160840099311 4.74552268273487 4.76805006097831 5.190601435711584 5.629685768093252 6.23727104687592 7.103607664983379 7.269790492886156 8.330312436672267 8.495190534538557 11.030267085566066 13.761975394833248 13.864168874512892 14.23204257096611 14.28866089687715 14.299344279205565 15.636013663892216 15.703324952478507 16.316386936000498 16.333755572326034 16.34088980559417 16.494751060529865 16.50414936664971 16.967761290050042 17.315267206609583 18.17681013963165 19.17801914429871 20.246462832388982 
0.0 0.3125 0.0 -12.923627278916566 -12.08778732420871 -11.42087989319336 -10.399943785688613 -9.099667619621295 -9.008759513753649 -9.003380378527671 -8.936573631453125 -7.225433494690375 -5.345171158055571 -4.712036000854799 -4.711657047177649 -3.64386903017445 -2.752815837638576 -2.607618974609738 -1.704281213552036 -0.3573228166459606 0.009798532263079892 0.016862986282860988 1.4944372058205382 1.5466536886239675 3.668132033968655 3.766060789429422 3.924104183503859 4.14466818954414 4.522418355799438 4.638173766396477 5.339289773656297 5.743436005640436 6.514230101921961 6.637180099882409 7.665533246729 8.69987440919505 8.880781569616143 11.304564271271984 13.475601982526522 13.49916363377144 13.76175810643982 13.890872068482153 14.398137288861182 15.312896177129778 15.463992170469378 16.198671142011296 16.268518212761467 16.32247501275097 16.361428080355008 16.40142023966613 16.917583355250187 17.368178057306288 18.550858080442982 19.462750233916662 19.94241946767968 
0.0 0.375 0.0 -12.806082508797317 -12.229198283187236 -11.29787924998253 -10.614100410756999 -9.090280959034876 -9.00594329406549 -8.999306170170726 -8.971382148121183 -6.871876345451388 -5.600104261329562 -4.714326921562194 -4.713838005787244 -3.7253767413728816 -2.7319909881589868 -2.5403378209093788 -1.3923769240494246 -0.44453909235131367 -0.09190493337829736 0.08784033669501805 1.1778285836108797 1.3488279955035376 3.663746160686408 4.022998861476989 4.085298101684419 4.177645279744294 4.3385254978596555 4.521562149231514 5.470071152831946 5.838499149431484 6.153911358965318 6.675245598705294 7.8304281339262625 9.340505574651596 9.434759973265983 11.57974715986031 12.635585920842848 12.661681049717773 13.73544897273692 13.914353227587847 14.47688534874276 15.004835692654908 15.396491588162093 16.04412193452157 16.217228953401207 16.279655904191618 16.31776342010195 16.386116526061656 16.737208019507516 17.49619485416797 18.793841907321536 19.694697967485205 19.87136178515972 
0.0 0.4375 0.0 -12.674035821533575 -12.377241153049168 -11.155625126437531 -10.812111294866085 -9.080263717657543 -9.00294985893683 -8.995499304199459 -8.995243229381035 -6.5271562724412 -5.878178888122792 -4.710995716566456 -4.710472164344574 -3.7767378004091796 -2.7167258278098396 -2.49046204197845 -1.1215356748185825 -0.5066011798784872 -0.23055236271904736 0.17480090242413257 0.9402150683982321 1.2304511207611584 3.663568193318938 4.134408080876104 4.146917941712582 4.201170594567514 4.407651179200593 4.51203328208936 5.5602419794343465 5.698954131653896 5.905975335265483 6.753597533729945 7.896729435545652 10.11874300694947 10.125074287897048 11.800547518624668 11.8085078471779 11.810986914617294 13.686702363250774 13.931376007663086 14.457734060967795 14.80746846186047 15.45746194438148 15.941803552676767 16.216336483075292 16.242486128811557 16.31963833910596 16.38578615814384 16.51726723763567 17.610051102375184 18.820946972108672 19.847375603151395 20.05978075715279 
0.0 0.5 0.0 -12.552946887427952 -12.50441585057287 -11.010585856823505 -10.976344172141117 -9.076488683178713 -9.005016874748762 -9.002163837975795 -8.994434920962387 -6.238303520284204 -6.137576246117717 -4.709488950366419 -4.70897305655046 -3.7945772801741144 -2.711485760541392 -2.472335456940613 -0.992437373438725 -0.5299485032537175 -0.3083245821192746 0.22194717229846467 0.8408999384300909 1.190359600612401 3.661916775823845 4.110315009685285 4.207831196369031 4.211406277929796 4.328898307240775 4.7370951713472165 5.4320854671918255 5.592084095852272 5.929693127914296 6.7752859899625895 7.914617875964719 10.685508852760526 10.94277209191649 10.973446804179854 11.195692478766324 11.889329195408937 13.658079883885394 13.937579061942841 14.435698835428015 14.738921097999006 15.51063165784368 15.905412001562903 16.234196721248853 16.285121324764308 16.319523622900448 16.352786056443364 16.38525855693991 17.656738579092167 18.7968313570021 19.898475277110286 20.195707845299285 
0.0625 0.5 0.0 -12.541184967992415 -12.495919958012223 -11.021431286584354 -10.980642579428197 -9.366400632391239 -9.013058194110032 -8.995322607671223 -8.69732064980719 -6.242926020115772 -6.1425895664491215 -4.739901441139451 -4.712280310367153 -3.8276152516563866 -2.695088644314866 -2.4355929819386977 -0.9772512028304354 -0.482457454512438 -0.29677592202587383 0.2103931847601177 0.7810235666616051 1.1732848404309972 3.5411621206787216 3.6239886755692576 4.345635270519356 4.350419151166978 4.637278895674277 4.731858631324501 5.377246639665276 5.650310721578401 6.031950366183159 6.722795819609024 7.923418480253349 10.675789107540227 10.94125179416302 10.963894814067464 11.187184547819536 11.9341378812542 13.682907787825378 13.943838640706387 14.396128421464034 14.703035118735544 15.519938716103368 15.9481856261342 16.079080685332176 16.166457653499812 16.289868297076776 16.323777906614136 16.401972853275645 17.71985128981147 18.789414048985222 19.743119153841604 20.147056694537604 
0.125 0.5 0.0 -12.505663783342579 -12.47051243043798 -11.052530949120598 -10.994094599607466 -9.661614405208077 -9.031885076498464 -8.993851766665687 -8.343222893485397 -6.241637376471034 -6.144418575038031 -4.819787820210316 -4.712015975919967 -3.915966943869016 -2.640279361757614 -2.324313121533519 -0.9243210985518889 -0.40450733547441553 -0.19624562139006388 0.1785505069402854 0.6138192194245229 1.1266090058030171 3.0949023175244936 3.3612368660893073 4.409158332052037 4.566040043778102 4.724318425949848 4.957493166480709 5.278926453011531 5.844746654067006 6.351525611574629 6.5762876607095775 7.969547583616755 10.67647908702632 10.95067665987886 10.952421413611095 11.192762792532823 12.064007910466243 13.733697512224067 13.960320253421393 14.322818755985237 14.604602179616444 15.552991401695897 15.670283680663484 15.746211152619097 16.046768084684853 16.26653446117806 16.317425079174342 16.408370326254055 17.918382009835447 18.77265208411838 19.35978860909848 20.02249283387795 
0.1875 0.5 0.0 -12.447348266325326 -12.430490972745528 -11.102819829063058 -11.023592041415732 -9.92798813020349 -9.058771503728561 -8.991340574797698 -7.981523255333235 -6.241730577106934 -6.148779503857863 -4.947486511497583 -4.714215457483819 -4.037671462210194 -2.5507318047074916 -2.1582345414123245 -0.8347882842512755 -0.38532668529362896 0.04575730013998247 0.13159888618981389 0.36365848053434546 1.0544926486890047 2.57639165378571 3.224058866320433 4.500460020070161 4.704481476188988 4.710143659459146 4.987177648522363 5.2633900632169555 6.160808157977503 6.345607717047983 6.87304173611491 8.07255514691929 10.693148546429532 10.928281435214068 10.961229600082813 11.21724314557129 12.264747665798732 13.728027327003813 13.980349999483998 14.326833432246666 14.461823577847476 15.062672962258697 15.12363864882549 15.600238307155877 16.114215389846972 16.19035599900964 16.377404822043935 16.39622493876152 18.233749325746462 18.74654635698956 18.862746610491413 19.837624275431168 
0.25 0.5 0.0 -12.378404924565313 -12.369141103057016 -11.167225456139404 -11.077054694572777 -10.14694848993448 -9.08818548186236 -8.987669601735476 -7.619634087634106 -6.239105075436004 -6.151118493378237 -5.121878821150068 -4.71392796892261 -4.167367604304097 -2.425983381302249 -1.9522797394043703 -0.7059935275024948 -0.38632109222883226 0.06703510981807317 0.07899705439665253 0.35733564015797564 0.9577814404637365 2.08688666889315 3.1394444938866233 4.606713287708261 4.694807357246872 4.769750074333105 4.849794031884241 5.291004288243188 6.04954230967055 6.510213688700959 7.532108323077519 8.293146126290269 10.731119789685543 10.907711918531007 10.978548201727454 11.264332764168618 12.520339322985723 13.618715358877575 13.989177187485401 14.300993490929104 14.328233957396947 14.371068698800038 14.475554102965697 15.65928735519326 16.09842817108907 16.129334610399624 16.371924184421907 16.44607146381493 18.30943092257322 18.65421386222579 18.72475795521785 19.625912411418362 
0.3125 0.5 0.0 -12.319932491020827 -12.274315047110747 -11.238099919702684 -11.161189703426231 -10.308343091252759 -9.115694091426288 -8.984454045605583 -7.254000016513938 -6.236917917525656 -6.153499776289986 -5.340577897998361 -4.71083627954223 -4.285418428920089 -2.2784964888323214 -1.7323646448239045 -0.5329883099788082 -0.3905094413104267 -0.24169571974346293 0.028378350652294826 0.6919162663754738 0.8508231181107292 1.626465449144777 3.0941677034762076 4.682651572550163 4.6964892834025616 4.713332636447746 4.795594505708647 5.288771398763693 5.721426590690624 6.783966018683278 8.278440813789544 8.689374066331247 10.792570631247507 10.887163282232237 10.997100255497967 11.331051210823116 12.809727182118724 13.469866826382908 13.480903894983461 13.547863544341906 14.020562996349739 14.144366427173283 14.711951944158523 15.722614704961453 16.004815191009914 16.11087209436427 16.351831589448935 16.46305704103118 17.791012973567323 18.723645612869138 19.103437208564966 19.421760345046447 
0.375 0.5 0.0 -12.263676716339097 -12.1717246018972 -11.305987321913513 -11.269892411640065 -10.408692728259648 -9.138576165684142 -8.982316153293475 -6.897012225417128 -6.235060286265878 -6.1551744216106306 -5.596913378042261 -4.70463377573856 -4.378371066696769 -2.119068638536791 -1.5363521241518612 -0.531539961402414 -0.3966533860970983 -0.31179959385951517 -0.01633655444840025 0.746198226678551 0.9995202738882952 1.1971257821997625 3.0721354916938 4.567466757853869 4.673390239067777 4.800065372711973 4.8044410192202776 5.27148101055586 5.4109249397221335 6.943145890906301 9.064307984870538 9.258197714452582 10.859040945328205 10.86616734286626 11.01296066904518 11.397771095669574 12.622412660381604 12.699815923669625 13.113137541073622 13.334702895521389 14.001425596008454 14.015015304222285 14.978524290906456 15.784092835480305 15.929535729349013 16.076431100901797 16.34719789319963 16.394579814373763 17.32439209884134 18.756087675321105 19.2412474087585 19.590812631352826 
0.4375 0.5 0.0 -12.220799633504056 -12.081698718075627 -11.372054594728317 -11.357047248945289 -10.4608756092784 -9.151559143345299 -8.978945676189316 -6.5518377958183525 -6.233499385165396 -6.155008811894915 -5.8799520977597695 -4.704643898406417 -4.437814407620298 -1.9766492553992456 -1.3968361832191587 -0.7532735453605232 -0.40057309528495894 -0.05087697461649281 -0.04393596493602118 0.6456458097753831 0.8351879553071644 1.222433810508764 3.064206044365691 4.480947717138655 4.672510200011947 4.800349517253876 4.864712024757921 5.177088102092191 5.255411361009638 7.01860876581204 9.862143148109999 9.92116200346967 10.830836177540684 10.912556072463078 11.025508296504059 11.429224377600159 11.801614760301698 11.912683114806432 13.24156369022501 13.359886114981409 13.931869669829686 13.958807501228334 15.219894908166143 15.836917085648004 15.885779794610468 16.02931975551335 16.27611181822489 16.35290117813397 16.978440717513966 18.818396249606646 19.097008044898356 20.1356126254483 
0.5 0.5 0.0 -12.204703627505292 -12.042340749083209 -11.417213822838681 -11.376093851863308 -10.476352728158648 -9.15608121068703 -8.977949062476872 -6.274832765055555 -6.258785522769063 -6.157794320906107 -6.115061947489889 -4.708634731942292 -4.458442017448725 -1.9140702335695094 -1.3483063964501636 -0.8437105349127457 -0.40435074523016845 -0.05371181649445336 0.13600563234504245 0.5135152694923293 0.7036622371543232 1.305784176009165 3.0614357020526475 4.454089760339693 4.674305762138392 4.799017735220201 4.889102411265984 5.087874798538423 5.24787607250182 7.040200026105878 10.411396019436559 10.429693416765138 10.72281491636915 10.93236869128469 11.028441880345845 11.144787074468855 11.47398703660703 11.519692756153391 13.206994561538249 13.470889521778009 13.902573165502268 13.924475898383749 15.327037088637939 15.864903331418837 15.871908244800984 15.99395116047654 16.207975010255506 16.348568074482145 16.840719705106817 18.866772991964236 19.023847257867747 20.57314361287195 
0.46153846153846156 0.46153846153846156 0.0 -12.221870260018253 -12.065465509814995 -11.407944736566874 -11.338990719940567 -10.463334537419039 -9.153760448293157 -8.978807248566982 -6.442889674670501 -6.384273517982879 -6.017135064688799 -5.972095197630197 -4.705002538447117 -4.443636421921208 -1.9504148756222164 -1.362641430541833 -0.8052203592993183 -0.5126600060545852 -0.02726595444959224 0.12047048962056336 0.5724810136771008 0.7497857152305223 1.3229712227102144 3.066437260577119 4.456451397233627 4.575526535661999 4.7903080371887 4.880536358844929 5.1291810191452765 5.371805213367863 7.027347696509716 10.053685030111115 10.129484348281423 10.55800243481084 10.642229825828679 11.279382072707834 11.428819021795846 11.7746764924432 11.813123221781636 13.158873341812397 13.48685576056772 13.93700646017365 13.938042985887122 15.270309071910722 15.71327687489467 15.958811760416419 16.050758458696528 16.252140254840835 16.36180433529179 16.88484573165395 18.850187722823208 19.051921569326165 20.359802466673976 
0.4230769230769231 0.4230769230769231 0.0 -12.293211134695712 -12.086842917557078 -11.42201247255201 -11.214122362534681 -10.425172363582876 -9.147335942792889 -8.981874377857247 -6.655006816786413 -6.583196987490244 -5.83289562112098 -5.795724326698558 -4.702150556222305 -4.40016736356368 -2.0436901873522535 -1.4101063626316985 -0.7554398922432337 -0.7129640785082779 0.05298395962600122 0.09547458520927249 0.5512626197964745 0.9748291766574785 1.3661049644172765 3.078711543110991 4.364826041145258 4.500135261679353 4.762410612258408 4.861997551260506 5.243104414074291 5.620285972890064 6.986335687538889 9.552523190550472 9.633313306079355 10.133847017654542 10.164208404121851 11.794600719863517 11.906485598709317 12.260437401656489 12.268034139788165 13.009775021435779 13.558604685806193 13.963571811301112 14.039213245242593 15.128087309712605 15.550146388839279 15.967622018987267 16.197744906294325 16.273019055957107 16.43086461868489 17.004663607484446 18.825860466171644 19.106944283229417 20.00095512730996 
0.3846153846153846 0.3846153846153846 0.0 -12.409940603736255 -12.075963908925742 -11.448630578206757 -11.0464478646394 -10.363509231127868 -9.133644452787632 -8.983787426084554 -6.873859349843747 -6.78906913140577 -5.652420404600632 -5.623744567254425 -4.707600454381357 -4.32885884552521 -2.1616100245736245 -1.4906579325645066 -1.0331647012244525 -0.6006813058099295 0.07188408645234991 0.1985172274129122 0.47814538017445923 1.2750775374315884 1.4348833982830955 3.1011601178585315 4.1866986985836165 4.542692642853742 4.712053185194999 4.844869873345374 5.414876315064412 5.907121281792104 6.914836446885713 9.05255045245712 9.11588078295815 9.666890657606606 9.69971155235062 12.338952938297853 12.353135000554504 12.727683976735895 12.77682804678578 12.831838850452142 13.696303453417336 13.98716618034322 14.208712992702345 14.953707389492074 15.399237375428193 15.978747024505385 16.253338581366254 16.353327449931484 16.532623657210436 17.16960343961572 18.821274864854626 19.159029635204305 19.70375158774643 
0.34615384615384615 0.34615384615384615 0.0 -12.540270334393664 -12.046947370452921 -11.482786244688974 -10.8602422158961 -10.283576468009574 -9.116227505760158 -8.987218854775739 -7.094204251399459 -6.999436532086621 -5.484788166696676 -5.462055806088484 -4.708388794266509 -4.233866376489222 -2.2856899266725885 -1.609466803919193 -1.306341038530356 -0.49814358541314097 0.04465607608666834 0.3943574603280915 0.4057669855977722 1.5209326540833885 1.5827770159155592 3.1349040146981113 4.034729448009787 4.608230775678485 4.63596272226482 4.828751818323916 5.613505876465321 6.195603656889807 6.805980873480027 8.565963559100028 8.61257520223914 9.175633982917676 9.308729653620011 12.361999113359865 12.87724432752894 12.994531360937472 13.20239422898565 13.294535639049842 13.870574308135915 14.012343511876155 14.440143947740907 14.773492207566102 15.274241909627847 16.000210742459675 16.234885626367735 16.482241221302093 16.65088789875601 17.32570234214449 18.753485276198845 18.83912212523855 19.437400826706547 
0.3076923076923077 0.3076923076923077 0.0 -12.668167984884963 -12.007199417890552 -11.51973543085667 -10.665060525366112 -10.185486385440395 -9.094568841325644 -8.991141056361034 -7.320528330297777 -7.2117008015682424 -5.3323239808455 -5.314506225468954 -4.709139079845233 -4.117829281066989 -2.402123407572682 -1.771908308695344 -1.5543339618722436 -0.40904116220783276 0.016232579748320302 0.31865371002583837 0.6663709484262117 1.6300965845002249 1.8700926447077257 3.1801322805710908 3.925245416843968 4.543259249873699 4.693735560780029 4.813264935630151 5.804698245176112 6.467020222554253 6.654123877312458 8.096046637420264 8.143984539610319 8.711690413874205 8.969273386409082 12.071859841416936 13.39231711947837 13.401772704881235 13.654956830684702 13.810204812882745 13.990191546873866 14.109295085041524 14.602652078759862 14.728477183143184 15.21394492163286 16.0309059568049 16.228167651986443 16.575920482619008 16.78860322622565 17.42610312596818 18.74597354229674 18.84328186667507 19.310142447077357 
0.2692307692307692 0.2692307692307692 0.0 -12.78782702444432 -11.960808604866342 -11.557432564233867 -10.465971015101463 -10.072736331085808 -9.070208635901494 -8.99584671100035 -7.548821398351849 -7.425538976107909 -5.193907651205406 -5.180487032144329 -4.712695817289369 -3.985703651237565 -2.5079160782625562 -1.9680273671447648 -1.7706418347037778 -0.3313004917172907 -0.012500081997692139 0.2490776603679224 0.965363484507812 1.7660334233831902 2.1293792934773457 3.2360546810063084 3.863926842118144 4.4368824534849 4.79095142277923 4.80100202439083 5.938986228277967 6.454660250214796 6.6836376482281015 7.643636178522351 7.761824825344854 8.302920949790396 8.694484745736975 11.752769751667614 13.698478784140574 13.89747301706287 13.988852653401798 14.156332566814083 14.25336076604372 14.306967889161426 14.46231984999811 15.063132262023906 15.276617633150995 16.069657696023253 16.23227884114737 16.65277206967764 16.9166541773735 17.449921719386854 18.52484885375647 18.931837739844646 19.324110235846778 
0.23076923076923073 0.23076923076923073 0.0 -12.895319920370243 -11.91071408787136 -11.593383835154366 -10.267744135946076 -9.947691538168254 -9.044139594197878 -9.00076659568033 -7.777246381916892 -7.639009993079791 -5.070729419686111 -5.0591614205207724 -4.713383165548837 -3.8427008742116295 -2.5990544453852906 -2.1752441806631837 -1.9651582994460337 -0.2615257641859846 -0.03763856617791179 0.1872257216834242 1.2909400008992842 1.9310166329671465 2.347406488484101 3.3031597433107773 3.8484214045573393 4.325890489494937 4.792015430973849 4.89584104175149 5.95003977237628 6.213062966456379 6.757534542929764 7.212146524246144 7.56386102216068 7.996131330197944 8.48820837110752 11.443166789484456 13.806119390784747 14.090165097480659 14.224508165371825 14.364170651078735 14.485539736903453 14.640450456795344 14.7849662781231 15.430750512046176 15.483181499953028 16.119537263442165 16.2511331256832 16.72659103812077 17.00262559496396 17.41368309304097 18.259502511777335 18.9965560255207 19.34352509937244 
0.1923076923076923 0.1923076923076923 0.0 -12.988871557357381 -11.859894854238862 -11.626496565931072 -10.067760455108044 -9.810489619598656 -9.018920429259326 -9.006752700159184 -8.002240145303597 -7.848353011308263 -4.966491795735724 -4.957204324993635 -4.711287996989797 -3.693921765231723 -2.678694418154551 -2.366357882219946 -2.1495643846278174 -0.19872186377864487 -0.05334733712984665 0.1306387619334097 1.6336039018826645 2.125897942477898 2.5269575634404555 3.380349474274493 3.867297063945629 4.211485430509029 4.788046972769932 4.995611732276878 5.810904681131265 5.941958890201147 6.607132134695983 6.801943092053296 7.6008212284039525 7.8509294227996085 8.340407595982525 11.159635748147746 13.811778229746427 14.06008547470639 14.100239652117045 14.792536965525558 14.815240126435853 15.043512692731223 15.233588569201123 15.769572690290705 15.81106202664965 16.18860997819253 16.280647876752184 16.793616721040614 17.02456075128951 17.36723562697467 18.002845577798716 19.01028896876939 19.288347880237698 
0.15384615384615385 0.15384615384615385 0.0 -13.066804594095567 -11.81164052393632 -11.654670970585187 -9.868689414605543 -9.663796372336543 -9.009843406224247 -8.994460159652279 -8.225005173401318 -8.053338736663072 -4.875931927482333 -4.869010966853745 -4.711911962401423 -3.544632173297583 -2.738541082741352 -2.5314373202752654 -2.3257086404950393 -0.1429422197710665 -0.060099508541423374 0.07687246015482588 1.9829319210024046 2.344144739554665 2.6745979603523944 3.4640712785853083 3.893280283333931 4.102336909684707 4.7960567236021525 5.076874391574626 5.597403184865527 5.661821109708743 6.322478206858357 6.418830048396238 7.746402304475557 7.859959394395314 8.240908594401274 10.914363551249524 13.793205583001061 13.968355297660851 13.996943752929742 15.18318020764046 15.191931435036656 15.416885358221874 15.642890199906546 16.04220616313885 16.19083500591474 16.291509231196752 16.333021650564014 16.807106039867307 17.017592728924548 17.344146192197307 17.779254791045375 18.96194982137364 19.18562024285516 
0.11538461538461536 0.11538461538461536 0.0 -13.128204609927261 -11.769661452634155 -11.677753185879078 -9.672061865535158 -9.512056441987756 -9.01435300356817 -8.97738954919162 -8.442710012325762 -8.248527949694076 -4.805241758452483 -4.802660000572889 -4.714465895094294 -3.3999145949512406 -2.7864577127612375 -2.6666420992196094 -2.493336837847908 -0.09983916987335832 -0.05761064472007099 0.02983012415306346 2.3281365907228384 2.573266377858836 2.8036489273776737 3.5447075162354675 3.8889915410998404 3.9901573639010652 4.814363572065785 5.0939906783139755 5.393149645346848 5.438116853501933 6.0068442804982025 6.067079635987264 7.890712392780014 7.939788670085421 8.17452251439209 10.715187268825764 13.767647670871375 13.86275283034269 13.925825475844832 15.53419619073415 15.534973912702887 15.718961712773282 15.989555200086233 16.21492126513743 16.35487621848221 16.54687652803226 16.547477837445104 16.723656443908506 17.068235520709816 17.33267061426446 17.588986761933064 18.839524908504096 19.06651011063236 
0.07692307692307687 0.07692307692307687 0.0 -13.172441988438816 -11.736885088797317 -11.694645820829047 -9.475051910348103 -9.35695059321349 -9.01811101594348 -8.971455273847585 -8.655329047562315 -8.426277880325035 -4.7558642890616625 -4.754570988307153 -4.714990216333321 -3.262043622637989 -2.819969269343537 -2.7649813409732196 -2.6446698611323796 -0.0673278999776138 -0.04884301433807391 -0.005243700067650911 2.654222934486686 2.7941089651842668 2.919851143174644 3.6134969318182515 3.8293621379785048 3.873125651165987 4.858041016376166 5.0326946668106265 5.165612351669676 5.406967484338554 5.71587024919474 5.762564304497556 8.008612853140177 8.0241921692902 8.134280381985713 10.569068696135528 13.740306892505933 13.780441920154484 13.874528139996663 15.814195297424611 15.824084737298543 15.926053038408012 16.258063467745966 16.338012031321576 16.40785980105058 16.614176240305245 16.833188154539567 16.874444492189717 17.143695469675077 17.320803399248412 17.438734722900165 18.679623656406196 19.087293416206922 
0.038461538461538436 0.038461538461538436 0.0 -13.19905279040836 -11.716032970855442 -11.705295353562573 -9.281750019582278 -9.212951552603855 -9.019991482067812 -8.987595443940224 -8.862076437767545 -8.565980774396488 -4.723751173464974 -4.723472406006453 -4.713403821736032 -3.139997673273472 -2.8393811426433855 -2.825745749836156 -2.7766090153918377 -0.04574412755474426 -0.041846246362943054 -0.030720498836172335 2.9266551318674128 2.9730142002913267 3.0121687667865467 3.657277665092734 3.727791696476357 3.743948432888567 4.918679296855578 4.974386199704686 5.010494459297436 5.423461953244511 5.508415738878412 5.530611559390474 8.07741593491907 8.080716237612837 8.109864493318648 10.4797780323814 13.718990071897 13.728489068400883 13.845304005911657 15.99917621491578 16.005941361427208 16.032651204858958 16.430399850074586 16.44474466293169 16.46316785463935 16.53429676349359 17.102518454852444 17.14804577360043 17.210454521033682 17.301465262611675 17.329782091090223 18.745389464190286 19.26888399929163 
0.0 0.0 0.0 -13.208072707253015 -11.708858196668322 -11.708858196668285 -9.126366177328357 -9.12636617732834 -9.019626652844023 -9.019626652844023 -9.019626652842637 -8.618539049701536 -4.713535110866439 -4.713535110866436 -4.713535110866423 -3.0730627949820146 -2.845672202372714 -2.84567220237257 -2.8456722023720835 -0.038494069640480855 -0.03849406964032151 -0.038494069640257984 3.0531028343748003 3.0531028343748567 3.053102834374914 3.6730876997089723 3.6730876997089976 3.6730876997089994 4.959095260292279 4.959095260292304 4.959095260292304 5.432506742535703 5.432506742536059 5.432506742536836 8.103050348439634 8.103050348439695 8.103050348460238 10.450065951334608 13.710696586137859 13.710696586137953 13.835947178143583 16.063801781501386 16.063801781501397 16.063802188428916 16.489326149197947 16.489326149198053 16.489328256698627 16.500691975053357 17.2598713873905 17.25987138739058 17.263447311421178 17.263447311421732 17.263513021302845 22.163558341406134 22.16355834356451 
0.03125 0.03125 0.03125 -13.19913988220561 -11.710642549927693 -11.71064254990513 -9.245423352048123 -9.245423352047462 -9.071943098796746 -8.898761438768224 -8.89876143876684 -8.569401642178596 -4.720330830027987 -4.7200512842619915 -4.720051284261986 -3.140146275614407 -2.8304102851574595 -2.8304102851563937 -2.780995796874431 -0.045980692715492405 -0.03607725117556708 -0.03607725117542903 2.955461051381065 2.9784725914057844 2.978472591406094 3.657961619314744 3.7357771091749377 3.7357771091813716 4.942399291006633 4.942399291016789 5.01600618726468 5.4825766891593135 5.482576689173343 5.499746585987401 8.087822295931934 8.090246902999711 8.090246904116176 10.479535283677098 13.723719293120007 13.72371938998106 13.845039918092537 16.00602609932915 16.006483391844583 16.031010690030413 16.445071054386194 16.44540195732231 16.445529110003243 16.5332252427754 17.11797288815654 17.12584191743616 17.240049550757668 17.305961701128822 17.30861626279421 18.724763753479113 21.343386604128238 
0.0625 0.0625 0.0625 -13.172661478063278 -11.715622690514163 -11.715622690378446 -9.401351680890414 -9.401351680888439 -9.183523704979692 -8.733016414030924 -8.733016414030267 -8.453228918440502 -4.741680560605196 -4.740426927003078 -4.7404269270030515 -3.2658294520976923 -2.7838190008486507 -2.7838190008470907 -2.6600763900914677 -0.06634524751451555 -0.02645329304540746 -0.026453293045191693 2.7222265818724094 2.8192798096248324 2.8192798096252916 3.5962687094408263 3.85246023879762 3.8524602388005897 4.935666098098705 4.9356660981385225 5.178155353071996 5.6111848470998575 5.611184847131591 5.685429505746822 8.04904102421775 8.059527817547188 8.059527821880286 10.56822171029852 13.76142507110099 13.761425246136543 13.871628372594126 15.842078542934853 15.84356223667036 15.938347185414527 16.313710926925072 16.31426054050045 16.32633516097726 16.610741919438087 16.85519237799026 16.872471254705957 17.169377228152943 17.357497244858763 17.36306405690849 18.718621793957812 19.173704729883767 
0.09375 0.09375 0.09375 -13.128999154533647 -11.72307174834513 -11.723071748076821 -9.559523652776038 -9.559523652773182 -9.316131186437254 -8.561129333663947 -8.561129333663658 -8.314185768308905 -4.7765693918854835 -4.7724891511468615 -4.772489151146845 -3.4110122640727085 -2.706243606513244 -2.7062436065114364 -2.525608105800523 -0.09513484090276735 -0.014963219551786738 -0.014963219551487545 2.4232094345552198 2.638552490978967 2.6385524909795257 3.4808502332643707 3.915433158043969 3.9154331580484683 4.996939481665359 4.9969394817507276 5.403571665844114 5.783804576500141 5.783804576570177 5.9555300463169605 7.984306447613177 8.008249906946107 8.008249914005056 10.714092738907981 13.820553455181933 13.820554306570669 13.914721835648635 15.60191237387914 15.603680283905412 15.793891854296186 16.1029680235876 16.103809748542567 16.14324546837758 16.570477136003838 16.583424956098508 16.717261165936875 17.052279497405877 17.42321970898484 17.430282184196916 18.154087082200277 18.925855054911008 
0.125 0.125 0.125 -13.068107065230812 -11.731991143594495 -11.731991143271543 -9.717235367019708 -9.717235367015872 -9.456263230559289 -8.385126986887862 -8.385126986887693 -8.165620238308124 -4.822595838669977 -4.818524366059183 -4.818524366059144 -3.5680942512148093 -2.599437124787277 -2.5994371247856924 -2.3819725071953357 -0.12417247057698458 0.00887877141946787 0.008878771419512942 2.103633224822271 2.4581796936023745 2.458179693602717 3.3193884170713797 3.8817201781029143 3.8817201781175044 5.149980655045854 5.149980655213541 5.662179966112355 5.99123734605207 5.991237346251111 6.273599022652137 7.904879825099714 7.951621339653246 7.951621348665758 10.914336802924277 13.894998930460936 13.89500227897355 13.972482764643537 15.31383155836072 15.315098425020205 15.602712748543897 15.824226365211043 15.824982107601128 15.908146937874035 16.281844926995554 16.289099524447273 16.782099622456254 16.96236877770554 17.493690591679783 17.501791563608663 18.182901998315753 19.108119546527032 
0.15625 0.15625 0.15625 -12.990483955183166 -11.740215318120446 -11.740215318120008 -9.875267271243088 -9.875267271242384 -9.600412113050442 -8.204186868524017 -8.204186868523925 -8.010527975035956 -4.882696084149989 -4.876764374326221 -4.876764374326209 -3.7357574086885745 -2.4640680278513862 -2.4640680278512157 -2.2334567311078573 -0.15163959579966235 0.03958176517650944 0.03958176517676657 1.792094232300287 2.2868253943207018 2.2868253943207475 3.1262045786171373 3.7673419628168214 3.7673419628173157 5.3567721383891955 5.356772138389221 5.922263064570101 6.225665820509203 6.225665820509211 6.619008762366161 7.834160595217244 7.9109078449390955 7.910907844939153 11.164671815891623 13.97525270574648 13.975252705746488 14.043003854515101 15.008999963395505 15.008999963396242 15.373352632676637 15.50068625544814 15.500686255448564 15.637737049004546 15.992701424787718 15.992701424790582 16.65078278910655 17.072469501782365 17.555002088729246 17.555002088734213 19.215715718362183 19.215715718521434 
0.1875 0.1875 0.1875 -12.896744871443827 -11.745926266961531 -11.745926266961012 -10.032433943825096 -10.032433943824223 -9.74650570623661 -8.019957611210328 -8.019957611210321 -7.851667442241857 -4.954729233793598 -4.946890232922402 -4.946890232922355 -3.9111301314733296 -2.30018063925503 -2.300180639254771 -2.0828028458418637 -0.17364890013348086 0.0812720579926893 0.08127205799304878 1.5077999948348222 2.126999589779904 2.1269995897799565 2.909559081981665 3.5978533045266334 3.5978533045271117 5.555827472278541 5.555827472278639 6.138292682129415 6.495060851987443 6.495060851987505 6.9826204124323725 7.80833848265078 7.912016004130484 7.912016004130588 11.459209613157125 14.040793322242031 14.040793322242045 14.123306408294056 14.709595585016954 14.709595585017029 15.109260237301324 15.1517420601031 15.151742060103121 15.336699257728313 15.707426166798577 15.707426166798696 16.46614123565456 17.222808314539375 17.591059674624958 17.59105967462759 19.24404699469297 19.244046994705464 
0.21875 0.21875 0.21875 -12.788102664041052 -11.747437133150319 -11.747437133149639 -10.186344244852299 -10.1863442448515 -9.894004809793152 -7.832916998525207 -7.8329169985251275 -7.689746858823503 -5.040164090810392 -5.028619631559519 -5.0286196315594855 -4.090198691327366 -2.1085314524682452 -2.108531452468027 -1.9332094419843573 -0.19410267785380603 0.13302559957726293 0.13302559957758864 1.2701740939123725 1.979920183208113 1.979920183208118 2.67403149528371 3.3904339986688012 3.390433998669328 5.689591693941695 5.689591693941868 6.254732916356575 6.813009770626774 6.813009770626774 7.358016002787899 7.881783815057231 7.984217265840363 7.984217265840367 11.790446812095889 14.036416535679523 14.036416535679729 14.208186992905514 14.440014513839962 14.440014513840238 14.80719585496947 14.807195854969475 14.813032642371917 15.00635356019024 15.44250849966027 15.442508499660512 16.277445751411328 17.346771497615947 17.58463339486764 17.584633394871435 19.222774016082795 19.222774016106122 
0.25 0.25 0.25 -12.665621166189231 -11.743229708900014 -11.743229708899502 -10.340159938968384 -10.340159938967542 -10.043744951917919 -7.645685342488025 -7.645685342488018 -7.526636843208118 -5.132770277757162 -5.120950720795774 -5.120950720795749 -4.269452227996613 -1.8906190384463473 -1.8906190384460186 -1.7930761829467146 -0.21740299997820628 0.19416720888006772 0.1941672088804836 1.0972328497274355 1.845099847208789 1.8450998472088185 2.426085861871182 3.1567931606805053 3.156793160680967 5.730710852176086 5.730710852176346 6.245392042628411 7.180578072617011 7.1805780726170125 7.733646668443185 8.08896142866372 8.134469265242737 8.134469265242755 12.150418357802092 13.863138901432222 13.86313890143225 14.19032503732666 14.190325037326708 14.292845211639346 14.483459457883239 14.561700167250834 14.561700167250843 14.665857805196021 15.227954956743943 15.227954956744625 16.096809828460202 17.40535183816775 17.52187552698101 17.521875526989046 19.18088238458168 19.180882384688292 
0.28125 0.28125 0.28125 -12.530201915198422 -11.731346601118409 -11.731346601117899 -10.490952570208927 -10.490952570208233 -10.196242517733785 -7.45872528895625 -7.458725288956238 -7.36078188343846 -5.2369290587646296 -5.22368109856117 -5.223681098561168 -4.443381502239387 -1.6702076894556206 -1.6479778634286844 -1.6479778634284237 -0.2428080401546098 0.26497318773894735 0.26497318773934214 0.9970004505600235 1.7216379815333307 1.7216379815334137 2.1700599627349786 2.8978397043036477 2.8978397043041357 5.689984216377211 5.689984216377428 6.131311305833365 7.591751681712624 7.591751681712625 8.096558275955571 8.359869282619686 8.359869282619847 8.421439269603649 12.529367956277376 13.560350143680406 13.560350143680463 13.856601795768473 13.856601795768507 14.130861574207147 14.254078982851022 14.441729127657496 14.46841481458607 14.468414814586161 15.101242171082822 15.101242171083253 15.926821694076766 17.367914781322114 17.404674178903903 17.40467417891185 19.140963051009592 19.14096305105584 
0.3125 0.3125 0.3125 -12.383739082747722 -11.710633619498775 -11.710633619498022 -10.6361465001587 -10.636146500157786 -10.35069122263656 -7.272324970133776 -7.272324970133751 -7.195109744262066 -5.351704016408959 -5.336892922839922 -5.3368929228399 -4.606737393619881 -1.5748733969551962 -1.3844555048995197 -1.3844555048991685 -0.26054036904410666 0.342682678050916 0.34268267805129005 0.9731411259171012 1.608482737671284 1.608482737671387 1.9109918863093112 2.620047205154527 2.6200472051550663 5.595844277745161 5.595844277745253 5.955140380270456 8.02880229412858 8.028802294128596 8.452298451387474 8.641137239446484 8.641137239446515 8.830282384690834 12.91667633770132 13.205334521427055 13.205334521427082 13.480548208025926 13.48054820802596 13.750155569792025 13.921992420782303 14.408196023062965 14.408196023063116 14.511912062273092 15.064472714812755 15.064472714813233 15.767756350816011 17.239970669533562 17.248414146422565 17.248414146427415 19.100962372466732 19.100962372578607 
0.34375 0.34375 0.34375 -12.227432133368406 -11.68043627104982 -11.680436271024828 -10.777504570201266 -10.777504570190398 -10.510035219689101 -7.087124893361794 -7.087124893361699 -7.028430708490642 -5.478142166144134 -5.4615969389209615 -5.461596938920925 -4.755062969794384 -1.5197315217013576 -1.1000248282720686 -1.1000248282686904 -0.24874449071570792 0.426869370501231 0.4268693705016853 1.0046034320244448 1.502659830749471 1.5026598307494763 1.6516163284736192 2.325802304742091 2.32580230474248 5.475666644354215 5.475666644483121 5.753582787533392 8.482090009314849 8.48209001744899 8.81361776994942 8.963711860802814 8.963711866791078 9.274992121907102 12.82186198099946 12.821862784189898 13.089773412617003 13.089779477928888 13.281183556627676 13.349070347064346 13.559001368786141 14.361743753645033 14.361791836838785 14.600584539856508 15.073009271779766 15.073301259095938 15.607801897604517 17.0409048344267 17.074576851836422 17.082632368414814 18.701979512581282 19.04304631701572 
0.375 0.375 0.375 -12.063422692213335 -11.639670676143508 -11.639670676117278 -10.911902820750955 -10.911902820727544 -10.671980105055564 -6.902959452432306 -6.902959452432285 -6.860957801080983 -5.611780040661764 -5.59587974730079 -5.595879747300725 -4.883220271441815 -1.5037826954674796 -0.7985644559540711 -0.7985644559501698 -0.19036950902574504 0.5112131872979122 0.5112131872984226 1.0736739139490903 1.4002670822096641 1.4058152028611102 1.4058152028611144 2.0211586583765824 2.0211586583770567 5.3520553295387945 5.352055329690423 5.548717191909075 8.93842314608869 8.938423157889662 9.183521384524434 9.310492654507954 9.310492660523765 9.73459213636362 12.4278840963223 12.427884829223862 12.698225688621552 12.698228609646987 12.917196601354902 13.165468639446175 13.68175365182982 14.352025032038357 14.352066090298441 14.687709998875075 15.079921458951363 15.080233696914158 15.461674438761674 16.90778253939752 16.909677165956207 16.91385840981398 18.749147230883075 18.968204406051207 
0.40625 0.40625 0.40625 -11.892496130029572 -11.587287446291432 -11.587287446243645 -11.03832098631414 -11.038320986267404 -10.839157462988119 -6.723193737705959 -6.723193737705796 -6.694299433883319 -5.748964728136048 -5.734638737847761 -5.734638737847755 -4.987613062810404 -1.5150885313673095 -0.48544344917264426 -0.4854434491685559 -0.08475335070999826 0.5915022264321239 0.5915022264326717 1.0868358869071149 1.227194902192816 1.3140764812476082 1.3140764812478645 1.7148544668517982 1.7148544668522046 5.2417249532342005 5.24172495340891 5.363553391745878 9.384744096967479 9.38474411288437 9.555301276647944 9.676350957701983 9.676350964806508 10.194553145498205 12.035974961219976 12.035975371911109 12.310373545916164 12.310375101981098 12.49971915288672 12.788943513355212 14.015311684342924 14.387607269287013 14.387652171256583 14.767848328206759 15.05546691218069 15.055839820076582 15.325040611471183 16.769053158140522 16.772952549276976 16.792539397846248 18.757218320662858 18.880091969001352 
0.4375 0.4375 0.4375 -11.717647519406793 -11.523711684639396 -11.523711684559213 -11.154984449506376 -11.154984449433101 -11.008902519762943 -6.548806790247269 -6.548806790247129 -6.5313943566844825 -5.890752668951517 -5.880599310099441 -5.8805993100993925 -5.063932359502493 -1.5360161322580035 -0.16477909173177385 -0.16477909172802194 0.0605802563125816 0.6472009044928325 0.6472009044935858 0.8824979784913561 1.2300125887351638 1.230012588735193 1.2786536267325788 1.4282004151753125 1.4282004151757013 5.1546935124834485 5.154693512682253 5.2135619112402605 9.805774694439487 9.805774711461925 9.915501869424928 10.042529882151266 10.042529892240276 10.649823117331385 11.653427739719895 11.653427875997133 11.92965205898828 11.929652994001335 12.101252776343877 12.396842238301547 14.307756750977871 14.466937195372218 14.467001745182955 14.825730319934467 14.984287636106998 14.984710943410036 15.204909112645678 16.673304696020978 16.675249186036044 16.695141239597334 18.743093755252293 18.798308162031894 
0.46875 0.46875 0.46875 -11.53991685733806 -11.448308526116142 -11.448308526015957 -11.263459206098169 -11.263459206000336 -11.18409124006706 -6.3803900754214595 -6.380390075418447 -6.37348387537591 -6.039174976093702 -6.032898697365187 -6.032898697365095 -5.111307595559723 -1.555119047258147 0.14565211681592347 0.1456521168192833 0.23011955267655568 0.6251807005770458 0.6251807005781023 0.6613839795868763 1.147392973091957 1.1473929730922647 1.2243652014031863 1.2243652014035862 1.3350246768563057 5.098560121491113 5.098560121710843 5.114748305872234 10.17295663798947 10.172956647970402 10.220503014542862 10.37511272717633 10.375112738548511 11.089434942395945 11.307918387537043 11.307918406303436 11.590004124645132 11.59000479597544 11.769291215712181 11.99399763481161 14.54265091069973 14.58042468491325 14.580516738801967 14.827455733014522 14.871091472779987 14.871533085310803 15.119967529931658 16.620628537646777 16.621167397593744 16.628972464630454 18.724409183049573 18.73803335809213 
0.5 0.5 0.5 -11.362567353231631 -11.362567353231247 -11.362567353230913 -11.360708962485266 -11.360708962484706 -11.360708962268571 -6.260665240619107 -6.260665240618497 -6.26066524061836 -6.151005819519615 -6.151005819519475 -6.151005819518973 -5.127291493335607 -1.5625020139516967 0.3693710987856648 0.3693710987862147 0.36937109878984503 0.5028968056081331 0.5028968056083084 0.5028968056088642 1.10267883375469 1.1026788337551199 1.164569238954478 1.164569238954876 1.355796408449981 5.078732907970301 5.078732907970335 5.078732908196714 10.358546323571924 10.358546323572057 10.358546323572067 10.544349422697154 10.54434942269728 11.125536480336448 11.125536480336526 11.418485835397107 11.418485835397114 11.418486583002787 11.620878277434949 11.675974929827929 14.681756215276247 14.68175621527635 14.681756215276415 14.767061261486617 14.7670612614868 14.76775189646821 15.09472973819128 16.60383726708205 16.60383726708215 16.60383726708224 18.715443403486816 18.715443403487157 
0.4642857142857143 0.5 0.4642857142857143 -11.504969850762992 -11.504287108785048 -11.358366409166576 -11.356181181158275 -11.213575957756467 -11.212777194682026 -6.400296903158988 -6.4000718182495895 -6.258700888288582 -6.148865423846246 -6.012743478551189 -6.012729639877877 -5.113355339784471 -1.556001879508085 0.13862777986390237 0.15344863794428623 0.3352761716577559 0.47335546045389987 0.6786891399841527 0.6839278718643463 1.1124011241654068 1.1726533406910107 1.1851860114612627 1.2399785227419875 1.3402974055837475 5.083335126979082 5.103123172920469 5.116984151726388 10.128035403136643 10.163613982731585 10.318109512396056 10.37696368136186 10.453315598560271 11.185357399416159 11.193216782310854 11.349003460564496 11.421994379961866 11.63479425110185 11.76526529871873 11.989150953244897 14.545068340579627 14.561180047405825 14.654342075648728 14.763370643580593 14.870280732554638 14.891886297217917 15.116719665576937 16.599687741215135 16.628701770536654 16.635894672548833 18.712316722840885 18.74323608209078 
0.4285714285714286 0.5 0.4285714285714286 -11.643254577361366 -11.640496380360505 -11.346571219044002 -11.343315072297786 -11.062116789881555 -11.059078606334337 -6.592209657439779 -6.591415571203888 -6.258692766986594 -6.148878357315395 -5.841331391731283 -5.841199866174713 -5.072171486723676 -1.5386605530966495 -0.16574339123726708 -0.12737614159641242 0.2525308012324367 0.40470460470197017 0.8063138568363898 0.8229243204680058 1.1237861514765206 1.2547973119026297 1.3082883503388338 1.3870637459935427 1.4400274524399372 5.092707719552227 5.169966835562117 5.221412880343327 9.703029710599013 9.77623658970808 9.9088029937302 10.166206049032061 10.391756705581866 11.014763419654736 11.215444877016406 11.394206326116464 11.771532699076063 12.035890315776436 12.129837101347746 12.422791811670375 14.344197207481743 14.417752102633699 14.585129779065467 14.747689742860196 14.9372304571235 15.038813927156822 15.200830503595382 16.587034520181753 16.697357394283813 16.722914965650677 18.70169283279027 18.817316741802586 
0.39285714285714285 0.5 0.39285714285714285 -11.775331958450401 -11.769291801669102 -11.32749977668831 -11.32249766695153 -10.90896250768229 -10.902339654577366 -6.7901838703083675 -6.7883804925354 -6.259170632227364 -6.149408566904672 -5.679931898929763 -5.67956712002788 -5.0055024727360715 -1.517163498092274 -0.4770062955537889 -0.4022460071878552 0.15278914304177785 0.3289064883309344 0.8098617887242705 0.8806172304419703 1.0596820203627935 1.3833870990426698 1.4186028520902438 1.6448717204404957 1.714448779693891 5.107004181398618 5.272703414351534 5.377770244512878 9.236722685649315 9.347778692968912 9.45146602222124 9.760488333336248 10.424655215075909 10.927939021131891 11.20055187320093 11.368376058023436 12.215147898413889 12.47153112149938 12.58029890504722 12.863007114282937 14.112494438202496 14.291704377036718 14.503312010685525 14.719779932941044 14.938113799110502 15.164693419271035 15.337775448767973 16.574605902369488 16.801976797929907 16.86200189605253 18.687116920023506 18.926312237945897 
0.35714285714285715 0.5 0.35714285714285715 -11.899665285218195 -11.889392054611806 -11.301933586006239 -11.29459753692459 -10.753319954230712 -10.742052409296747 -6.992436526450857 -6.989200967546461 -6.260115585308442 -6.150361039677562 -5.524330917279252 -5.52377374992221 -4.915722266861928 -1.5045258159699395 -0.784881823648765 -0.6493644774003828 0.05213876951096676 0.26258738363288 0.7361505963766796 0.890340930553496 0.9584758915476468 1.5541878143902226 1.5957455332308972 1.9388434095773281 2.0193285181160725 5.125722766674535 5.400395569486773 5.571204458787819 8.75605476935118 8.91699409457209 8.990217166469666 9.31514677333127 10.470958954141182 10.873999063758761 11.167979110815061 11.338259646396132 12.668861223408754 12.915313589322588 13.056239690655872 13.305811926390726 13.862650021468935 14.1884261945839 14.42901026084184 14.681281501688504 14.906358691037228 15.263959304900828 15.494348433754395 16.564613005212106 16.926957630685624 17.053632038727418 18.67682352822379 19.05596413249134 
0.32142857142857145 0.5 0.32142857142857145 -12.016064775114549 -12.000862814456289 -11.27041507832061 -11.260188433989208 -10.595063754932644 -10.578348879475175 -7.1996549635757745 -7.194406707438808 -6.257678556852262 -6.148639521955362 -5.379034198920626 -5.378354197156829 -4.8054147162390946 -1.5235249420874057 -1.0817612311779834 -0.8431014408574548 -0.04028958082191524 0.21578558562920744 0.6055922983347973 0.8754360306448489 0.8821916533743687 1.7499182378541214 1.8028692821618197 2.241192846240242 2.3335112013696597 5.147220404351801 5.536545427139747 5.778090979299409 8.269048064927041 8.496322067285416 8.547551063176572 8.861336124230444 10.525163440350362 10.827848734850974 11.12357188631262 11.304909229880906 13.11720181736385 13.353572613346273 13.442904551956588 13.692017813179481 13.737124174028377 14.110205570161655 14.37387868508117 14.633387367799834 14.860868279802846 15.339695064234808 15.654777481597803 16.547242943303335 17.065582387730878 17.292054075894466 18.677273245091005 19.196904565767856 
0.2857142857142857 0.5 0.2857142857142857 -12.123032612424726 -12.102513609247165 -11.234508716435325 -11.220986029678986 -10.434449879307428 -10.411912883291587 -7.406914893405552 -7.399062434344916 -6.257317786769286 -6.148797197322442 -5.2436761820554425 -5.243017589154615 -4.678853772588989 -1.6049466764390343 -1.3652753234738857 -0.9561863724863 -0.12333986525725811 0.19181126101184984 0.44476248044338534 0.8196341911880464 0.8722319583779976 1.962298189700028 2.0253983070365145 2.54549633682739 2.6486482193487717 5.167906704472393 5.658546777469309 5.9789826804739175 7.779184225605165 8.091345192007454 8.149060026321372 8.41337150601247 10.587111851153747 10.788683964308404 11.077191050052392 11.27242536223528 13.26898523444829 13.55376645914197 13.779046956000153 14.036335456102604 14.053700480966848 14.164155718451484 14.353278919539441 14.589999807984839 14.820517278794311 15.402898279423411 15.810334949449514 16.50971425445245 17.209677128774644 17.569842966028656 18.69191030522435 19.343701072440616 
0.25 0.5 0.25 -12.22025620963029 -12.194331640091265 -11.196658657408719 -11.1795784123006 -10.272672518780634 -10.24439519510909 -7.618084587443235 -7.607097373052783 -6.256648634629442 -6.1490024534268635 -5.125051635709416 -5.12446505571546 -4.54189119751986 -1.7467260186216655 -1.6348257710931038 -1.0010951073959968 -0.19807927042809667 0.18601641621807194 0.2727303625809154 0.7804577451748378 0.8673250219534012 2.1869324743856504 2.256595198525121 2.842847694420484 2.952112812005562 5.186534905289684 5.724721257016778 6.151347157909532 7.289430031517731 7.701170789241921 7.827475760539568 7.978454025640692 10.651376555608525 10.752686680434815 11.031515584764104 11.241647410672938 13.010210707809474 13.91189361460664 13.992130292905303 14.164863512717988 14.307709746794783 14.47525964270354 14.55762370133292 14.64405902150186 14.8150591547554 15.461966508828288 15.952206225967114 16.442889814069865 17.347359791121956 17.872471004099665 18.714558417120006 19.49253502493556 
0.2142857142857143 0.5 0.2142857142857143 -12.306005638898515 -12.274780579109162 -11.15663708389604 -11.135941886673965 -10.106762293130275 -10.073193370724786 -7.828488383201907 -7.8138710232855555 -6.254521509331415 -6.14769753560943 -5.017076850768282 -5.0166483134744215 -4.398032783212999 -1.909087565967753 -1.881357074321726 -1.0070238666723936 -0.2621108891276507 0.11189107743061738 0.19650663154356798 0.7599510306473528 0.8812927392404437 2.426625083257859 2.4943576768208047 3.1367468577161244 3.2434183116384396 5.2040420989235585 5.68624430137328 6.297319126395082 6.809444587179702 7.3351030007146285 7.514527683765409 7.687085024223491 10.711423228887964 10.732895069087903 10.994484449987425 11.217566163142704 12.75788336431864 13.943248913127896 14.07375913918226 14.357485487996277 14.441651721859515 14.69174275480433 14.883540694937315 14.96165761229181 14.997898617432979 15.527481609508932 16.076760545622975 16.354811224394496 17.476662042674576 18.192079045774978 18.740421408026595 19.64370623380458 
0.1785714285714286 0.5 0.1785714285714286 -12.379903122385217 -12.343831450855276 -11.117927475690566 -11.093677738559963 -9.937768012255331 -9.899761866158086 -8.03563550468702 -8.017026160712133 -6.249920490948932 -6.144368039647327 -4.922602106506608 -4.922382807426136 -4.2538439505869325 -2.1035765336590715 -2.0655907873782486 -1.001892603027775 -0.3190112804909791 -0.02942432498516137 0.21252024426460553 0.7579373679008068 0.9200484020449802 2.6791598754083363 2.733012500172882 3.4244101451664855 3.5142054962234273 5.217142375541311 5.519940725249941 6.34347207447 6.420922120781694 6.99678486860107 7.116389123156564 7.641967928105361 10.703401659024795 10.78946701338701 10.967268541386119 11.202551846678881 12.524824637176124 13.887156542380158 14.07877466033389 14.37631824289548 14.550418645938837 15.015869215921308 15.153001607902388 15.295999623863622 15.382265962491578 15.6028659222397 16.17792854094746 16.263566363470623 17.581134895784864 18.5159969914737 18.76486165895597 19.781942495056224 
0.1428571428571429 0.5 0.1428571428571429 -12.441500834519042 -12.401182105092152 -11.08286115484421 -11.055359082857438 -9.766819216351658 -9.72549198529036 -8.241547060110852 -8.218618514477852 -6.247388063081618 -6.143378450995632 -4.8475324011055605 -4.8475114283064595 -4.116115788921429 -2.299599789081752 -2.2041132272314887 -0.9967398377352253 -0.37480423927717366 -0.1432622506211797 0.22337189455054418 0.7691022992350883 0.9781446794122934 2.9421501758281905 2.96369325386854 3.7020784605036905 3.7568561331092614 5.218071317076661 5.266307139691928 5.902194273596387 6.503392455863671 6.685068621887815 6.7496911207226145 7.689254429904297 10.68878043671999 10.845666742590431 10.946199348573362 11.19026903926213 12.316893633442435 13.822988794854114 14.044777614147055 14.385375351174854 14.608608309317214 15.288763132617222 15.47932881003101 15.588025287647852 15.691710207844507 15.721150977794782 16.195294325326035 16.252757957301323 17.64611238720329 18.784656436979702 18.843688855668848 19.898702647392067 
0.10714285714285715 0.5 0.10714285714285715 -12.489958913228383 -12.44616659471504 -11.052726574344248 -11.02243318193534 -9.592037941914015 -9.548569186859755 -8.446756960517085 -8.419627217262457 -6.24481171558088 -6.142078203530361 -4.788771186225707 -4.788541047336357 -3.9915590619490318 -2.4662157004816403 -2.318383463162297 -0.994565715191261 -0.4307764043918519 -0.22524141196878034 0.22697362022785023 0.790246597334688 1.0511636574324337 3.188770456115442 3.2237884769972056 3.9617876000569017 3.9655914138277812 4.989284590844896 5.170735630554679 5.533645448513349 6.308592744803887 6.40728604770499 6.66342311927118 7.768289694306468 10.681117220579594 10.894363219267802 10.935829044889301 11.184960098411986 12.141581030642868 13.75928109291349 14.00425185029685 14.401339085066763 14.657081461143132 15.453750693612458 15.738732055720183 15.783287723373274 15.89375618455407 16.000845696957487 16.18436989600198 16.304200511113 17.67219605034341 18.796707685733487 19.180785570862863 20.010535025103408 
0.07142857142857145 0.5 0.07142857142857145 -12.525101950697543 -12.478722268066415 -11.030224484121023 -10.997763137821774 -9.41481335125625 -9.370343660872475 -8.64822203000689 -8.617351815299877 -6.243669061784067 -6.141714207944959 -4.747243494960321 -4.746835164197089 -3.889238320351004 -2.5982953784912963 -2.4043682214079896 -0.9939536502454247 -0.48293774123306515 -0.27583256866609185 0.22373050839481237 0.8134259882649016 1.1203117034126413 3.3974880318885115 3.519237319197101 4.1220880600178305 4.18485859958149 4.755032874165248 4.91922180259784 5.3994863101448844 5.9803830330215115 6.168889370315144 6.717338599134212 7.840166066814237 10.67836165182088 10.932046735037186 10.933783146662824 11.185049189139622 12.005834150038561 13.705586623863903 13.968878070643518 14.41810734267356 14.697484565130104 15.508278752943022 15.818750172404105 16.02355174940952 16.11065132732933 16.20443643293661 16.223769751591067 16.335956949333788 17.669294364841594 18.800803148445237 19.52909619462273 20.12206230812431 
0.035714285714285754 0.5 0.035714285714285754 -12.546137085296227 -12.498167849091121 -11.015681782592967 -10.981887243443218 -9.23222322539007 -9.18694948806265 -8.843385588481185 -8.81039426424106 -6.243323006888488 -6.142131183442518 -4.722367984527047 -4.721888667650181 -3.819849167497604 -2.6832776832083685 -2.4562514631509518 -0.9947263036440392 -0.5176079008800281 -0.30279806937339854 0.2228107888346325 0.8327490444236173 1.170496765994771 3.576437436814237 3.8334510605505905 4.2238024736345725 4.250247241689645 4.564276675747872 4.689933077156458 5.412170573965677 5.70948803463795 5.995724368818521 6.75942081436785 7.89063273123708 10.677234502418282 10.934907100586633 10.95500395722024 11.186492503701764 11.91890120751673 13.670346307079413 13.945652297317714 14.430221362165412 14.72746715049929 15.51022730830978 15.880220147061701 16.177066391150504 16.253178083361654 16.27674448720092 16.32779730552726 16.357218961031542 17.659703037661558 18.797297599810793 19.799517835992287 20.17615127357144 
0.0 0.5 0.0 -12.552946887427952 -12.50441585057287 -11.010585856823505 -10.976344172141117 -9.076488683178713 -9.005016874748762 -9.002163837975795 -8.994434920962387 -6.238303520284204 -6.137576246117717 -4.709488950366419 -4.70897305655046 -3.7945772801741144 -2.711485760541392 -2.472335456940613 -0.992437373438725 -0.5299485032537175 -0.3083245821192746 0.22194717229846467 0.8408999384300909 1.190359600612401 3.661916775823845 4.110315009685285 4.207831196369031 4.211406277929796 4.328898307240775 4.7370951713472165 5.4320854671918255 5.592084095852272 5.929693127914296 6.7752859899625895 7.914617875964719 10.685508852760526 10.94277209191649 10.973446804179854 11.195692478766324 11.889329195408937 13.658079883885394 13.937579061942841 14.435698835428015 14.738921097999006 15.51063165784368 15.905412001562903 16.234196721248853 16.285121324764308 16.319523622900448 16.352786056443364 16.38525855693991 17.656738579092167 18.7968313570021 19.898475277110286 20.195707845299285 
