 4.88883219  4.88883219  4.88883219 90.         90.         90.        
C  0. 0. 0.
C  0.83317013 0.83317013 0.83317013
C  4.05566206 4.05566206 0.83317013
C  4.05566206 0.83317013 4.05566206
C  0.83317013 4.05566206 4.05566206
C  1.7880808 0.        0.       
C  3.10075138 0.         0.        
C  0.        1.7880808 0.       
C  0.         3.10075138 0.        
C  0.        0.        1.7880808
C  0.         0.         3.10075138
-81.01871968
44 bands 
kx ky kz  bandenergy1 bandenergy2 bandenergy3 bandenergy4 bandenergy5 bandenergy6 bandenergy7 bandenergy8 bandenergy9 bandenergy10 bandenergy11 bandenergy12 bandenergy13 bandenergy14 bandenergy15 bandenergy16 bandenergy17 bandenergy18 bandenergy19 bandenergy20 bandenergy21 bandenergy22 bandenergy23 bandenergy24 bandenergy25 bandenergy26 bandenergy27 bandenergy28 bandenergy29 bandenergy30 bandenergy31 bandenergy32 bandenergy33 bandenergy34 bandenergy35 bandenergy36 bandenergy37 bandenergy38 bandenergy39 bandenergy40 bandenergy41 bandenergy42 bandenergy43 bandenergy44
0.0 0.0 0.0 -19.22689803751875 -13.224993133449813 -13.224993133449143 -13.224993133447462 -11.299669129205519 -11.299669129205503 -10.075295210003224 -4.628202184456526 -4.628202184456515 -4.628202184456499 -2.9269417042292374 -2.926941704229208 -2.9269417042292054 -2.894047263034443 -2.8940472630344343 0.06575143184531461 0.08239247420701366 0.08239247420703001 0.08239247420704288 2.2992554239390013 2.299255423939031 2.299255423939035 7.056710074663238 7.056710074663248 7.05671007466325 8.504957404069629 10.123851818688816 10.19694767388314 10.19694767412115 10.196947674121217 10.741554359842704 10.74155435984275 14.103520216104688 14.103582163201088 14.103582163201903 15.001606674404146 15.001606674404158 15.001606674404169 17.57075194579643 17.578495889910712 17.578495889953135 17.62058659115722 17.62058659115734 19.118431315656053 
0.0 0.0625 0.0 -19.223461535991767 -13.288684938557438 -13.223419689631855 -13.223419689631756 -11.299237627883432 -11.227552715584142 -10.049622429248576 -4.667154735577361 -4.667154735577325 -4.63370793177989 -2.975639669204951 -2.9317493174093348 -2.8996774156586964 -2.899677415658666 -2.892348525730489 -0.012234766976531367 0.12240353383111129 0.12240353383112552 0.1343464938893388 2.3101539046564783 2.310153904656501 2.378804500514124 6.981075605869316 6.9810756058693455 7.05562355811557 8.522909201678585 9.884792441529287 10.196828241966767 10.196828241966818 10.466308389955335 10.748487826784544 10.788255821950624 14.10198965433654 14.141096332143217 14.141096332145686 14.991206935092057 15.029207605682465 15.02920760568287 17.435117507449192 17.435117507742508 17.4493951466135 17.546185948496497 17.630250250133088 18.283225408750265 
0.0 0.125 0.0 -19.21366794314564 -13.447586004445204 -13.219221357675348 -13.219221357675202 -11.29795741012616 -11.054496673859465 -9.962665142537876 -4.770259113226892 -4.7702591132268255 -4.6509899281442015 -3.20754966887508 -2.9470193928354464 -2.8890786949958 -2.8310661469940595 -2.8310661469940284 -0.10419605428442187 0.16302172969556758 0.23762538863007387 0.23762538863008278 2.345111340126417 2.345111340126421 2.5916529808160154 6.761531757903698 6.761531757903712 7.050865216787246 8.566755021530165 9.667545668163765 10.192489058854665 10.192489058854685 10.686897292323184 10.86035166796771 10.926855846746088 14.101418438887704 14.243979274330997 14.243979274335336 14.956745379990364 15.116207021721873 15.116207021722468 17.111687200509916 17.111687200604266 17.170882629189578 17.32430410156886 17.635723720129725 18.249438403598628 
0.0 0.1875 0.0 -19.198836985860837 -13.646937461128633 -13.212965702081936 -13.212965702081876 -11.29658981922797 -10.865247368558897 -9.788123918185175 -4.9078700948075324 -4.907870094807493 -4.68837126183759 -3.541800428165798 -2.9624985408909397 -2.8872455690394503 -2.745052046130676 -2.745052046130668 -0.18171798855251728 0.16524426614832743 0.4119747450061209 0.4119747450061502 2.411738965874867 2.4117389658749087 2.8780694904421766 6.42935318434551 6.42935318434555 7.043503472725336 8.605261947480917 9.536672140214101 10.176955966077646 10.176955966077655 10.697257053885528 11.152987887131966 11.187116469263541 14.109480599651272 14.386201923620444 14.386201923626894 14.90158462068895 15.272937851877787 15.272937851883107 16.745105828948237 16.745105829033278 16.833750790766526 16.971507497510007 17.63433663078971 18.271083841419376 
0.0 0.25 0.0 -19.180642641139656 -13.84419385719322 -13.20409264362768 -13.20409264362767 -11.294381448628817 -10.722820311732972 -9.508410202593662 -5.050389618191355 -5.050389618191346 -4.76847113264338 -3.9058274371636297 -2.9773782525808805 -2.883846910323794 -2.6617749477966157 -2.6617749477966117 -0.23725738963548956 0.16083953224218553 0.6213338533716919 0.6213338533716939 2.526022191312733 2.5260221913127343 3.1818816211618377 6.021821115606737 6.021821115606796 7.039994180599037 8.601846282612842 9.52533099733389 10.150692559820948 10.150692559820948 10.665062466714883 11.459547936207775 11.545250467377674 14.137421730697474 14.533972165700094 14.533972165710601 14.812297066236766 15.504113902536988 15.504113902570698 16.40927243296219 16.409272433058796 16.486718889404607 16.535818765040716 17.63267800370543 18.37422951905391 
0.0 0.3125 0.0 -19.16283004699724 -14.016459770237367 -13.196632584685922 -13.196632584685808 -11.292463657507803 -10.637548032506448 -9.156607728182314 -5.181274435628667 -5.1812744356286276 -4.947253377047953 -4.204347748400589 -2.9989867587445476 -2.882680080830263 -2.5935723042520844 -2.5935723042520573 -0.2738748542818022 0.1463381992391113 0.8247638469121217 0.8247638469121392 2.7022202198532264 2.7022202198532566 3.4569996266679404 5.564184890828099 5.564184890828121 7.033869649531942 8.551598801634118 9.621441115599614 10.11559609512164 10.11559609512164 10.600402407053371 11.83416131659999 11.901526002671023 14.16784419172246 14.656420576790731 14.657429194947944 14.657429194957782 15.776089386897187 15.776089386953041 16.091174732768785 16.148526306793883 16.148526306807092 16.157454277783298 17.61629593561096 18.938520989350327 
0.0 0.375 0.0 -19.147318417699573 -14.147283558777293 -13.189745824916143 -13.18974582491614 -11.290792215629972 -10.590830344619299 -8.794945653033972 -5.28308430700142 -5.283084307001407 -5.241537208731101 -4.358902925820871 -3.0124681094309085 -2.8792441558302477 -2.5467148912903257 -2.546714891290313 -0.2955878227432982 0.13070155854405638 0.987230546074719 0.9872305460747349 2.9456998143568476 2.9456998143568827 3.6724046343272203 5.0979465501690076 5.0979465501690076 7.0309308796034555 8.488194919810775 9.77518226777911 10.082208547879082 10.082208547879123 10.505740157597838 12.231354920801483 12.259197658214253 14.173753737528868 14.397273164933397 14.748613153545788 14.748613153571716 15.742011819726049 15.824577070249829 15.824577070331465 15.89527934192192 16.21174015878394 16.211740158839827 17.577928115123118 18.505661231349812 
0.0 0.4375 0.0 -19.136454680233633 -14.228617508007957 -13.185336651564535 -13.185336651564523 -11.28989577678496 -10.567046663028396 -8.505046591980161 -5.52335483715763 -5.346368697077895 -5.346368697077848 -4.418067850992476 -3.022705559173827 -2.878236890329687 -2.519477731763099 -2.519477731763096 -0.307442200830874 0.12007648226358442 1.088931006426044 1.0889310064260938 3.222807038980782 3.222807038980813 3.8154880150635595 4.683594229484043 4.6835942294841395 7.026593769770271 8.442541411511609 9.936837823557402 10.058684770042762 10.058684770042769 10.391943134364004 12.489718236355909 12.68734933288566 14.042377913592416 14.138569931153992 14.80727419625403 14.807274196280375 15.54406424851766 15.707303519903569 15.707303519948535 15.734600276602947 16.4783434582166 16.47834345835645 17.523973816435515 18.23505020941646 
0.0 0.5 0.0 -19.132627380867564 -14.256479718850494 -13.183764723140538 -13.183764723140529 -11.289505513596218 -10.559601929707933 -8.388411001437571 -5.64064720097026 -5.368174702682862 -5.368174702682821 -4.433720977861939 -3.0261688391865698 -2.8780687392001 -2.5099219413032725 -2.5099219413032587 -0.3109133076335832 0.1169044288046681 1.1228609753756391 1.1228609753756587 3.374469216837197 3.3744692168372046 3.863901904131972 4.486209727412723 4.48620972741273 7.0256227553509945 8.425648834891122 10.026253015432191 10.050285186403721 10.05028518640373 10.321257935438542 12.595419036095237 12.931059304394456 13.814961884890929 14.108876577787225 14.828301622218056 14.828301622240385 15.485636100355157 15.662138814282176 15.662138814307768 15.685094668955367 16.6014220133887 16.60142201346754 17.49759438511504 18.199368631575098 
0.0625 0.5 0.0 -19.129101926699512 -14.255148907653815 -13.248216062222781 -13.18234368095285 -11.236783296395389 -10.51399099952871 -8.388756094071638 -5.654271410433047 -5.403818689284137 -5.361943396527659 -4.4715317358494815 -2.9988633321468914 -2.941646437298986 -2.5135473508631505 -2.4658686039034468 -0.3824043098544472 0.1684920730902136 1.1257720614624978 1.2035162527963583 3.3794644440668558 3.4059876895733097 3.855375026779238 4.4824004165884 4.486355452965883 6.953415313739424 8.355220537059859 9.761129939360664 10.116889369562239 10.33779627614742 10.399597707206404 12.57711413391277 12.95425297219672 13.814997513919174 14.12266348100054 14.638356650322114 14.85147832910669 15.32099717084165 15.647911638434522 15.708259401320872 15.961597184112954 16.595978186019742 16.636564532110295 17.450009664314415 18.175985656529786 
0.125 0.5 0.0 -19.119147794699654 -14.25151760866984 -13.40853194260105 -13.178800527535808 -11.130196952591161 -10.359481050432386 -8.389639600808897 -5.694837699059867 -5.4990768123623415 -5.344515510242534 -4.572053957789731 -3.135467057576433 -2.9295686662548 -2.525027325984523 -2.347866413296171 -0.536637368820321 0.31918684321352725 1.1323636240252102 1.3795311093572136 3.3917653488150425 3.5035342417195334 3.825422176657218 4.469420703461622 4.484829288685368 6.737800617276607 8.185013106250134 9.508293860577936 10.277967657125382 10.627924697875766 10.64587234668113 12.522775980024903 13.025024689585582 13.797976035104103 14.181598032529257 14.207044907346274 14.906860724511256 15.246893015244785 15.610417383661767 15.757107240978486 16.328746102988525 16.574272174870188 16.718749166425265 17.348738455255226 18.08054025456103 
0.1875 0.5 0.0 -19.103859177143956 -14.246042493866344 -13.608099978748559 -13.171958161630878 -11.0440539703482 -10.077882537522546 -8.3892273233984 -5.763669604325762 -5.626194070238632 -5.316461853980508 -4.702629217398756 -3.4235061419111696 -2.8415417527385864 -2.5398677877028373 -2.177537134525449 -0.6860269019200008 0.5581373397888167 1.1471527045454015 1.5584842865294148 3.4211599935805137 3.664548213104677 3.7852475477448624 4.4537716819087185 4.4863975803827065 6.4158829642894455 7.982050825098866 9.280857262117571 10.500547167406896 10.944846629685692 10.963514684564892 12.435996998834842 13.146851040285059 13.748664931124793 13.751746799157992 14.295112806020335 14.971434780447895 15.24651861198489 15.556182906195108 15.790436540297064 16.525794123929746 16.65309493309519 16.80210383234014 17.25004694672249 18.01903368357158 
0.25 0.5 0.0 -19.085496668331377 -14.239370144135505 -13.806476607991575 -13.164065374599382 -10.994161764232016 -9.701178329558974 -8.39026301490036 -5.869043148105406 -5.760688154861744 -5.2821924755456955 -4.839537670577292 -3.7672920004503787 -2.7567353265812686 -2.5573383713046507 -1.9883698543460495 -0.7993952204630265 0.8602400917310657 1.169137094825809 1.6922828043627849 3.469272114624947 3.7314295952988847 3.8616970582322865 4.435907084744679 4.4918461007259145 6.017402082741008 7.787309615618648 9.080183427916852 10.77254776328466 11.205777437921078 11.352902969907417 12.30683947687474 13.253976682585016 13.43692861024166 13.686358304222914 14.40266933341547 15.013360349550847 15.286825093822287 15.515177352786054 15.789324826650388 16.444464477241663 16.69642347887346 17.03568723669481 17.220841257133674 18.005050847286128 
0.3125 0.5 0.0 -19.067216285545285 -14.23297136458933 -13.97918428903779 -13.156510011189594 -10.966795237894264 -9.280360437649637 -8.390470043071625 -6.021621057041644 -5.883461630974202 -5.242775147020308 -4.961583867199696 -4.112385096899458 -2.68811900428642 -2.5767346819054593 -1.8085845833070475 -0.8758538959457477 1.1753561737748253 1.2167851350969223 1.7787774925381825 3.539178561190014 3.6715752728280604 4.058569736845729 4.416842841303051 4.50285007895109 5.576527480030899 7.621338885082917 8.911913552673793 11.07235884816896 11.406849245349628 11.762586438249588 12.136401760691799 13.047997271180835 13.612846341490934 13.618666191285838 14.345561302522587 15.101310861522672 15.349931430561142 15.531301481810548 15.752272440770298 16.33880153571039 16.502489733512665 17.298142862155814 17.31749401364611 18.060764697308745 
0.375 0.5 0.0 -19.05090792025974 -14.227243265949408 -14.11074778549561 -13.149909090146684 -10.951759730836603 -8.866192249259505 -8.391544831881568 -6.221497699671325 -5.980121605028301 -5.199672895945851 -5.057803669371769 -4.404987216137536 -2.6407444609723734 -2.59205109429142 -1.6620085631039039 -0.9235136189068452 1.2204715998242057 1.5214759970937237 1.8274084785071967 3.573155046486433 3.682036734455122 4.20809109563371 4.39599611913871 4.530440165774517 5.131177407291079 7.496923619133813 8.783848197124408 11.359279627163883 11.539533671930664 11.951380167435211 12.175826974412857 12.901588060222151 13.542460684312289 13.90150898662623 14.064255743493062 15.294975404287204 15.417247694597197 15.589243013606803 15.686509394677351 16.218180313383716 16.227615544767673 17.465684890191906 17.55489460569197 18.14479880048447 
0.4375 0.5 0.0 -19.040282577985202 -14.22342802422937 -14.193961605107676 -13.145462403357124 -10.944260638458891 -8.531091127776756 -8.392362910596527 -6.425648820063695 -6.041659569445235 -5.157964755676624 -5.117705255747886 -4.601646260476879 -2.6135438876917148 -2.600838800984834 -1.5665470669348578 -0.9493102248938557 1.2423697793186703 1.765025893328888 1.8511132113488464 3.5269273714896756 3.829705666091648 4.290135481707829 4.365731483928685 4.569421949722234 4.7494816517513945 7.419735461772938 8.703568356938728 11.57503433667769 11.619580966113906 11.805346593987485 12.574133865626257 12.83519984734601 13.482698202400435 13.693068776051724 14.166685607483481 15.471127105340203 15.477392350807598 15.595741884087623 15.694261266295944 15.99878761185721 16.07004436815746 17.648434096256747 17.694251833775944 18.40538393342818 
0.5 0.5 0.0 -19.037242390530405 -14.22273617025557 -14.22273617025551 -13.14491576524351 -10.942394037389919 -8.394095688754184 -8.394095688754165 -6.521946204054531 -6.065649889187156 -5.1406878209401246 -5.140687820940118 -4.674065314387899 -2.6066012733200066 -2.606601273319988 -1.535234871330151 -0.9581082890819351 1.2496417946773521 1.856835797635293 1.8568357976353025 3.5022432019766696 3.946689860616149 4.309508274508485 4.309508274508565 4.586247001761344 4.586247001761368 7.392427184084186 8.674855813433743 11.65370949031896 11.65370949031898 11.739726720958362 12.816315886465306 12.816315886465336 13.402210323826102 13.505225228539057 14.284035719661922 15.492408016536931 15.529721803873342 15.52972180387495 15.844580228489791 15.915867472215858 15.915867472232527 17.727193013032487 17.727193013213004 18.89782839167442 
0.46153846153846156 0.46153846153846156 0.0 -19.03936357922594 -14.212641688470432 -14.211191655839384 -13.145098994154276 -10.9436445546936 -8.4699432109446 -8.423656177110892 -6.444668921940009 -6.046746249653125 -5.151179343368336 -5.123701147673137 -4.620074352820513 -2.607317265901084 -2.6057829447461476 -1.5584957600017149 -0.9513286115003909 1.2441878553159702 1.8170811758951328 1.822488222451374 3.5222462676505084 3.8421823900984045 4.3264991856566875 4.332869083284177 4.627995371964347 4.663078358048324 7.413470338017909 8.696936744492309 11.592683178389857 11.630984100139065 11.787995397239825 12.680168685957165 12.753548049547291 13.556246189131274 13.583975279751696 14.195152861476926 15.469340646971581 15.52746613579939 15.561244515368001 15.730608133119384 15.91082941602434 16.09647205697919 17.64052784233338 17.733632767234393 18.432506320534685 
0.4230769230769231 0.4230769230769231 0.0 -19.047729321679846 -14.184328692286833 -14.178399737638408 -13.148704991635496 -10.94890192664214 -8.671073594243483 -8.51296582583779 -6.248237836484495 -5.99930312848607 -5.171950793705729 -5.07853145628444 -4.484476419150236 -2.616435551656165 -2.610221982833354 -1.6298271621446188 -0.9326007163247584 1.2235571958357896 1.7030414574636412 1.7204254666633083 3.5621149126790863 3.640879966963984 4.2652772159035734 4.382203754029497 4.756051416439535 4.871138625999597 7.472217342494503 8.756701976207248 11.436655230418449 11.55966653398462 11.887125205924933 12.428092105253517 12.646035066727698 13.666857064598526 13.850169188260347 14.05056388009028 15.370799340732619 15.510597226552543 15.589460603190538 15.67678288119818 15.886714541791406 16.370251369142178 17.410650693428334 17.73808104845467 18.05160694606145 
0.3846153846153846 0.3846153846153846 0.0 -19.061192952174164 -14.137371002268479 -14.12534316720012 -13.15429538646036 -10.958333753597833 -8.941369458487838 -8.650879671211158 -5.993172658265352 -5.9218537802879405 -5.176583684290295 -4.996461564828113 -4.301824564806177 -2.631041105731658 -2.618498685538679 -1.7385064051895072 -0.9010958784366422 1.1856201409230884 1.5349952854266922 1.5685037951032632 3.4232399181745583 3.5880719001552666 4.131517316686356 4.474685317589573 4.964553326864517 5.132822794965493 7.567616439809112 8.848686575209735 11.21628685421061 11.451020457450818 11.96760186073016 12.161710573924314 12.604293408636636 13.46523753463545 14.157400206953131 14.180909002399915 15.194043465664551 15.475679991753417 15.56682660176801 15.74066964447006 15.846993789198223 16.676118659168257 17.122036496524114 17.726196850187023 17.800900487539234 
0.34615384615384615 0.34615384615384615 0.0 -19.0797702504443 -14.074299220948784 -14.05441991882054 -13.162248026203867 -10.972561170152611 -9.2444221603158 -8.82571625616139 -5.817523264484432 -5.73124112376044 -5.159393263836705 -4.867551807892744 -4.094453689352443 -2.654236502712109 -2.6337103936918522 -1.87712949464834 -0.8553023346364311 1.1256608646959383 1.3357321743380444 1.3814590407826526 3.2080404118199355 3.554563449975537 3.9514567947838466 4.645178357821952 5.221835198241906 5.409836663086093 7.695412872190386 8.961713692926958 10.960107846384776 11.315793904175292 11.900350987471535 11.936678014854227 12.633589822649238 13.229978048220504 14.364855930666309 14.513625669711521 14.992830092574355 15.41154839569728 15.522840207615994 15.784420389159047 15.832857900716665 16.829053557411463 16.96564781729232 17.622397688634326 17.73256222125969 
0.3076923076923077 0.3076923076923077 0.0 -19.10042583842116 -13.993153343122716 -13.965405710039546 -13.17064983363855 -10.991643743684715 -9.557616534532604 -9.020704370454887 -5.686833982166368 -5.494738586226187 -5.118646661414645 -4.676364853965566 -3.8775526407207757 -2.68192584002471 -2.651598353803625 -2.0273812872722576 -0.7926467362685068 1.038593932681203 1.1273300321435638 1.1834442383035424 3.0040935698798874 3.4557558423022177 3.7415032313627243 4.902487588221655 5.505599392713264 5.688249666158395 7.853364082135209 9.08188296940903 10.704381255341497 11.16840810696829 11.655306826685177 11.812787527842644 12.460921653501822 13.316311050910173 14.556998808808292 14.822069818775143 14.825544007876656 15.328531017264979 15.450377512879152 15.708946162586095 15.9520824617349 16.57578212448906 17.157376584196253 17.497481577782647 17.862743969976904 
0.2692307692307692 0.2692307692307692 0.0 -19.12281513164607 -13.897735950747617 -13.862143642798253 -13.17956019219416 -11.016875659888937 -9.869953369743437 -9.224560794330843 -5.535718784984493 -5.3017800288195405 -5.057903952752927 -4.426130187562358 -3.6637123970759125 -2.716258329921804 -2.6763983542437755 -2.1834617859782766 -0.7119595311442 0.9110788622907564 0.9201430524028568 0.9967197593851732 2.820904361733455 3.306059153827498 3.511988996446987 5.218835032250077 5.795937545900347 5.957247251076025 8.033865819965564 9.188756421036183 10.477164596271823 11.015608264345286 11.431465741500947 11.645325105084142 12.135348343116748 13.625700865081177 14.541504540761421 14.88093041720437 14.958754616806953 15.331672354022526 15.359719221580653 15.629019656510264 16.095390614948506 16.385958505798015 17.23084550609014 17.426277576453387 18.135226884348775 
0.23076923076923073 0.23076923076923073 0.0 -19.145771279051136 -13.788872441937801 -13.748303273471032 -13.18905833211336 -11.049495067468142 -10.172929007157233 -9.424762569453627 -5.370168989249294 -5.144296423769019 -4.984060092090945 -4.13644396247008 -3.46421508410818 -2.753876576844736 -2.7075529904820037 -2.3397163082640016 -0.6117634181363351 0.7247763022096546 0.7438664489593882 0.8318356207580392 2.6649991371898465 3.1247357118438615 3.273953485352434 5.567973702600823 6.083837128002368 6.212284297320246 8.224676722737696 9.261548502945958 10.307748860140924 10.859975032764812 11.234439518866225 11.457467008054403 11.803033268960032 13.96103384213297 14.407848458647193 14.83629095317363 14.977642428824504 15.388058044512826 15.426159486104794 15.57709431687105 16.266847280900034 16.316685778938513 17.27383608394348 17.409091671283647 18.379592535562402 
0.1923076923076923 0.1923076923076923 0.0 -19.167673809599435 -13.670900793301582 -13.628860917996695 -13.198732358134233 -11.091113640498548 -10.45945626012588 -9.611135184516797 -5.19764984180912 -5.0095212842138075 -4.9023673871452855 -3.8345842823492697 -3.2911210742357198 -2.795314914390582 -2.745346445922775 -2.4890870382065975 -0.49441798003422976 0.5476284378090992 0.5731673416123868 0.6654417804518149 2.5397188436444504 2.9295407585099147 3.0354903369539517 5.925634181497389 6.348685204105425 6.4426359398274435 8.404304465163207 9.29860042651262 10.214699474463522 10.70586575790699 11.071444944151885 11.259812880621844 11.499302201985998 14.220127690888942 14.304511823156888 14.65083218874792 14.890507289474533 15.374724532550376 15.523974573056014 15.682864639273834 16.44897899631165 16.466759482535412 17.32773762717362 17.431684089486716 18.397591580654726 
0.15384615384615385 0.15384615384615385 0.0 -19.187437567155218 -13.547846998250668 -13.509965958531112 -13.20693662311189 -11.140599764277601 -10.721889729810771 -9.773914335807127 -5.0276992273448275 -4.889676083414647 -4.821353564486906 -3.5414459263599785 -3.1464396758330895 -2.836314676757044 -2.7911070866460714 -2.6270355803920675 -0.3638719159046146 0.39549326186027395 0.4237012308374046 0.49631202960487963 2.445211239423846 2.7366034719653505 2.811096512653379 6.272703863416504 6.586601777717003 6.648185604858057 8.530879773937103 9.34601270177092 10.186832932948144 10.555397478687693 10.945309202077233 11.060258940015439 11.234695816713815 14.199620519418286 14.367636612185567 14.46987644069235 14.82090509824407 15.276015593498968 15.393729258799198 16.107782235168102 16.702216929540974 16.717238611230833 17.399444889746437 17.480788188880844 18.332804007423587 
0.11538461538461536 0.11538461538461536 0.0 -19.204145505764178 -13.42885164474905 -13.400065045525936 -13.21501712761811 -11.195389574777264 -10.951922434664919 -9.905766533619314 -4.872166000379323 -4.786271453151845 -4.746469196928649 -3.284301854358565 -3.037586671312876 -2.874421614241146 -2.8406272834784976 -2.7475453675777453 -0.22984233292725234 0.26606298748125595 0.3000271552606898 0.3384205720994632 2.376684077869901 2.560900310770293 2.6083610613621104 6.582575801937074 6.780934183368719 6.816296252349202 8.570608230539138 9.467234034089628 10.187593717791119 10.415569333152192 10.852503677713237 10.861683845457874 11.014737198051657 14.147057788859568 14.314890889555764 14.315585902835396 14.862689179619311 15.170453834221451 15.240335437498707 16.579299343406337 16.963054674711607 17.01178518905714 17.475829331050544 17.535048475728658 18.28840901233243 
0.07692307692307687 0.07692307692307687 0.0 -19.216532037501167 -13.324962789550364 -13.308503426518394 -13.220346012848712 -11.24711854338388 -11.135360674522905 -9.999895105575739 -4.7436689037514075 -4.703011660566592 -4.6838267439578 -3.0768900089348716 -2.956788701084202 -2.901268700268183 -2.8820458253286336 -2.842564135803396 -0.10432364721959515 0.1676317164825548 0.19506855004890855 0.21578366783048614 2.3326987951963614 2.420903062177272 2.4458605333721524 6.834590217928389 6.933022831506815 6.947733981265973 8.550378849521652 9.666899767720055 10.194469131940659 10.301420650556892 10.64783137676367 10.789631274962844 10.857317325946692 14.119608329401364 14.199671947261827 14.21117843577497 14.934505102547913 15.081721768183424 15.11570543721008 17.048302355831126 17.23397695977154 17.284430382822954 17.54944791737157 17.58643872014953 18.27326075946392 
0.038461538461538436 0.038461538461538436 0.0 -19.224277223078992 -13.251757486308009 -13.246839643749631 -13.223792620099385 -11.285367484717092 -11.256864054729636 -10.05649075185689 -4.658280686615299 -4.6479256323663085 -4.642964416477709 -2.9424559823248964 -2.919995425017598 -2.917819019995156 -2.9069064509459985 -2.9044474791007833 -0.0021776612692698 0.10431795830171821 0.11248446943134739 0.1385027527488525 2.307421278557905 2.3294087857492976 2.336509743080032 6.999421061689148 7.0253766477092325 7.029470400231498 8.518471336717568 9.905195889193246 10.196912255475484 10.22430192354511 10.412502586180263 10.75333102824319 10.769456456372044 14.106940361255104 14.12781193827897 14.132065343901306 14.984561935913026 15.022038765737506 15.031203701634329 17.425581370306666 17.47092570146898 17.49018113357648 17.599905745243994 17.61769572625116 18.29905593835156 
0.0 0.0 0.0 -19.22689803751875 -13.224993133449813 -13.224993133449143 -13.224993133447462 -11.299669129205519 -11.299669129205503 -10.075295210003224 -4.628202184456526 -4.628202184456515 -4.628202184456499 -2.9269417042292374 -2.926941704229208 -2.9269417042292054 -2.894047263034443 -2.8940472630344343 0.06575143184531461 0.08239247420701366 0.08239247420703001 0.08239247420704288 2.2992554239390013 2.299255423939031 2.299255423939035 7.056710074663238 7.056710074663248 7.05671007466325 8.504957404069629 10.123851818688816 10.19694767388314 10.19694767412115 10.196947674121217 10.741554359842704 10.74155435984275 14.103520216104688 14.103582163201088 14.103582163201903 15.001606674404146 15.001606674404158 15.001606674404169 17.57075194579643 17.578495889910712 17.578495889953135 17.62058659115722 17.62058659115734 19.118431315656053 
0.03125 0.03125 0.03125 -19.224299278029022 -13.242422436603917 -13.242422436603825 -13.237435667406947 -11.271168721580223 -11.271168721580215 -10.056831586637282 -4.651309559811946 -4.651309559811907 -4.646420374314932 -2.927915998327012 -2.9279159983269682 -2.9172524332127474 -2.909295389003881 -2.909295389003867 -0.0025711189994369033 0.10695482686932536 0.10695482686933001 0.14117251707717718 2.321293071896023 2.321293071896044 2.3284631226955907 7.015712269935438 7.019822749070134 7.01982274907018 8.51825716607491 9.902313815416527 10.214940626527454 10.214940626527484 10.406656356032665 10.761144453135538 10.761144453135556 14.108235346488575 14.129058774212194 14.129058774236015 14.99689055703706 14.99689055703822 15.04342027537812 17.43842328057635 17.46874437361986 17.468744374044178 17.615776563034743 17.615776563660024 18.302256078358724 
0.0625 0.0625 0.0625 -19.216628208727265 -13.291466775261938 -13.291466775261892 -13.273664568875288 -11.18891728946712 -11.188917289467023 -10.002692708310166 -4.716580782531416 -4.7165807825314 -4.698515583155996 -3.018681921129396 -3.0186819211293354 -2.8883838990867026 -2.8669680572357135 -2.8669680572356877 -0.1139077825683867 0.1786194550326231 0.17861945503263732 0.22646414405928267 2.389987232876101 2.38998723287613 2.416446537549927 6.895598019163653 6.910811035241417 6.910811035241473 8.54803055131975 9.652567566688619 10.264271674887883 10.264271674887937 10.631843605746443 10.821776536015717 10.821776536015737 14.122312662281418 14.203827594537733 14.203827594566269 14.979497906186394 14.979497906193778 15.164672965310821 17.1198261944592 17.190777906949997 17.190777907775797 17.60754198280308 17.607541983392323 18.283460488916166 
0.09375 0.09375 0.09375 -19.203992847923857 -13.364340798994082 -13.364340798994018 -13.330607283854713 -11.060967916656097 -11.06096791665603 -9.917263216955364 -4.8165315632084225 -4.816531563208411 -4.778965058833168 -3.1622839531276674 -3.162283953127618 -2.8414926512911167 -2.800705133376159 -2.8007051333761153 -0.2665145879810769 0.2926364055542901 0.2926364055542911 0.34174481638993354 2.4977479595130534 2.497747959513065 2.5511823765664206 6.7031558217664395 6.742890957651743 6.742890957651747 8.555063137692445 9.449969355777345 10.334178449505373 10.334178449505442 10.842228593360892 10.928090355869193 10.928090355869257 14.146428468427215 14.320262673568681 14.320262673575721 14.94646145289461 14.946461452899399 15.356073978294814 16.738826268028117 16.835715043045862 16.83571504329562 17.602372502553372 17.602372502838342 18.29508761427389 
0.125 0.125 0.125 -19.187000664390148 -13.452231845623293 -13.452231845623249 -13.403234558647382 -10.896527725051902 -10.896527725051888 -9.80457175173996 -4.941803677101162 -4.941803677101141 -4.881808640611127 -3.3502554770053257 -3.350255477005307 -2.7779008877614935 -2.7140641952807587 -2.7140641952806983 -0.4531997851141403 0.4414743523866795 0.4414743523866837 0.48813015774247437 2.635607689824495 2.6356076898245306 2.7235864789135418 6.457154401470484 6.529339605220934 6.529339605220954 8.465149173263285 9.366429837988127 10.41205515739642 10.412055157396443 11.039406295138406 11.083281567373485 11.083281567373511 14.176887938903512 14.449481261178217 14.449481261185229 14.899136538689932 14.899136538695439 15.60171566492203 16.351162624748248 16.464581768025617 16.464581768045957 17.606250145612197 17.606250145692606 18.292362530906107 
0.15625 0.15625 0.15625 -19.16606218246202 -13.547503014393348 -13.547503014393211 -13.48745326321388 -10.703663951359955 -10.703663951359864 -9.67074737424145 -5.08266270079502 -5.082662700795003 -4.999505099621966 -3.5723146525378793 -3.5723146525378735 -2.695039008535295 -2.614130680683953 -2.6141306806839446 -0.664329252968984 0.6186393753165098 0.6186393753165113 0.6604408658878581 2.7962011941542375 2.7962011941542566 2.923176019737883 6.168527511069837 6.2862868965023075 6.286286896502311 8.251374580620919 9.430400318678343 10.493349528959145 10.493349528959163 11.231229955018652 11.286538403782341 11.28653840378235 14.210480644079183 14.48365824572686 14.483658245728856 14.924190374064196 14.924190374075945 15.880611880979172 15.979088527078805 16.123195042730895 16.123195042759264 17.619759136870858 17.619759137071274 18.247694884155518 
0.1875 0.1875 0.1875 -19.14191980152115 -13.64438095472464 -13.644380954724628 -13.578510807462823 -10.489479882978106 -10.489479882978102 -9.520974881242404 -5.232315082964053 -5.232315082963993 -5.124559622715172 -3.819946023036886 -3.8199460230368505 -2.5962006205445425 -2.502841656049087 -2.502841656049062 -0.8919267687988649 0.8154498949949529 0.8154498949949568 0.8515353594140924 2.9675610789358475 2.9675610789358715 3.1426958930990714 5.848277928071385 6.024244524820197 6.024244524820201 7.970789842878767 9.582640393727889 10.57540082793158 10.575400827931588 11.423342805205847 11.532901003259502 11.532901003259518 14.23169713245835 14.3196937821935 14.319693782193777 15.09821530002226 15.098215300031386 15.636134960687464 15.84600609341731 15.846006093439476 16.174621704948002 17.640143016140335 17.64014301630456 18.127780985209967 
0.21875 0.21875 0.21875 -19.115454482386383 -13.738381490659037 -13.738381490658814 -13.672139168147066 -10.2588898807396 -10.258889880739586 -9.3638373067283 -5.385612415093844 -5.385612415093838 -5.249231443538548 -4.085499437535873 -4.085499437535852 -2.4832315276379564 -2.385323527274514 -2.3853235272744984 -1.1283236903610623 1.0250956622848797 1.0250956622849041 1.05534711001039 3.138577990617653 3.1385779906176654 3.3678939677916784 5.513742149041616 5.754863161947732 5.754863161947757 7.669065778409143 9.775170343525275 10.65929585400276 10.65929585400277 11.622052817016222 11.815480788790126 11.815480788790136 14.048006311125123 14.048006311125135 14.223820017041373 15.293271936004041 15.293271936019416 15.335276292423414 15.678108734840915 15.678108734891813 16.46596959522423 17.663174567414195 17.66317456778455 17.929751345613987 
0.25 0.25 0.25 -19.08740425495075 -13.826586107211652 -13.82658610721164 -13.764723991838725 -10.015936985988862 -10.015936985988851 -9.202883439777626 -5.53448661691449 -5.534486616914445 -5.36749877028801 -4.359907932321451 -4.359907932321372 -2.359887915024542 -2.2634289092261026 -2.263428909226089 -1.3655621904800066 1.2417553582141636 1.2417553582141658 1.2672193996335785 3.2990063708889203 3.2990063708889297 3.5931049778280943 5.1756881240897785 5.491959052017356 5.491959052017362 7.370826851025363 9.984025821711182 10.747215183016687 10.747215183016689 11.824796792568243 12.12274145297133 12.122741452971333 13.73914772385949 13.739147723859606 14.175029447872951 15.085758366613087 15.287679783572573 15.287679783575255 15.783607394515837 15.783607394582384 16.736722021150825 17.64731223178261 17.680556436771514 17.68055643683545 
0.28125 0.28125 0.28125 -19.058947478870866 -13.907704880350614 -13.907704880350476 -13.853463521607187 -9.766266165771118 -9.766266165771116 -9.044935030685425 -5.681561753330532 -5.681561753330499 -5.475520667448797 -4.638811753449091 -4.63881175344909 -2.231232768647074 -2.13963743631048 -2.139637436310476 -1.5987404333587638 1.455834090196391 1.455834090196396 1.477670999600779 3.4372801142588143 3.4372801142588476 3.8167633900530085 4.834943486706139 5.246206466039686 5.246206466039702 7.086378012879345 10.19388219223516 10.835122709013284 10.835122709013321 12.018619799535486 12.432383456016678 12.432383456016941 13.445137670296486 13.44513767029655 14.096846162325606 14.876026968238877 15.15216789689084 15.152167896898975 16.045360760782692 16.045360760931626 16.965463690043794 17.359722619871455 17.69179301664311 17.691793017137016 
0.3125 0.3125 0.3125 -19.031011891570397 -13.979892702214366 -13.979892702214325 -13.935204727357945 -9.51123301315472 -9.51123301315468 -8.89372300903823 -5.822223611116818 -5.822223611116817 -5.568507558115451 -4.908440538860504 -4.908440538860474 -2.096404360818895 -2.0146530637426996 -2.0146530637426965 -1.8201736854039223 1.6661463985912377 1.6661463985912408 1.6842913937396324 3.542878840407992 3.5428788404080245 4.031121139394648 4.514854242962361 5.037720466694391 5.037720466694393 6.826699499622675 10.398677500057605 10.922004385657488 10.922004385657509 12.177720131130796 12.666936022107631 12.666936022109597 13.26542833242971 13.265428332430131 14.036994023288623 14.682744746559239 15.017101678673114 15.017101678722991 16.319819232305466 16.319819233025843 17.122269023802396 17.164202769021223 17.703958686024368 17.703958689752337 
0.34375 0.34375 0.34375 -19.00495201701085 -14.042201014813275 -14.042201014813244 -14.008059842671313 -9.257545641819597 -9.257545641819588 -8.756921136153766 -5.959419494049421 -5.9594194940494205 -5.647685392091681 -5.1630971311394696 -5.163097131139452 -2.024854139924028 -1.962843409423268 -1.896026490876112 -1.8960264908761064 1.8618664376493503 1.8618664376493559 1.8759087741569787 3.5973098066634797 3.597309806663497 4.219627329669422 4.223259064966676 4.878836153003669 4.878836153003678 6.597047686350311 10.590833651658253 10.99975211429425 10.999752114294258 12.267413604809793 12.645746664633785 12.64574666463386 13.378785303187012 13.3787853031879 14.027186235542988 14.50479158097098 14.901721817967616 14.901721817977648 16.56330301633276 16.563303016472126 16.953054629521827 17.324972709901505 17.721678220140763 17.72167822122183 
0.375 0.375 0.375 -18.98199732957451 -14.094081026011656 -14.09408102601163 -14.070889132113964 -9.012689004261253 -9.012689004261233 -8.638552602522346 -6.096467380091542 -6.096467380091526 -5.70841717309073 -5.389955362536297 -5.389955362536268 -2.2056037329084512 -1.8402009731418119 -1.788958120013605 -1.7889581200136015 2.035787053883118 2.0357870538831246 2.049012976055924 3.596261764288191 3.596261764288198 3.955794178388031 4.388295305194573 4.77756294683319 4.777562946833198 6.402514890314514 10.764966905424675 11.059892537254823 11.059892537254841 12.282987422014955 12.495279377992306 12.495279377992306 13.64777916389629 13.647779163896821 13.979422473313095 14.45272154994363 14.825505172282 14.825505172289708 16.745542576532017 16.74554257662967 16.845113920936537 17.438501405812357 17.735358441671664 17.735358442349774 
0.40625 0.40625 0.40625 -18.962801141277236 -14.134788842171933 -14.134788842171897 -14.121091703630233 -8.785955920340962 -8.785955920340928 -8.541098955750458 -6.234757031398782 -6.234757031398768 -5.7511869454913915 -5.573025927089496 -5.573025927089462 -2.355331021213188 -1.7302735054996672 -1.6970071407010645 -1.6970071407010536 2.1848870349107967 2.184887034910827 2.1950770142575773 3.554656967874067 3.554656967874074 3.736772855043783 4.527692700027295 4.729220970618923 4.729220970618925 6.247746750103416 10.91354218547012 11.09856289457837 11.098562894578386 12.258738127839248 12.365166490238902 12.365166490239021 13.803494830448898 13.889341034853159 13.889341034853679 14.609379905845625 14.820272826039693 14.820272826045771 16.799434958732558 16.85777305872256 16.85777305876509 17.519253725075323 17.728798782172912 17.728798782570006 
0.4375 0.4375 0.4375 -18.949086400974 -14.164625440799677 -14.164625440799643 -14.15740173796439 -8.593680370542238 -8.593680370542186 -8.469197747006312 -6.366215930206401 -6.366215930206355 -5.779397562413349 -5.702176203891593 -5.702176203891593 -2.4674353318722324 -1.6443058830764326 -1.6268138083070738 -1.6268138083070622 2.300333351602766 2.3003333516027733 2.3073127438802765 3.4982054423391484 3.498205442339163 3.5712927849033846 4.629538257515619 4.714143120652622 4.71414312065264 6.134522612122482 11.02715560408713 11.115717528543927 11.115717528543929 12.233200104930257 12.282055902007142 12.28205590200721 13.603800284859785 14.030218846648955 14.03021884664926 14.834341474654567 14.906466823029232 14.90646682304166 16.807585003381206 16.90203182122996 16.902031821278108 17.575259307483556 17.69027874581588 17.690278746095476 
0.46875 0.46875 0.46875 -18.941223131241156 -14.182815539759634 -14.182815539759607 -14.181080540706903 -8.46066498145709 -8.460664981457063 -8.426843621440042 -6.467129324695995 -6.467129324695974 -5.796819728263335 -5.777739753661766 -5.777739753661732 -2.537985086359135 -1.5901500984627934 -1.5844445254844872 -1.5844445254844415 2.3735969938553745 2.3735969938553763 2.375870656165637 3.44830653711809 3.44830653711809 3.4651506356428774 4.6908318228803285 4.710952680167836 4.710952680167898 6.065500183310415 11.095153624096193 11.118221575802222 11.11822157580227 12.224702780508954 12.238392150579323 12.238392150579335 13.452670893939349 14.077834981129325 14.077834981129472 15.01397145629245 15.027244344059957 15.027244344063185 16.85190808422617 16.89558469657511 16.89558469658741 17.60359063087763 17.63521339411248 17.635213394281298 
0.5 0.5 0.5 -18.938218950729134 -14.188763075983427 -14.188763075983397 -14.188763075983392 -8.412124260124779 -8.412124260124664 -8.412124260124546 -6.506364320612715 -6.506364320612695 -5.802020392601386 -5.802020392601357 -5.802020392601356 -2.561927999274279 -1.5710712243444245 -1.571071224344416 -1.5710712243444152 2.398604217850471 2.3986042178504894 2.3986042178505027 3.4298077839363765 3.429807783936377 3.4298077839364027 4.711245305059623 4.711245305059633 4.711245305059635 6.042349678502883 11.117642394769293 11.117642394769307 11.117642394769334 12.225138057802349 12.225138057802388 12.225138057802424 13.39612100011583 14.087818176006557 14.087818176006575 15.083248851938393 15.083248851953316 15.083248851969573 16.88402494994298 16.884024950038764 16.884024950133302 17.612933815750093 17.612933815924496 17.612933816040403 
0.4642857142857143 0.5 0.4642857142857143 -18.94083637552565 -14.18963766725712 -14.180603215737428 -14.179177283654305 -8.475837827898527 -8.446668705696238 -8.411621852060467 -6.489388769418924 -6.456448475030911 -5.793844106326738 -5.789210816832842 -5.776632584517048 -2.541071734941777 -1.5931678720120566 -1.583445671210212 -1.5801629002929671 2.3715240474879278 2.3792480526746567 2.380658829746899 3.438102693849462 3.4528878020720444 3.4595880076850833 4.69180745812455 4.709525391099637 4.7134884195875495 6.062423149526775 11.08927133737361 11.109436278935746 11.13478961926792 12.217934684040193 12.22866006800967 12.250228686647667 13.445157648924884 14.072981386031016 14.085653155508796 15.018678282639257 15.031459477962652 15.038609029944954 16.84235200404903 16.88621476059558 16.91698483804399 17.61024443785564 17.621187163682933 17.637744389547883 
0.4285714285714286 0.5 0.4285714285714286 -18.947493560991806 -14.19160049023255 -14.155654104438705 -14.149512644570368 -8.643715805087224 -8.54315078777684 -8.409063706497829 -6.441659353044126 -6.335014181725314 -5.768838953927406 -5.749250530766908 -5.69199432096921 -2.478508983647698 -1.653194432727084 -1.61857856900041 -1.6015704309849548 2.293796758658582 2.3267930293284174 2.330244587200086 3.4659058903177824 3.518779353221252 3.5461080434206185 4.636102581950248 4.710265598874585 4.7200172745388125 6.122759873313785 11.00741534227924 11.084622822527598 11.182172281059 12.211585757135 12.245896668766939 12.322832563127822 13.575748382212577 14.0140237885335 14.083505853176375 14.869791686932379 14.912235276204596 14.915992347746501 16.73398177732032 16.889731858089764 17.004254446678736 17.60423631694166 17.64032833638143 17.70523788011453 
0.39285714285714285 0.5 0.39285714285714285 -18.959660278549435 -14.19575737397263 -14.114916906439918 -14.103087141991619 -8.879700429217252 -8.692404714219274 -8.406194047417364 -6.373947561268249 -6.199060895688405 -5.733517342707446 -5.686018496670403 -5.5354624303088045 -2.3770695716450345 -1.7515404196762372 -1.676601423616724 -1.647401805623783 2.165346972157506 2.2498663020866503 2.253043636789927 3.4996669339230047 3.613149225615679 3.658746785387389 4.546015494736445 4.723528473900732 4.724973722711591 6.221178882431785 10.875612891149341 11.037084422046224 11.240811150159152 12.227991129091556 12.28427396961709 12.426996843466842 13.740138443114834 13.8816767005576 14.066705531822702 14.708872881369755 14.7335032422974 14.803567647438113 16.60630274873282 16.878852852578156 17.089804386509968 17.5998919598729 17.642806983637502 17.780394698194858 
0.35714285714285715 0.5 0.35714285714285715 -18.975716050908037 -14.200816680911386 -14.059412415399642 -14.039476178605469 -9.15058053835065 -8.877491838259862 -8.403560982789175 -6.293718207421439 -6.081563333688838 -5.689389825202658 -5.599203600746313 -5.304966788350592 -2.2383082881830565 -1.8777511868312284 -1.75446590847109 -1.7090037732682744 1.9965688106814625 2.157796599879927 2.1579832273642157 3.5402038920197567 3.7201955162847717 3.765091627410589 4.431895252473704 4.723890935478246 4.782332414480577 6.357094851533664 10.710113735725354 10.964597803821048 11.291333860181709 12.26211059371101 12.35770285711929 12.543041913122172 13.642247032216757 13.972071756125002 14.035233831797449 14.518364395352732 14.574516299747005 14.7682580865124 16.49674140094389 16.828010533156576 17.12159436981984 17.607215359289924 17.628210216147174 17.805462079174198 
0.32142857142857145 0.5 0.32142857142857145 -18.99510875168872 -14.207704973625837 -13.989075552881177 -13.960450404180307 -9.43590983418018 -9.08678975196518 -8.400777755663409 -6.206677509114807 -5.982757627698815 -5.642826718704623 -5.492451471310111 -5.021138140643835 -2.0664144349033915 -2.0209442655068792 -1.8470268567641563 -1.7865945463071493 1.7931131653468184 2.0533539604488444 2.057054315984346 3.5830275083563654 3.8124235026879876 3.845094183107933 4.297289657133442 4.716636373124382 4.9183496265465 6.527493586664439 10.524906661676475 10.872035208400401 11.312710825333168 12.277927089978146 12.476622850123261 12.612135317525336 13.496024400909082 13.982972760707433 14.161817585173491 14.299944607017279 14.5072631240294 14.780289216690313 16.43866460401887 16.720983251853966 17.101282644881493 17.556887697983946 17.68413555273567 17.70580389888557 
0.2857142857142857 0.5 0.2857142857142857 -19.015945752949637 -14.214234053014433 -13.904818117160895 -13.8683536735404 -9.724881308338894 -9.307993471758584 -8.398282093740756 -6.116479713366345 -5.892454689548814 -5.5955087951647275 -5.367266585827555 -4.709708617617196 -2.1735131062577593 -1.9474935918150387 -1.8769675082817923 -1.8660721270935854 1.5643748505156303 1.941260816640789 1.9483780667716952 3.6259893488769417 3.811345135073283 3.9593567862182977 4.151410559481875 4.6979264768566855 5.136888803772715 6.731034938272024 10.335922960611573 10.764036415254019 11.28601625779793 12.234610735883345 12.560578524372639 12.641256652123255 13.536096718476127 13.883326963380112 14.12233783758362 14.313297497834249 14.552118992251607 14.81113036310078 16.44612576817934 16.56234013501 17.07916978653912 17.46709173438994 17.521404397934603 17.7908735438068 
0.25 0.5 0.25 -19.037957724918016 -14.222054592855832 -13.808937987576655 -13.76603342918782 -10.009735917210008 -9.533916911160109 -8.39544035985936 -6.025978374149027 -5.804078933202243 -5.55189299583464 -5.226487293652669 -4.387696642707075 -2.328902476590668 -2.053751131082266 -1.9785232832604496 -1.644010587916079 1.320406754213448 1.8280107345153396 1.832929505977685 3.667666078072299 3.758662840852888 4.003798256998659 4.070299960965929 4.674074325307695 5.41731185945628 6.96233966937579 10.154849988308815 10.648279596836927 11.194889076063818 12.108706561572358 12.458735873103938 12.852362306124476 13.71415544037352 13.728851209551326 14.021867511060211 14.434937700584912 14.640858385827029 14.898204175482073 16.369042165557584 16.5050939345816 17.112471529095 17.307597603624846 17.33195538380724 17.910985119283097 
0.2142857142857143 0.5 0.2142857142857143 -19.059330199985848 -14.22961413874999 -13.702790605861571 -13.65613262359674 -10.284542898888844 -9.755418862301985 -8.393318118840407 -5.937733061201447 -5.716796221345846 -5.510853921843743 -5.076114559546804 -4.068420380330224 -2.4809005789830283 -2.158893637389296 -2.0832325876590727 -1.4067116572906397 1.0716656851047772 1.7086234524372312 1.712172306135551 3.6825029074011604 3.7095586665322298 3.8582407320701697 4.172956769493345 4.643812175286548 5.728047431917041 7.2171906501802034 9.989824587626503 10.529705646373532 11.0413562344893 11.892754777451145 12.407472272709756 13.102058762216936 13.522856114631905 13.953900471041537 13.964244636215843 14.573744638395144 14.676475423674795 15.08683632205362 16.15833541702168 16.59972638891223 17.084141981888948 17.152262192206905 17.251222950139116 17.965413964712084 
0.1785714285714286 0.5 0.1785714285714286 -19.079558206256483 -14.236906509401551 -13.589672149995893 -13.543825916177145 -10.54310292324705 -9.965756942184692 -8.391376561066524 -5.855200453013292 -5.629976433549579 -5.474723815447693 -4.921824309050608 -3.7618012775027374 -2.6229311175184966 -2.2571069111842212 -2.189086862517716 -1.1620163597064082 0.8275842823129642 1.5790841290542157 1.5947654090871537 3.601367935057786 3.7225680184483405 3.750174467105715 4.263316932304094 4.608277088032839 6.047297906733479 7.487292172669087 9.851813305943091 10.413614672163913 10.855215030596224 11.618227584024421 12.414038139162878 13.326214488567226 13.406023901735338 13.928476772252226 14.11223428525325 14.65122635757603 14.816242370893617 15.304102996002387 15.940639866703531 16.730697876734826 16.879855053004853 16.939495857530762 17.515432067002546 17.770526094427368 
0.1428571428571429 0.5 0.1428571428571429 -19.0973963557414 -14.243251255626408 -13.475708994755886 -13.434908142012132 -10.778802499340095 -10.157270277128227 -8.389790033646117 -5.781203611001291 -5.548700388339042 -5.441062216932043 -4.772042945804612 -3.4790844404384274 -2.7523818726640386 -2.343395280355013 -2.2896495055305506 -0.9191994888310361 0.6005511457505186 1.4477231551032923 1.4738296661290493 3.5248108207516795 3.604848308272687 3.786202446955378 4.341278007680772 4.571800678342921 6.352165292433889 7.760869963863376 9.749886637020213 10.304041485173588 10.66954214458494 11.30988903986096 12.453194740636587 13.189590893961102 13.685715143942044 13.92723402227903 14.168214896155819 14.695550816923527 15.051057890896846 15.499061733842586 15.729104067765286 16.705553521877565 16.724299561239054 16.912873821570102 17.407901641822562 17.895062867127205 
0.10714285714285715 0.5 0.10714285714285715 -19.112423084322597 -14.249006399932794 -13.366495878395536 -13.336652702312065 -10.983787414174799 -10.322254609866837 -8.3897101109583 -5.7215172880307525 -5.476717202796323 -5.41384094993856 -4.6393057059730145 -3.237822398758356 -2.866349013738428 -2.414599384284122 -2.379972997178576 -0.693071307894766 0.40283638318203513 1.3228835483918546 1.3510266253404426 3.4593840693001554 3.5044907701906016 3.8156591201179717 4.401977003296965 4.53693828096059 6.620473622902558 8.018723007498568 9.69895724887606 10.2039473122266 10.507103192576697 10.984437778677657 12.503585921257693 13.073471220917323 13.813695311453905 14.116477873266465 14.16096282104435 14.746034488895692 15.283699195494561 15.537966519674558 15.639050852382853 16.496758492185712 16.590112513625765 17.05404949947414 17.128756668433553 18.125910153833264 
0.07142857142857145 0.5 0.07142857142857145 -19.123506164382935 -14.253026605503974 -13.272649247895316 -13.255948678219983 -11.145950186689651 -10.449414875774051 -8.388963007227364 -5.6762150362449795 -5.418749076278394 -5.390799992993464 -4.530552335608517 -3.0468272968571455 -2.951178447614609 -2.467507899348276 -2.448193220935675 -0.4979796026391802 0.24910760508475627 1.2180738556609838 1.240501923808006 3.4117639997394926 3.4313943314162234 3.8401907455762636 4.4481382355395835 4.512754661522716 6.837382501124342 8.234583012921645 9.721497845953644 10.12319608555954 10.38024250663336 10.6619173423746 12.551144971790931 12.992750506732222 13.81867413697092 14.13620788670166 14.440505791932003 14.790593953343565 15.400607945348114 15.476840213351618 15.70279311663845 16.22992812070801 16.558218900869154 16.788108962425596 17.332789162807323 18.15926682372114 
0.035714285714285754 0.5 0.035714285714285754 -19.130352500183506 -14.255613620586557 -13.207629421818279 -13.202782624105025 -11.252152303397377 -10.531430572473084 -8.388684609338931 -5.6495327543621245 -5.381146405450864 -5.375082773857619 -4.459298696892989 -3.008071258740632 -2.9200605891836466 -2.4994194266883167 -2.4935519477205847 -0.3612343558446219 0.15054981423238117 1.1479923190664723 1.155809374049197 3.383997408645818 3.3889136820926296 3.8584656197632325 4.4766286940688795 4.493247708781131 6.977574068812331 8.376413384316653 9.835681312723583 10.069284952499492 10.262659401641665 10.392190550603942 12.583447375609746 12.946108528372463 13.81584980771713 14.116110400868074 14.720635964626924 14.817949657507109 15.37510194928875 15.605374967451196 15.703196831154548 15.908460740531115 16.582402156494116 16.643308773845284 17.459790508578475 18.179342442468624 
0.0 0.5 0.0 -19.132627380867564 -14.256479718850494 -13.183764723140538 -13.183764723140529 -11.289505513596218 -10.559601929707933 -8.388411001437571 -5.64064720097026 -5.368174702682862 -5.368174702682821 -4.433720977861939 -3.0261688391865698 -2.8780687392001 -2.5099219413032725 -2.5099219413032587 -0.3109133076335832 0.1169044288046681 1.1228609753756391 1.1228609753756587 3.374469216837197 3.3744692168372046 3.863901904131972 4.486209727412723 4.48620972741273 7.0256227553509945 8.425648834891122 10.026253015432191 10.050285186403721 10.05028518640373 10.321257935438542 12.595419036095237 12.931059304394456 13.814961884890929 14.108876577787225 14.828301622218056 14.828301622240385 15.485636100355157 15.662138814282176 15.662138814307768 15.685094668955367 16.6014220133887 16.60142201346754 17.49759438511504 18.199368631575098 
