 4.32043716  4.32043716  4.32043716 90.         90.         90.        
C  0.         2.16021858 2.16021858
C  2.16021858 0.         2.16021858
C  2.16021858 2.16021858 0.        
C  1.13924801 1.13924801 1.13924801
C  3.18118914 3.18118914 1.13924801
C  3.18118914 1.13924801 3.18118914
C  1.13924801 3.18118914 3.18118914
C  1.13924801 1.13924801 3.18118914
C  3.18118914 3.18118914 3.18118914
C  1.13924801 3.18118914 1.13924801
C  3.18118914 1.13924801 1.13924801
-64.73493343
44 bands 
kx ky kz  bandenergy1 bandenergy2 bandenergy3 bandenergy4 bandenergy5 bandenergy6 bandenergy7 bandenergy8 bandenergy9 bandenergy10 bandenergy11 bandenergy12 bandenergy13 bandenergy14 bandenergy15 bandenergy16 bandenergy17 bandenergy18 bandenergy19 bandenergy20 bandenergy21 bandenergy22 bandenergy23 bandenergy24 bandenergy25 bandenergy26 bandenergy27 bandenergy28 bandenergy29 bandenergy30 bandenergy31 bandenergy32 bandenergy33 bandenergy34 bandenergy35 bandenergy36 bandenergy37 bandenergy38 bandenergy39 bandenergy40 bandenergy41 bandenergy42 bandenergy43 bandenergy44
0.0 0.0 0.0 -11.364511238657922 -5.715243461796682 -5.715243461796662 -5.198349438236887 -5.198349438236859 -5.198349438236793 0.2941826620810168 0.2941826620810602 0.29418266208108834 1.4805678470312178 1.6816389581748672 1.681638958174918 1.6816389581749271 2.1848155385199766 2.184815538520038 2.1848155385200925 7.252223087540408 7.252223087540425 7.252223087540434 7.46925934286988 8.079313690336805 9.30827681673598 9.30827681673599 9.586211065531502 9.586211065531536 9.586211065531542 14.397403168717755 14.397403168717767 14.397403168717792 15.071721177590787 15.07172117759079 15.071721177590813 15.261942103756535 15.261942103756551 15.2619421037566 16.30192252470591 16.301922524705958 16.717601751545303 16.717601751545313 16.717601751545327 17.04943154386536 17.37473540403042 17.37473540403046 17.37473540403049 
0.0 0.0625 0.0 -11.342995999557312 -6.107257746933486 -5.7085595170993955 -5.178768492612081 -5.178768492612073 -4.798002132174595 0.1337053730737785 0.13370537307387434 0.2603880608346091 1.5184633778377192 1.5184633778377257 1.5354491087027364 1.6941318864755592 2.0995407413886804 2.5572862314895293 2.5572862314895928 6.792757345140327 7.152339246964618 7.152339246964662 7.962713482920655 8.141624374887181 9.319942511010344 9.391321726818301 9.539914034333817 9.688355482089941 9.688355482089968 14.15199427315084 14.15199427315085 14.405253346794462 14.979412012143793 15.124305613028014 15.124305613028051 15.260150433468137 15.260150433468164 15.269198919394405 16.23032829079256 16.273375982845913 16.634811911543324 16.768304254184542 16.76830425418457 17.012744126108466 17.275950525473625 17.392290826293852 17.392290826293877 
0.0 0.125 0.0 -11.278973953938497 -6.659235777128484 -5.687979609413123 -5.121395141289452 -5.12139514128943 -4.217026208475092 -0.25871483672043666 -0.2587148367204017 0.1695167247100517 1.413630834369486 1.4136308343695034 1.68208270128331 1.7335701265394086 1.8906430829069187 3.2179506455343962 3.217950645534416 6.2794488175259415 6.909576803031728 6.909576803031734 8.26676982563092 8.57680696290761 9.228564302092666 9.573876428833112 9.631490146799015 9.95284737998198 9.952847379981984 13.6092600096515 13.609260009651505 14.43467158038077 14.73616889303451 15.00742468095905 15.00742468095906 15.300740599441408 15.428607109977362 15.428607109977385 16.049013507177516 16.231072087304874 16.41698646985433 16.885057369756563 16.885057369756566 16.92662651672108 17.056599221643285 17.518100200082994 17.51810020008303 
0.0 0.1875 0.0 -11.174261416656712 -7.202653136897933 -5.655342464802777 -5.027744675122348 -5.027744675122312 -3.6293317008419543 -0.7389729411674524 -0.7389729411674194 0.03631473824101079 1.4074206838880683 1.4074206838880696 1.4826472099962642 1.7965138669171443 2.0307122027106232 3.96605175093677 3.966051750936786 5.809893129076447 6.604022791304629 6.604022791304664 8.233365183950493 9.0810517785138 9.21786526469221 9.831788933270145 10.011969586352178 10.296211711749507 10.296211711749532 12.915938345198589 12.915938345198596 14.4055172315934 14.495599800606382 14.769738782087037 14.769738782087053 15.353707152794764 15.66427489225911 15.66427489225914 15.755794261449182 16.074835886122724 16.164419133859617 16.704587909433744 16.808217081955686 16.985526216304603 16.98552621630466 17.689242088863878 17.689242088863903 
0.0 0.25 0.0 -11.032468760950147 -7.7137789487612585 -5.617294186758325 -4.904793943016406 -4.904793943016402 -3.0542851142373353 -1.218876610101202 -1.2188766101011936 -0.1173693389172564 1.06471916467985 1.4490924285484157 1.4490924285484157 1.8778128541516623 2.4286537547119376 4.748236310098393 4.748236310098434 5.394846813605266 6.317767321982375 6.3177673219823784 7.83731746934454 9.091947295683886 9.888258956695083 10.268285073286286 10.503985668454552 10.657928109282924 10.657928109282958 12.134035860667082 12.134035860667112 14.048410460295745 14.473192353534927 14.47319235353497 14.555512268035615 15.245231956673003 15.517845895101175 15.629188871884878 15.93303350117792 15.933033501177945 16.083229213371673 16.238166050998107 16.6809635365666 17.064372944707642 17.06437294470765 17.843480151812017 17.843480151812024 
0.0 0.3125 0.0 -10.861508696412306 -8.176195141793102 -5.577917975073674 -4.762675898288415 -4.762675898288395 -2.498048591076091 -1.6538470813716901 -1.6538470813716453 -0.2679091590409966 0.602817385697546 1.5107072704362774 1.510707270436285 1.9687152565018613 2.940017831610497 5.044524475917026 5.436415476546864 5.436415476546907 6.194021093646827 6.194021093646832 7.219592125381558 9.174310334029302 10.57304188628615 10.832535036453399 10.936937732476945 10.936937732476979 11.075471152890833 11.363344798990193 11.363344798990193 13.733476233060513 14.155289501207688 14.155289501207688 14.620019605925172 14.787314914964497 15.106408961370867 15.569986861082597 15.68609418498861 15.991909403833091 16.19682946325416 16.19682946325418 16.54659293926621 17.152167996519864 17.152167996519868 17.932246354663068 17.932246354663143 
0.0 0.375 0.0 -10.67775195010019 -8.5707934635849 -5.543117175510149 -4.617868189614183 -4.617868189614153 -2.0127215575947304 -2.012721557594646 -1.9638338743304142 -0.3922190645844602 0.12136152203537005 1.570432211252122 1.570432211252127 2.055578492858044 3.546985326538668 4.770136927989232 5.57738934927696 5.577389349277011 6.50085888649428 6.700539520420241 6.700539520420242 9.252915382399888 10.33602991394151 10.33602991394152 11.255113963100438 11.408320462162353 11.408320462162402 11.455794252308978 11.682636215439326 13.483374664266567 13.852089920607762 13.852089920607797 14.21292665850524 14.528969641893829 14.682552206223578 15.093946006392015 15.659924948356979 15.910099152284621 16.41642088363945 16.416420883639635 16.41856271921129 17.283742958337573 17.283742958337587 17.92880196672964 17.92880196672965 
0.0 0.4375 0.0 -10.518096316296585 -8.857625221015041 -5.519231559256801 -4.502501609943489 -4.502501609943443 -2.2579261463267204 -2.2579261463267124 -1.4588355077428368 -0.4731136179106954 -0.35915763680018253 1.6142136817333657 1.6142136817333799 2.1185336789951212 4.229746848590986 4.592525451536511 5.486986297512019 5.486986297512029 5.740595112988616 7.523991067630844 7.523991067630861 9.30641061971279 9.459929803191077 9.45992980319108 11.642236419423648 11.64223641942365 11.891825990503358 12.05185262731629 12.242919411415723 13.330971661241087 13.614938452670001 13.614938452670009 13.623745655800997 13.955795288233736 14.542212245222853 14.729671657054709 15.74395908719595 15.851808763883575 16.31472451084366 16.549764525150966 16.549764525151158 17.46809621356524 17.46809621356525 17.832272528656393 17.832272528656393 
0.0 0.5 0.0 -10.448697179037453 -8.967294332430383 -5.5125545234628985 -4.458218575693286 -4.458218575693257 -2.3476324779394164 -2.3476324779393702 -1.110387356976783 -0.6986523319837293 -0.5022939197118342 1.630928460532691 1.630928460532701 2.1423569643341485 4.530356476379505 4.886709313667704 5.0627252669725005 5.445741005087515 5.445741005087567 8.158653912654556 8.158653912654556 8.811950670204546 8.811950670204636 9.32749673041948 11.738907831424 11.738907831424003 12.255682274292209 12.37057593326141 12.516694437990425 13.276078745627274 13.309731791112268 13.518486391387311 13.518486391387318 13.624755992759475 14.262106249844908 14.742010500945621 15.776942045829804 15.820159666372009 16.26203897047558 16.587943211875622 16.587943211875647 17.64385802574099 17.64385802574103 17.689697848658472 17.689697848658476 
0.0625 0.5 0.0 -10.425665516149273 -8.953601954380815 -5.725491319337934 -4.435815401797395 -4.276490270901699 -2.5517722977506394 -2.3364018731684846 -1.0485929451520348 -0.6255545477273355 -0.3227349710114572 1.1356391332028413 1.5822201260262705 2.673262287785775 4.23819007785543 4.932236080074924 4.9673408435339415 5.532493613669586 5.775665096230058 8.04823543029599 8.17191545254256 8.699550147694346 8.8226183762805 9.431443641439051 11.610036313102007 11.66431976794493 12.316544131272856 12.404714299319624 12.574214281179435 13.174344974926676 13.30038099401434 13.538595383562217 13.594089793766896 13.698885106542463 14.321858615326626 14.502275895281702 15.71712075063197 15.770005794248656 16.208726960539018 16.545193406838635 16.77238523849316 17.595255766827737 17.6588798938527 17.6848135706817 17.73229428676288 
0.125 0.5 0.0 -10.357348571420605 -8.91455822779084 -6.159224292527197 -4.370163596210912 -3.9409016411814717 -2.9791761296976342 -2.304975014881922 -0.8729063650134361 -0.5738367637106427 0.19328710222717402 0.49592955905768876 1.4640619673877118 3.4325894621382638 3.755661031379281 4.775641504880471 5.06032349204686 5.7093085540400645 6.380807280738308 7.771896078958493 8.209370593967952 8.39568441396426 8.856019793693562 9.692240446770382 11.268310088773934 11.495824976992267 12.4200977300509 12.449890475139886 12.7111372005008 12.979816354751245 13.173682237627903 13.715882518094679 13.738562547912368 13.899855754932714 13.934433997209863 14.48982581110555 15.582527064176066 15.58735578781673 16.081910465835364 16.406642944199945 17.14392131224606 17.443079833923324 17.56089346061072 17.807166850154218 17.84907908988858 
0.1875 0.5 0.0 -10.243947426440554 -8.85321884467797 -6.644899022684872 -4.263275135624921 -3.612700119199617 -3.4435570102878876 -2.2562416314474234 -0.6204954085176699 -0.5246840985137179 -0.11121855354921763 0.8349297920331707 1.3194554696464647 3.2871572539783407 4.238581431255447 4.554410496565743 5.258643399147217 5.919268158832876 7.050698821894413 7.4079780213987005 7.967205783802655 8.267718209857845 8.909813940497251 10.011742467607968 10.820727496451918 11.286595742110292 12.189248593715346 12.608899846100837 12.744009738515658 12.873104711499632 13.134938476500835 13.207538871625507 13.82711947227152 14.076856971196754 14.199848398205946 14.76447187503892 15.25883049622826 15.39206536770145 15.954355096348142 16.19239284084845 17.22049389136004 17.42513538188512 17.52058289705066 17.986494058477316 18.004151264779352 
0.25 0.5 0.0 -10.086995137047392 -8.775879634428968 -7.130481079397336 -4.117784284084842 -3.87818627941322 -3.326921921689874 -2.1947663452323978 -0.6696410748523741 -0.46687310045003066 -0.3672037842972959 1.2237177782840227 1.517536387932674 2.872084606387285 4.333525355808649 5.076451580199043 5.5206098455063595 6.161738391030683 7.011709048504934 7.476494386071247 7.733341297746514 8.344524583558664 8.99339050453255 9.93580296348872 10.74207924979984 11.062798216899617 11.71455879971348 12.399584312022766 12.481838750887093 12.804538813116286 13.027188999902013 13.218919713746702 13.923827075016177 14.485595764413505 14.566278194397388 14.838524377339086 15.13277123014095 15.160175549068784 15.823074668640068 15.923620974659498 16.955895202080125 17.25773329439949 17.85251129724569 18.176149877471353 18.198196417997593 
0.3125 0.5 0.0 -9.889526186416877 -8.691564811034484 -7.595376695336742 -4.251389244616125 -3.9415509274317984 -3.0906769785393378 -2.1300060978361164 -1.1689714955499042 -0.4075441141583964 -0.22249152652766252 1.2764074551216469 2.1968314493880987 2.5258333689786525 4.1315124705095965 5.8286482517958245 5.939099800621853 6.417294347791417 6.632410239984173 6.973453820939942 8.363825280671543 8.433273508855729 9.146880769693242 9.346435906847663 10.818772600072423 11.154119687646148 11.176088349149454 11.585893492295277 12.184014799268208 12.990480736385063 13.158740389692907 13.320356077072802 13.95447967163571 14.44306544299079 14.899146212463373 14.920499884743961 14.929325052516024 15.536273884496186 15.60332064055857 15.69244580626054 16.692820683964285 17.06571789247807 18.120470333147654 18.336002853582574 18.398455303182917 
0.375 0.5 0.0 -9.660599113583055 -8.613937821980969 -8.020241446743013 -4.5379028632914045 -3.7512890700291806 -2.904825898627054 -2.0709021511296575 -1.5899857027724789 -0.3549919103762607 -0.22120947264294344 1.4743205413280411 2.2654826600781943 2.82738099387957 3.969445760033325 6.052185180674048 6.395623450644607 6.445038589975163 6.771376404031866 6.815736326160377 8.518699772467254 8.687783876553215 8.756804519240827 9.539824997460645 10.418621699471705 10.62000797466083 10.939561662607739 11.65589522555873 11.83032787568402 13.182700938343066 13.278681719297206 13.398743496805567 13.754720549373415 14.304804506144965 14.64654304506686 15.01215228352357 15.349622781087678 15.50019302505362 15.583483721232813 15.89993583037481 16.462461494787973 16.866609779930677 18.339432221130462 18.468558558308068 18.544110831036683 
0.4375 0.5 0.0 -9.428447456319367 -8.55908183141772 -8.372917225681544 -4.7217851416623615 -3.585006548258025 -2.783877659027034 -2.0306277069237506 -1.8970650394293889 -0.31902932377209064 -0.2780875003983891 1.687071678769729 2.1014831426110456 3.32594849759302 3.8619393725776687 5.91544264443106 6.008669715231624 6.7631617692613375 6.969895940140864 7.664165086017995 8.063954191739803 8.605187542848741 8.889764918108517 9.655505488609574 10.143163852773196 10.2139117710269 10.703528144946947 11.380614883359652 12.04285677714626 13.35094654792358 13.393736984687996 13.44466503595993 13.492583768364103 14.324963559808358 14.432979417704178 14.699331690217772 15.49209635392429 15.724726126506988 15.74190143275614 16.139842188316535 16.251327700388295 16.657020268907694 18.493664691338473 18.548228609440823 18.602022020976396 
0.5 0.5 0.0 -9.302995046637802 -8.5390003678147 -8.539000367814634 -4.7853903371370246 -3.512978532597977 -2.7413398966080678 -2.0162171531943747 -2.0162171531943445 -0.30646927434112986 -0.3064692743411187 1.7746035468706456 2.044700021844606 3.5338762710985128 3.823713457705767 5.832034308654869 5.8320343086548725 7.0603092511742975 7.060309251174313 7.6879628103374 8.170996155890542 8.866179999030233 8.917279513197832 8.917279513197839 10.057671018280502 10.64397448024958 10.643974480249598 10.945359246172401 12.194507463023905 13.38327176510381 13.42322461370962 13.458985067964308 13.458985067964377 14.33905551994564 14.339055519945662 14.529798368162881 15.459353713441175 15.916042086125847 15.916042086125854 16.101162298019844 16.191359093782598 16.552890247358206 18.565421027235992 18.56542102723601 18.58952109395738 
0.46153846153846156 0.46153846153846156 0.0 -9.405299105547059 -8.520476766596646 -8.439927537698592 -4.736979742688528 -3.5695315875171274 -2.7733771844856108 -1.9984624106386397 -1.9526038635790757 -0.32616789749063113 -0.27428705101731604 1.7053475443824566 2.0877962921549793 3.3841049671001495 3.8519763940761105 5.789299559927076 6.068977050964456 6.725640719570195 7.110778028819178 7.822844177347896 7.95867204133218 8.378089738775241 9.24665171769307 9.381058032774376 10.17902763833684 10.282458899050383 10.598153538953417 11.351892391590503 12.083896173192143 13.305777040977372 13.353614649212966 13.477133243699225 13.547929410695069 14.356319459861638 14.38384295921128 14.657769351552869 15.484458014619852 15.709327899766215 15.83550747180718 16.174617299264398 16.200832089144356 16.631405267889708 18.499870883321666 18.557823948837985 18.601320088649477 
0.4230769230769231 0.4230769230769231 0.0 -9.625748094322352 -8.464915734909528 -8.22881625058939 -4.595887576622084 -3.7148460958782534 -2.863023665921965 -1.9462809899134108 -1.7864251704400604 -0.39472269204616034 -0.18454442885725575 1.5061759036759736 2.214520766504011 3.082126958811904 3.928475511242866 5.662503414661741 6.1877439266844405 6.629131737593946 7.246873990437659 7.2620931021917485 7.840834952818607 8.32968386715327 9.595070059958104 9.788324724205934 10.021588471654054 10.5181410883176 10.520392400054746 11.82014770421302 11.897423690848125 12.962675592065697 13.174921070370504 13.708682091988775 13.712087835019624 14.401657939530173 14.479597100855123 14.925693563635722 15.35448079514137 15.558405532787361 15.670887338062293 16.10727903473491 16.28002448849616 16.798186371545118 18.340227297602787 18.527408899106305 18.564570876807252 
0.3846153846153846 0.3846153846153846 0.0 -9.877598025299228 -8.372661886364225 -7.98848399311038 -4.374276561157579 -3.9068235898608035 -2.989678606493356 -1.8605416432514414 -1.559439632020881 -0.5403925954719728 -0.05314160863761728 1.2251293481090535 2.420916905146792 2.7971769243639244 4.02542930016331 5.43197952693066 5.699571736877629 6.633400659873266 7.265747625357281 7.287147200894356 7.566481439353771 8.636032760930103 9.293516240903656 9.913926739881354 10.459785361334013 10.65455403036425 10.998957235479534 11.512182850540608 12.452915939401109 12.54919459423891 12.924923557988182 13.726790917522958 14.029524238411875 14.475325502286685 14.591088440110765 15.054344545515283 15.191785516832715 15.519897836016172 15.664293431667744 15.980014494223012 16.341138782610027 16.967289375618783 18.094696368999042 18.47011357189829 18.472647210957998 
0.34615384615384615 0.34615384615384615 0.0 -10.131049896584429 -8.242929238367799 -7.743313923880231 -4.11386241475935 -4.100254209363268 -3.1171142636732765 -1.7397165850328489 -1.2975084353121873 -0.803534115277206 0.10686081656147152 0.9526928774567975 2.5686436067792195 2.7046441965683927 4.054978437695432 5.101683087025568 5.396548447825729 6.016572872430937 6.7274377972284 7.655398435282725 8.242851739967278 8.87708744088101 8.914156629333299 9.757534548514153 11.01260215403558 11.035622496424438 11.106701353484905 11.645828381575843 12.110507512476168 12.632583902472529 12.999587651760171 13.37530087398163 14.396901280300542 14.587992550751657 14.688555059426477 15.028171296631465 15.250352536462024 15.592114150799498 15.813672054683849 15.839402301936836 16.408313531353215 17.12222320874086 17.789046985585422 18.34044308009754 18.390735391673072 
0.3076923076923077 0.3076923076923077 0.0 -10.371390348257812 -8.077990500761283 -7.4999045604381465 -4.3186289346953775 -3.8761956698414815 -3.139691319522524 -1.5865273692022477 -1.1987990508614526 -1.0134360564472362 0.28164651941284247 0.7498328390573912 2.3965450409572364 3.0573201375008656 3.8399988004577077 4.916240809748023 5.235092792413615 5.401293943748761 6.167587929538853 7.968749995249578 8.564263288557282 9.041851902716058 9.053631860632231 9.538167052911053 10.799035591781863 11.475579485761953 11.564143714940869 11.670124280538317 12.228356910451351 12.309128387568572 12.776955862173063 13.518003507782552 14.726693840233102 14.761859667448416 14.793773483463083 15.147475539773753 15.151690818822491 15.761841700654296 15.83155128889391 15.973710224732761 16.48461721510371 17.245628989352763 17.438146718588108 18.180304127151338 18.28891112371384 
0.2692307692307692 0.2692307692307692 0.0 -10.593538233906623 -7.87613076257539 -7.2571773218518 -4.511505174077142 -3.874890011110252 -2.887295896630447 -1.6943675564343141 -1.400123913210737 -0.7133639419850313 0.4639873757507482 0.6182174362050182 2.2727851778098445 3.4272306889197943 3.4684834347701528 4.713104808555473 4.797803199672271 5.342439075386298 5.611268844596852 8.253964290564715 8.280357613773752 9.121525450040476 9.312672341689012 9.862654615259894 10.519477876883771 11.268518441926203 11.875194897853394 11.99615155754556 12.069586159449333 12.0999667622035 12.849068570756238 13.977247571681943 14.868560119222451 14.913858424310337 15.068078762279821 15.1344596008833 15.198733616836144 15.841419272731175 16.06992285272228 16.142919596452536 16.568544481013543 17.061908600665618 17.344928214693745 17.993336914982372 18.16837077391718 
0.23076923076923073 0.23076923076923073 0.0 -10.79194823008644 -7.6395286418209905 -7.014338523401988 -4.6859017750096035 -4.027339425057987 -2.437996961093863 -2.2411451972823864 -1.1824766430625928 -0.3968151080333459 0.5310540413762966 0.6471688947616517 2.1929711342313087 2.9782304020156993 3.9158721320387175 4.214262375684693 4.42478752173583 5.081222664920088 5.62495554891428 7.984948786208475 8.578974602791419 9.085402425394095 9.099452319383172 10.300791114736825 10.447057799559397 11.115749629275268 11.39297865735576 11.543323548013797 12.382823310235734 12.616372192353872 13.40065803383742 14.359722913540782 14.947841804169894 15.038481239732302 15.159435361927686 15.164088796533914 15.45941625727303 16.04751906065019 16.279104008743047 16.309360835687553 16.68118241968258 16.69216803990218 17.404687988280706 17.78479409658514 18.044603869746727 
0.1923076923076923 0.1923076923076923 0.0 -10.963481013247831 -7.366793472917542 -6.768943791684178 -4.83833326490185 -4.2280657927540295 -2.808011852405259 -1.9082330406169592 -0.9358196019089738 -0.0645932808159927 0.4636071743886737 0.8250672162322641 2.1520775435494257 2.5569820763580955 3.648609807457158 4.092207498180044 4.228561406024797 4.738811578628916 5.965348159249894 7.756671335304431 8.852670921718127 8.893899988874711 8.936993046096163 10.145100065586908 10.304350891704681 10.767583543638722 11.123554491665562 11.699943748876487 12.815011360296905 13.090667296964725 13.901568921438345 14.642754867183692 15.020897400396088 15.043051928535693 15.125863817892782 15.435961605361697 15.727768904808634 16.272620414274115 16.282205176552818 16.45277696115602 16.52882078461834 16.799038331926575 17.43186412303862 17.556906052909028 17.89660677098843 
0.15384615384615385 0.15384615384615385 0.0 -11.106146166848164 -7.059330040072787 -6.521516076342576 -4.96499226177273 -4.445519582517571 -3.3714149556565265 -1.3431914765650212 -0.6625882998287352 0.28609738256974476 0.4077953712606368 0.9952768446722587 2.1419243680077646 2.1897494522174092 3.1119134529657444 3.7198862985198566 3.882149307154678 5.105324264124465 6.323942872085975 7.573970232730865 8.691483939567421 8.718367848394966 9.080839982900038 10.011377405594427 10.014608897522098 10.235604095112066 10.689052887403687 12.441090830801897 13.234673078714682 13.517512741485932 14.326473850494768 14.858584320972378 15.081338530066875 15.085230184268825 15.124840994434908 15.71867565375484 15.937420369843784 15.981651179863135 16.456174860577192 16.587593470840652 16.680271955918226 16.940191042491847 17.32585888899381 17.431096613848066 17.745006203238002 
0.11538461538461536 0.11538461538461536 0.0 -11.218370080768075 -6.719127099292034 -6.274514489022911 -5.065859017953268 -4.66971377543405 -3.918411786918055 -0.7771745143734016 -0.3704643963752 0.361263574181879 0.6553641901664485 1.1600989162314934 1.8905145542672328 2.149154288613966 2.612727750384798 3.310076296832651 3.3914643252984638 5.658487201938783 6.671251799061148 7.435249535386302 8.47525880420626 8.48223899228235 9.255820262478766 9.76695247525559 9.805220661787876 9.893935938017606 10.266424900250072 13.140088234807717 13.628370374019617 13.880236674413805 14.664142026469213 15.027114113089656 15.126537405407163 15.136099339627654 15.151504172611526 15.684215747231667 15.966220077109892 16.105404315084357 16.582870764542903 16.67569994955026 16.830075945231993 17.092709456578458 17.099649808058814 17.40918410073041 17.60071453141768 
0.07692307692307687 0.07692307692307687 0.0 -11.2993651778097 -6.350267686013763 -6.034573727173235 -5.1392325743373535 -4.893313816724848 -4.439153591401113 -0.25559292385166577 -0.07614498852895146 0.3224483045641662 1.0397343012292404 1.3240812366638266 1.6690905186888005 2.1647121139700687 2.1688672155329507 2.8699168414485547 2.9060819558920197 6.23682127581675 6.967417298105282 7.335112791837575 8.202723697419186 8.27237126392126 9.34475547979147 9.523219526216216 9.610714577219703 9.749844562328855 9.907070439338616 13.741022705802877 13.983101860206025 14.157292908001091 14.899662353287674 15.145804057240843 15.151712093158602 15.16668364815728 15.188832651348601 15.43783693411214 16.15066370373129 16.214843231987103 16.6580841546863 16.71783228468337 16.9013685127724 16.95004378107615 17.2264363247574 17.390130253375276 17.476665006607963 
0.038461538461538436 0.038461538461538436 0.0 -11.348208940810576 -5.969708728361186 -5.822623697517428 -5.18401182911164 -5.095692414386909 -4.913075577190432 0.13931636899315689 0.17677918763837502 0.29890072481746494 1.4270239829879714 1.5001242682513878 1.54974480830782 1.824235263273614 2.1776051960852083 2.4366065858098187 2.456189725149694 6.807469199857925 7.175072417836384 7.272816524474441 7.840872322493084 8.129498343278545 9.331216411578488 9.359683230946182 9.577862869604983 9.632493268836503 9.666241446324529 14.201532630804769 14.264325858592116 14.333300330451458 15.031366380944492 15.113428822076578 15.135466257237168 15.229566013167435 15.236620745534786 15.278428585218066 16.259196410243632 16.27525676842737 16.6978762985061 16.716239914607065 16.76229222232786 17.022220586146833 17.31789594987582 17.37124431480186 17.389542027514146 
0.0 0.0 0.0 -11.364511238657922 -5.715243461796682 -5.715243461796662 -5.198349438236887 -5.198349438236859 -5.198349438236793 0.2941826620810168 0.2941826620810602 0.29418266208108834 1.4805678470312178 1.6816389581748672 1.681638958174918 1.6816389581749271 2.1848155385199766 2.184815538520038 2.1848155385200925 7.252223087540408 7.252223087540425 7.252223087540434 7.46925934286988 8.079313690336805 9.30827681673598 9.30827681673599 9.586211065531502 9.586211065531536 9.586211065531542 14.397403168717755 14.397403168717767 14.397403168717792 15.071721177590787 15.07172117759079 15.071721177590813 15.261942103756535 15.261942103756551 15.2619421037566 16.30192252470591 16.301922524705958 16.717601751545303 16.717601751545313 16.717601751545327 17.04943154386536 17.37473540403042 17.37473540403046 17.37473540403049 
0.03125 0.03125 0.03125 -11.348356658973982 -5.899192695907726 -5.899192695907723 -5.21125962433432 -4.98755743806616 -4.987557438066125 0.1559845524870392 0.15598455248707396 0.31039119756017414 1.3500976135495322 1.5266578802504998 1.6994851763142516 1.6994851763142775 2.3076793476001263 2.307679347600173 2.4755726565811744 6.791512516341902 7.239646949314509 7.239646949314517 7.825038123203947 8.129853141810178 9.345656631007937 9.345656631007962 9.60491986900356 9.604919869003579 9.66558177145205 14.244410100948356 14.244410100948372 14.311410896434401 15.044694224170831 15.118996182993166 15.118996182993191 15.23767511135538 15.237675111355406 15.270414689015162 16.26761433013322 16.267614330133238 16.7145196262006 16.730766717532667 16.730766717532678 17.022590235773038 17.344309342164017 17.344309342164053 17.381929935489925 
0.0625 0.0625 0.0625 -11.299931420752978 -6.19564202422804 -6.195642024227971 -5.2477271852901906 -4.609413758344551 -4.609413758344544 -0.1689582384865417 -0.16895823848648872 0.36647716479076603 0.833347187636399 1.659424291050102 1.743301677589511 1.743301677589531 2.614695470957452 2.6146954709574914 2.888425385117012 6.177142329744998 7.206276874441751 7.206276874441803 8.122122920721177 8.293852886514765 9.442546898361764 9.442546898361776 9.678527729799123 9.678527729799134 9.893135811322404 13.891686398172983 13.891686398172984 14.075379967396671 14.97224779826017 15.082009174899701 15.08200917489971 15.272025763896035 15.27202576389605 15.310221217213249 16.18020240107197 16.18020240107201 16.712941221231322 16.789747453438917 16.78974745343894 16.945168822702737 17.305436518960825 17.305436518960864 17.45465933522659 
0.09375 0.09375 0.09375 -11.21950878411193 -6.488131875619227 -6.488131875619184 -5.304541817689414 -4.184512992299096 -4.184512992299064 -0.5743262525107447 -0.5743262525106992 0.2876254079675948 0.460223208882064 1.8057037113194752 1.805703711319495 1.8757051274028895 2.999906741748863 2.999906741748866 3.2677806793927284 5.533300763708747 7.157283506246396 7.157283506246422 8.27962384547637 8.576656086917064 9.543720803866286 9.54372080386634 9.844963707200511 9.844963707200517 10.215759811568514 13.43771681596387 13.437716815963885 13.710662801893278 14.862486711066484 14.911537849981102 14.911537849981125 15.35442029732466 15.354420297324733 15.382203236984301 16.034279056069295 16.034279056069312 16.715344899771047 16.82106593098981 16.859396495818384 16.859396495818405 17.272521932424304 17.272521932424326 17.54285031349077 
0.125 0.125 0.125 -11.10760482695586 -6.758861300431322 -6.758861300431291 -5.378526491913428 -3.736152122259858 -3.736152122259843 -1.0002549403548633 -1.00025494035485 -0.26768063858867636 0.5892615411565392 1.8874801330934643 1.8874801330934707 2.1661289717689916 3.4077998531835068 3.4077998531835187 3.5831658880806248 4.89475545025659 7.104462510899675 7.104462510899678 8.370409880415261 8.927508271923575 9.593306249342548 9.593306249342552 10.130252414435217 10.130252414435226 10.576140677047707 12.912001811540875 12.912001811540948 13.242992016913878 14.664602800516828 14.664602800516837 14.713238872616968 15.432473211391981 15.432473211392 15.478044993961078 15.823820508679884 15.823820508679884 16.618425986144786 16.739266878821052 16.908023568718274 16.90802356871828 17.25458494993682 17.254584949936845 17.6271924891379 
0.15625 0.15625 0.15625 -10.964434910140952 -7.003689902938195 -7.0036899029381905 -5.463592315526156 -3.2810558747093173 -3.2810558747093004 -1.4075259472582495 -1.4075259472582085 -0.8189881612941002 0.754309979337974 1.9878805480395372 1.9878805480395507 2.518354785433335 3.758047726697382 3.8149502766439043 3.8149502766439194 4.364588221679093 7.060456054899901 7.060456054899923 8.429631044464037 9.33969815769298 9.606573351008482 9.606573351008523 10.50532090685466 10.50532090685467 10.935783034380252 12.345893075875974 12.34589307587598 12.711261032708288 14.35619063997492 14.356190639974951 14.531727855916325 15.501488974089837 15.50148897408987 15.58605207067213 15.586052070672142 15.612504859457482 16.38866477336985 16.741702428002046 16.920172613798773 16.92017261379878 17.274800327267222 17.27480032726733 17.708819714584003 
0.1875 0.1875 0.1875 -10.79086397442537 -7.221398114515642 -7.221398114515598 -5.556247695352149 -2.870961668628003 -2.8709616686279777 -1.7316889464275436 -1.7316889464274938 -1.3580197781151981 0.9543004359433848 2.1048636195641657 2.10486361956419 2.8730169972826514 3.492911142783779 4.211967631361855 4.211967631361937 4.307339954561602 7.037654412301839 7.03765441230184 8.476378685260535 9.583537358449618 9.583537358449624 9.781007120543515 10.892661170974621 10.892661170974621 11.274998875181804 11.809295365737519 11.809295365737533 12.131621739387855 13.993053983669228 13.993053983669247 14.316578345681341 15.23379536117742 15.233795361177453 15.672068679021912 15.672068679021946 15.786863630677168 16.120304901088648 16.75635245773401 16.90143696127517 16.90143696127519 17.321782191131437 17.32178219113146 17.777471967549154 
0.21875 0.21875 0.21875 -10.587830083097499 -7.412183350314476 -7.412183350314418 -5.655678035355102 -2.7118605267196076 -2.7118605267195326 -1.8796656854486378 -1.7634514494172073 -1.7634514494172042 1.189151093552329 2.2352021413736383 2.23520214137372 2.7138410915142033 3.55789832629601 4.477524016607492 4.594704260873608 4.594704260873622 7.041640628067686 7.041640628067784 8.525935030550347 9.52474355614931 9.52474355614932 10.206056519129895 10.840181272405676 10.840181272405696 11.519787895501524 11.612989354625313 11.755183700437032 11.755183700437055 13.585303055137768 13.585303055137812 14.070097673591754 14.875453036515278 14.875453036515285 15.764160284227035 15.841726508815578 15.841726508815647 16.02035510449394 16.788236854893565 16.867880314408264 16.867880314408332 17.377609156021073 17.377609156021077 17.830676999760353 
0.25 0.25 0.25 -10.3567791805274 -7.577078690831975 -7.577078690831841 -5.760268005286961 -2.909739600967674 -2.9097396009676495 -2.375954472435754 -1.3918153444504764 -1.3918153444504655 1.4585382347304587 2.177520964783479 2.374775280709323 2.3747752807093314 4.047405307907921 4.6527803030431425 4.959191184126319 4.959191184126365 7.080473851602394 7.080473851602403 8.582340660067208 9.436728435750348 9.436728435750348 10.278445899160666 10.27844589916067 10.556300476545502 10.895565823820855 11.987894101876385 12.244939235390055 12.244939235390076 13.145519536758865 13.145519536758869 13.798527359887101 14.475857496870253 14.47585749687026 15.392526218438443 16.041303042066804 16.041303042066815 16.21147023783592 16.830390205192835 16.83039020519288 16.859215410603227 17.42882690928013 17.428826909280183 17.86498884179874 
0.28125 0.28125 0.28125 -10.10091298850723 -7.716645146630428 -7.716645146630379 -5.875916152543196 -3.2041586450853328 -3.2041586450853194 -2.8395197847653413 -0.8786246678873664 -0.8786246678873201 1.6405013311188281 1.7526159335482736 2.519393944872586 2.5193939448725944 4.610505350382503 4.812417897282583 5.303686105416082 5.303686105416108 7.160652852855603 7.160652852855678 8.653049763442162 9.305609632346114 9.305609632346142 9.662475450771248 9.662475450771305 10.260020540810576 10.790058715509346 12.444523572216015 12.667693082132928 12.667693082132939 12.833534154205712 12.833534154205735 13.497413576299063 14.053027822005523 14.053027822005555 14.969461453926883 16.253079473275566 16.253079473275623 16.34437516540459 16.794817205130354 16.794817205130368 16.98286778205779 17.477543461237293 17.477543461237428 17.893990113382564 
0.3125 0.3125 0.3125 -9.819568677806341 -7.831721366171108 -7.831721366171058 -6.008717498636554 -3.4942633052822 -3.494263305282184 -3.2583222028400534 -0.32680563800434215 -0.3268056380043154 1.1448288015676884 2.0685847553784935 2.6652098772436315 2.665209877243685 4.950266786957541 5.2151183972002775 5.619066942659541 5.619066942659554 7.2855510444023635 7.285551044402374 8.73572055377208 8.89322782432626 8.893227824326273 9.3177952482428 9.317795248242817 9.63191275353392 10.916264099366431 12.184521374496216 12.184521374496242 12.910059644446742 13.234747052998122 13.340241094481863 13.34024109448187 13.704349565460229 13.704349565460259 14.518904460450898 16.406304651932 16.445881894305515 16.445881894305522 16.77316588248254 16.773165882482555 17.162178524816934 17.524328223936855 17.52432822393686 17.919088792115385 
0.34375 0.34375 0.34375 -9.516814615658987 -7.924969704195945 -7.924969704195898 -6.169532737226203 -3.755521697435166 -3.7555216974351477 -3.62073876372932 0.23414567009179985 0.2341456700918498 0.7025073620546518 2.405887033293562 2.814799071665415 2.8147990716654516 5.065795853262623 5.8481300572670625 5.890489938334276 5.890489938334329 7.45908526633603 7.45908526633606 8.274860215186306 8.274860215186317 8.831586164590307 9.022532783976215 9.211294615032113 9.211294615032182 10.964217657173291 11.698115751518325 11.698115751518337 12.762432815586982 13.073306803545833 13.073306803545835 13.596888497500148 14.061293529530746 14.118242939567988 14.118242939567995 16.42215064620352 16.573217991011077 16.573217991011095 16.785829301284597 16.78582930128461 17.301707621980256 17.58760808800669 17.58760808800671 17.93330917052699 
0.375 0.375 0.375 -9.197069785658664 -7.997177900985887 -7.997177900985736 -6.367317684480844 -3.9774304830589884 -3.9774304830589515 -3.914613644928332 0.324739816781854 0.779477901889787 0.779477901889792 2.751954676254201 2.9701998904133053 2.970199890413336 5.160123331216617 6.081100285567519 6.081100285567526 6.496941040153879 7.676287624927347 7.67628762492735 7.69552882616492 7.6955288261649475 8.448140374542612 8.934048013450578 9.153345137674721 9.153345137674755 10.955404259159486 11.225090790528375 11.225090790528421 12.398805978072184 12.63084873432025 12.630848734320297 13.621618365515205 14.176380339216212 14.689815549440892 14.6898155494409 16.420815802822386 16.60662839440203 16.606628394402033 16.83245468433843 16.832454684338437 17.35234927601683 17.681383385498453 17.681383385498467 17.94452610627573 
0.40625 0.40625 0.40625 -8.86752776349373 -8.051262741518553 -8.051262741518544 -6.606400867569235 -4.157017590924712 -4.157017590924694 -4.13500502766397 0.020081865274105017 1.2795195253905003 1.279519525390537 3.091754992016578 3.143960180121138 3.143960180121154 5.231089159757334 6.096062517237522 6.096062517237531 7.1470495555379205 7.263511619649804 7.263511619649858 7.92426184731391 7.931980849061641 7.931980849061674 9.027550835517511 9.129321306157978 9.12932130615799 10.782739710284401 10.782739710284408 10.885016346602164 12.016829727663158 12.199527987046991 12.199527987047011 13.244088893750893 14.74968215886164 15.212822445852856 15.212822445852924 16.406781376666284 16.595606847455976 16.595606847455983 16.835931611224616 16.835931611224634 17.26875140281414 17.775116439765714 17.77511643976578 17.93925802862326 
0.4375 0.4375 0.4375 -8.542299391688788 -8.088144470944654 -8.088144470944595 -6.872783148912213 -4.2869567352638125 -4.286956735263803 -4.283138002087901 -0.2036697349529024 1.685793668421315 1.6857936684213426 3.3536923038302597 3.35369230383026 3.3932930166183826 5.284072347699439 5.844851297807149 5.844851297807177 7.09334414288341 7.093344142883481 7.490982311933123 7.775612716989601 8.208316720078537 8.208316720078605 9.094318338824422 9.125541471822444 9.12554147182247 10.407213478579298 10.407213478579344 10.73146717367547 11.696659290827748 11.824960430971151 11.824960430971204 12.954493794244438 15.30797805960995 15.673655208063357 15.673655208063384 16.393711047341377 16.579981864761535 16.579981864761553 16.77432403197979 16.774324031979802 17.079119154332133 17.865966043005336 17.865966043005347 17.943138505356526 
0.46875 0.46875 0.46875 -8.254707981602389 -8.1098365813021 -8.109836581302051 -7.128649377733453 -4.36699572103856 -4.3669906070683115 -4.366990607068303 -0.3409425149257096 1.9516030143905436 1.9516030143905507 3.58257684739013 3.5825768473901918 3.6176081555943225 5.314213196732463 5.496195045176166 5.496195045176168 7.077286326384173 7.077286326384179 7.192777023961494 8.32893587146421 8.47510666272035 8.475106662720354 9.084149873567018 9.084149873567023 9.089773813102141 10.157606678586228 10.157606678586236 10.502304354790416 11.50788539771981 11.554353107345273 11.554353107345316 12.7740900678021 15.802376777539799 16.043775251608093 16.043775251608125 16.36677193593569 16.54603731617287 16.54603731617288 16.669727622973603 16.669727622973618 16.80468081588514 17.920017321564384 17.920017321564487 17.941935747374128 
0.5 0.5 0.5 -8.11688212264268 -8.116882122642663 -8.116882122642647 -7.256600346835962 -4.393565452927516 -4.393565452927404 -4.3935654529273735 -0.3870797608202637 2.0390652289154336 2.0390652289154656 3.6999155784839473 3.6999155784839513 3.69991557848396 5.324447979053389 5.324447979053394 5.324447979053449 7.083602385968948 7.083602385968957 7.083602385969007 8.618974347019483 8.618974347019497 8.618974347019497 9.025423601009415 9.025423601009525 9.025423601009527 10.074111930588023 10.074111930588044 10.375861437323696 11.453082875680028 11.453082875680044 11.453082875680066 12.712236508170845 16.165109948627297 16.25379484853963 16.253794848539673 16.2537948485397 16.46193679800046 16.461936798000465 16.62341479556013 16.62341479556014 16.623414795560173 17.94254397616379 17.942543976163826 17.942543976163837 
0.4642857142857143 0.5 0.4642857142857143 -8.23028223458589 -8.13005328833148 -8.101085969003321 -7.1420074228726635 -4.379426416980924 -4.379126530133922 -4.352860437674673 -0.3469180551883664 1.9294643604476263 1.9980134519006305 3.5678298110563014 3.6045088458985495 3.6439743958427706 5.35048016382507 5.414992460871817 5.504335211572307 7.058272154357742 7.112138623923804 7.163996229539351 8.394875711684413 8.445297010921784 8.493033997976447 9.054891007179204 9.075842621916136 9.1273769460248 10.123436338816814 10.162285023734503 10.489736290199486 11.504654644053709 11.529310413719637 11.550412764415697 12.766162069026427 15.826099213365698 16.062378920583317 16.10670044653767 16.31477411820664 16.501025566829387 16.604640217535874 16.621094407874935 16.727092434601015 16.75814126814273 17.915400978265932 17.933897374843742 17.939143204456027 
0.4285714285714286 0.5 0.4285714285714286 -8.471020502399659 -8.168120025848955 -8.053589823842701 -6.897934248027396 -4.336316958475516 -4.335376091626424 -4.229062441232991 -0.22763877366769464 1.6107449721807992 1.8788770166351862 3.3076357251372444 3.359843557912796 3.482387391712716 5.4186164149818365 5.639205618997553 5.875015425582269 6.9913644232740095 7.192612689272581 7.4167867993088095 8.002987887038758 8.080716086416622 8.193757414448141 9.14472783946908 9.15349568550161 9.16243831251366 10.291966198302992 10.365449082982694 10.732624371926473 11.643651951020646 11.762319557380795 11.821628437844042 12.923741928771996 15.341038068070814 15.76877324389373 15.836556261148589 16.225158600641116 16.530348378072002 16.5466124417237 16.823007201661742 16.859346477894224 17.013363450971966 17.855095472813684 17.912381790938227 17.93742559273951 
0.39285714285714285 0.5 0.39285714285714285 -8.744458181902901 -8.228281735705924 -7.974547084212091 -6.621623264344808 -4.265967123200891 -4.26292403748098 -4.023695846505731 -0.0334734238811511 1.1387759365791177 1.694707169774938 3.0390082217215832 3.0571878362799825 3.2318864767572104 5.500612994187358 5.932056272856753 6.245918966012306 6.889822258846997 7.307081310481825 7.583114013184339 7.671006975919763 7.833494208884179 7.855432094181448 9.032579524526573 9.27235889359737 9.289897342272265 10.541221379866455 10.621028001994747 10.98283276434238 11.835279023518662 12.132577440327017 12.21567343664613 13.17568849532032 14.77637309599825 15.449753211135718 15.529820786554417 16.067267765622987 16.45059264954993 16.561479094307455 16.88517303238699 16.992580489449367 17.225797534585922 17.79299628696606 17.877046566474565 17.925982680866372 
0.35714285714285715 0.5 0.35714285714285715 -9.016162028692083 -8.30522423683924 -7.864427782967209 -6.347432915211566 -4.16674028326209 -4.163035767619613 -3.737608794412859 0.2299163234244205 0.5787597661113176 1.459458612069044 2.6748296288752713 2.8257256196039098 2.9167941129970636 5.546401800906536 6.249882657547699 6.557145666145103 6.778253425633036 7.169398820022882 7.289553084010446 7.361196998649344 7.546503210380967 8.449092407332234 8.826923367310036 9.406971723932589 9.484044435550633 10.81703896572118 10.911777582912535 11.210196105193877 12.055489922576202 12.586387787576223 12.674152697691532 13.500980309859608 14.164823416686303 15.11157017055967 15.20869508428618 15.861921125385855 16.312336852658156 16.599024984978175 16.748813995634933 17.12968167864459 17.38258918166561 17.782354200948053 17.83957228590791 17.905840618018736 
0.32142857142857145 0.5 0.32142857142857145 -9.274294294157201 -8.394442108785753 -7.723672726518786 -6.085981421597599 -4.042183048070162 -4.036324658965828 -3.3766356243478093 -0.018285662499419694 0.5550317689286969 1.1896805047500265 2.2923205226931374 2.5486820668192913 2.618281241558602 5.499541995524387 6.547651239495072 6.640634125883303 6.8087363232518365 6.817421916943854 7.031398233712544 7.057248603934354 7.643495557331064 8.57770031757551 9.136242798373658 9.573927520232346 9.726384869823182 11.089106126240695 11.229691390603824 11.410845103856639 12.275122395821494 13.053263777549315 13.149201212707927 13.550454803461673 13.868518653673958 14.756989099018904 14.876851821232847 15.61847232978652 16.128393889555277 16.461764420181595 16.634223697244234 17.22634539075047 17.48928990181943 17.794295839772477 17.80239922907965 17.870933451639136 
0.2857142857142857 0.5 0.2857142857142857 -9.512334393583515 -8.489113434937932 -7.551519848604606 -5.835543008650355 -3.8905475460751853 -3.8817494861858854 -2.9496309625292283 -0.6281661414429253 0.9016870191726317 0.9341659267292123 1.894930252863643 2.156445643960502 2.4268191731864155 5.331373065262956 6.379254568315125 6.401730814209928 6.729130785191546 6.948826012515375 7.005738644925856 7.050928060838809 7.807447516692686 8.302267096019994 9.772280513290816 9.86136073369825 10.02666754149957 11.366121431786182 11.570496534605821 11.57219088869326 12.485963216839984 12.886872662319744 13.590247338151121 13.625107782950051 14.252093436904133 14.405692872270487 14.566350130507015 15.35787378830016 15.915597026965816 16.082096730996668 16.675379695219707 17.293880689955678 17.558285289809657 17.757064533161692 17.828057636320413 17.832871211569767 
0.25 0.5 0.25 -9.727140080048182 -8.584711919506447 -7.349095292770126 -5.596273564967404 -3.7139470875274454 -3.7031444907475386 -2.4711345385408476 -1.233165070537246 0.60203045656429 1.3578605721181427 1.4913441094502542 1.745052821493208 2.2502378978454676 5.06559127378981 6.060918254331667 6.120468672103808 6.430045436513978 7.122914101961793 7.262512894078616 7.264727731198546 7.979367083176746 8.008787561434778 9.992442218732215 10.2833589468067 10.668307205607881 11.601862094168466 11.635485808445067 11.924499867559872 12.411107723807026 12.666963451284648 14.035954890823305 14.05964977597544 14.071962783321775 14.218255298929222 14.680868098734203 15.083975674878769 15.645789736362927 15.678075807902916 16.702023994862362 17.331802790490535 17.58609736798304 17.72226936104441 17.78050728256109 17.8453669305793 
0.2142857142857143 0.5 0.2142857142857143 -9.915602879238191 -8.67577586796508 -7.117417194834027 -5.365691712312315 -3.5139082686991845 -3.502222372587777 -1.9545122431133908 -1.824903748046945 0.3077602012748257 1.0838335484973534 1.3259594972098652 1.8230612466153533 2.0944577116907985 4.745302009927834 5.778278585494059 5.842410725333171 6.170893748448816 7.294506517441268 7.460616307435526 7.502652636823661 7.764424645174574 8.152172156396524 10.222229971426716 10.59504191149319 11.331460286694828 11.421303427906034 11.900317902851324 12.252612592116892 12.274728041219703 12.80884275366342 13.730032595178228 13.946642128729815 14.441013845950707 14.460810643188792 14.815323755936534 15.029486811738572 15.212678495315476 15.439024210391437 16.71178674238673 17.344977622139357 17.604624920709973 17.69534379596413 17.723042567253504 17.839732204430945 
0.1785714285714286 0.5 0.1785714285714286 -10.07736309415422 -8.75920675764251 -6.8567658895226975 -5.143748553926957 -3.2945581815340024 -3.281163573470421 -2.394038817755805 -1.4306087816282635 0.04579881811017677 0.6834045142129546 0.9106656885685351 1.9557136324648243 2.3132210303178637 4.385030025571659 5.5364142728055485 5.579505392021409 5.949009882347777 7.285624083513091 7.484471169903069 7.645025054019942 7.934086186514736 8.32019434726129 10.388845496267823 10.893891887989156 10.964086714277428 12.1513257570556 12.154250304103357 12.283051351366288 12.608098347921564 12.889834692508396 13.437962809112317 13.718767589256768 14.497815783501794 14.735375114520348 14.738396205031666 14.850100062652162 15.273077477649755 15.397202195298496 16.70776009330946 17.32347007287286 17.60269329087169 17.671811058271295 17.68118492344335 17.82095215096745 
0.1428571428571429 0.5 0.1428571428571429 -10.20965717974684 -8.830379460142774 -6.569806235974677 -4.934721174932165 -3.0596079553014146 -3.0463666238959477 -2.936336605421922 -0.9861036647719674 -0.089601746020644 0.29689606513763617 0.5104477714175828 1.8407880287933058 2.82523779816689 3.9861357563316235 5.3401805209608595 5.345937019307101 5.767618352312203 6.924776111630056 7.675236907084606 7.811858593626525 8.202624950056418 8.476599701774932 10.222111388114058 10.957927179403887 11.17014944655782 12.336360580576764 12.368523026201554 12.7723310006648 12.90375670620017 12.914397751953308 13.253982882820596 13.573859018367408 14.248957620956823 14.344154721556277 14.726466710572472 15.156093668070604 15.346228580660132 15.694160221706571 16.6892237170325 17.243680774846442 17.618447128115886 17.63474462436162 17.679305450091437 17.792855909473154 
0.10714285714285715 0.5 0.10714285714285715 -10.314207737327695 -8.889158026550568 -6.262948326442731 -4.747214490311419 -3.4454679637428787 -2.8216236044135448 -2.80815831208797 -0.8635032335815295 -0.06415690374552845 0.13783380374888002 0.14624196180185614 1.7486303946095103 3.343552742097978 3.5393484826791344 5.148773427346124 5.189762707733288 5.62627825670526 6.524588565171152 7.851613023518575 7.953581368286605 8.445865926080348 8.612322636372623 9.882347651989528 11.18906220575723 11.404710660057203 12.35827003081728 12.478560870820282 12.81798490882185 12.929103197988638 13.165134669671822 13.48340491265074 13.62790122992311 14.007922048907693 14.010451969110502 14.562436800980016 15.41033515521829 15.530996872667814 15.93434985133288 16.66283145428808 17.07895994929435 17.62019796728491 17.62720744117932 17.68177187208952 17.756158318385946 
0.07142857142857145 0.5 0.07142857142857145 -10.389194038251285 -8.932329404879118 -5.944450274193532 -4.5944076587871185 -3.9066155144017185 -2.5951107160288567 -2.5854521380195687 -0.9660971579567508 -0.3778887926652359 -0.1824801351067828 0.6617921616696144 1.6823959491336395 3.0454113699920957 3.853491470611229 5.00505180088147 5.088270686114507 5.525362669843192 6.103356841578616 8.006150543588767 8.064435698915272 8.640667871234578 8.720387161322591 9.592039971805624 11.438677175186713 11.584861588161964 12.342706956804909 12.455952453002533 12.666521065227391 13.051040859828806 13.358811791910925 13.407176664660216 13.763530894634087 13.807723979094344 14.172451376814601 14.40959415471397 15.608004387499143 15.69307446820188 16.11636056839204 16.630171901064745 16.87558797287218 17.63049017028579 17.635967343701488 17.6853462425248 17.72209102791596 
0.035714285714285754 0.5 0.035714285714285754 -10.433619521783383 -8.958201519211254 -5.653334492104315 -4.49375848053142 -4.285346617919583 -2.4173941723902854 -2.4144825992498617 -1.07036292188479 -0.6090905896732564 -0.4141124332925103 1.2309721421552091 1.644514201950793 2.5223863281435106 4.3071181633679805 4.917719484706548 5.043112456297984 5.466129161292862 5.690067832824471 8.116510875476338 8.135150486967463 8.767831401675535 8.789549976953653 9.398042147568248 11.648898782792347 11.700700932074158 12.292293045449052 12.39643981752931 12.557122129642584 13.19735130705362 13.338380401837592 13.480379375565965 13.599805223091142 13.674215932558552 14.302412020853314 14.581292823258618 15.734568399264633 15.791834970185894 16.228661338739656 16.601607773716992 16.682033037210978 17.643635148569253 17.647182008225233 17.690716124108995 17.70017362453606 
0.0 0.5 0.0 -10.448697179037453 -8.967294332430383 -5.5125545234628985 -4.458218575693286 -4.458218575693257 -2.3476324779394164 -2.3476324779393702 -1.110387356976783 -0.6986523319837293 -0.5022939197118342 1.630928460532691 1.630928460532701 2.1423569643341485 4.530356476379505 4.886709313667704 5.0627252669725005 5.445741005087515 5.445741005087567 8.158653912654556 8.158653912654556 8.811950670204546 8.811950670204636 9.32749673041948 11.738907831424 11.738907831424003 12.255682274292209 12.37057593326141 12.516694437990425 13.276078745627274 13.309731791112268 13.518486391387311 13.518486391387318 13.624755992759475 14.262106249844908 14.742010500945621 15.776942045829804 15.820159666372009 16.26203897047558 16.587943211875622 16.587943211875647 17.64385802574099 17.64385802574103 17.689697848658472 17.689697848658476 
