 4.27816104  4.27816104  4.27816104 90.         90.         90.        
C  2.13908052 0.         0.        
C  0.         2.13908052 0.        
C  0.         0.         2.13908052
C  0.88554321 0.88554321 0.88554321
C  3.39261783 3.39261783 0.88554321
C  3.39261783 0.88554321 3.39261783
C  0.88554321 3.39261783 3.39261783
C  1.63611215 1.63611215 1.63611215
C  2.64204889 2.64204889 1.63611215
C  2.64204889 1.63611215 2.64204889
C  1.63611215 2.64204889 2.64204889
-81.84978831
44 bands 
kx ky kz  bandenergy1 bandenergy2 bandenergy3 bandenergy4 bandenergy5 bandenergy6 bandenergy7 bandenergy8 bandenergy9 bandenergy10 bandenergy11 bandenergy12 bandenergy13 bandenergy14 bandenergy15 bandenergy16 bandenergy17 bandenergy18 bandenergy19 bandenergy20 bandenergy21 bandenergy22 bandenergy23 bandenergy24 bandenergy25 bandenergy26 bandenergy27 bandenergy28 bandenergy29 bandenergy30 bandenergy31 bandenergy32 bandenergy33 bandenergy34 bandenergy35 bandenergy36 bandenergy37 bandenergy38 bandenergy39 bandenergy40 bandenergy41 bandenergy42 bandenergy43 bandenergy44
0.0 0.0 0.0 -13.661457307461404 -8.842337708893094 -6.158030841751531 -6.1580308417515255 -6.1580308417515015 -3.3518171633333815 -3.3518171633333655 -0.8682175029226659 0.1299640605263613 0.12996406052637013 0.1299640605263901 3.0691247510924913 3.069124751092523 3.0691247510925304 3.1197559605092113 3.119755960509225 3.1197559605092278 6.388581818314334 6.388581818314425 6.706141462733003 6.706141462733004 6.706141462733008 8.482922755563068 10.422871345569343 10.422871345569352 10.422871345569378 16.322650761457304 16.32265076145736 17.034339111529007 17.034339111529057 17.03433911152908 17.0531095402363 17.403411515430072 17.403411515430253 17.40341151543047 20.95425130145176 20.95425130145182 20.954251301451844 21.404582514135534 21.40458251424606 21.404582514308714 22.594581273770945 22.594581273770977 23.960657271916755 
0.0 0.0625 0.0 -13.65697600970201 -8.842146123295754 -6.214553369758053 -6.1529602192984 -6.1529602192983175 -3.340838439342797 -3.2756002412688843 -0.9108836487632922 0.11426846644347283 0.11426846644348748 0.14851785676636567 2.7735322893417127 2.7735322893417496 3.009216840704263 3.0670697264366065 3.427836646898251 3.4278366468982617 6.318606944460367 6.528770985908156 6.6671512658222225 6.66715126582225 6.713383109335901 8.6092949477507 10.410279570354273 10.521222471860849 10.521222471860888 16.165079569622396 16.259394389263473 16.930593212830228 16.93059321283034 17.116148153703776 17.147295116317434 17.338548508540516 17.39741303741584 17.3974130374159 20.900753416414133 20.900753416420624 20.928980597483246 21.253568919268456 21.450404126152247 21.450404126222704 22.58523340909271 22.663971588116567 23.97303153786991 
0.0 0.125 0.0 -13.642769088925215 -8.841897679760091 -6.360414862322263 -6.137343103853069 -6.1373431038530395 -3.307886767792266 -3.0658801618597438 -1.019239566326603 0.070701915613216 0.07070191561325374 0.19716677963026374 2.5041560351016736 2.5041560351016843 2.7393018500109223 3.063826295451345 3.737843222928842 3.737843222928859 6.10648073018147 6.579543542771706 6.5795435427717095 6.804117089071659 6.899171310312394 8.927027570145508 10.38261236094427 10.800117214114014 10.800117214114023 15.829430036674951 16.08610540141368 16.689844286850096 16.689844286850104 17.15824946407923 17.3033888930403 17.31654949548683 17.316549495486875 17.360132392370716 20.80117407309099 20.801174073096217 20.864074427231177 20.92420007757263 21.54816652065648 21.548166520698935 22.563558536141926 22.760166704960653 24.03685878791179 
0.0 0.1875 0.0 -13.62152825428509 -8.842910841098078 -6.551028013053716 -6.114271216160885 -6.114271216160828 -3.256477369448327 -2.7749423120566483 -1.164861312696403 -0.0029227917103320142 -0.0029227917103243264 0.24614778168651347 2.3035114432134964 2.3035114432134978 2.3957929140342094 3.0567118344956286 3.9795744868501655 3.9795744868501783 5.824900855424088 6.503473113671712 6.503473113671748 6.976467894815489 7.40848698631535 9.335639838024509 10.344737270122543 11.21181224171775 11.211812241717752 15.410002701424665 15.814579643661922 16.384922201756627 16.38492220175663 16.86827399154063 17.095713033433192 17.095713033433228 17.578459944421706 17.589402877804346 20.530974696482392 20.71875938412277 20.71875938412641 20.77007211616783 21.654243782337254 21.654243782357913 22.529917885296292 22.771746189223727 24.163754686153478 
0.0 0.25 0.0 -13.595277437834083 -8.846011126840063 -6.744046674241293 -6.085668190762966 -6.085668190762935 -3.191716164134055 -2.448949243992446 -1.3133530089077026 -0.09853214134236757 -0.09853214134235437 0.27787084920415683 2.0491905252171954 2.179532139140514 2.179532139140564 3.0441293452260703 4.111648448183134 4.111648448183155 5.553238904197405 6.500225990461564 6.500225990461568 7.19707956230637 7.981817731941408 9.775801397211158 10.323366072624678 11.717593924674247 11.717593924674272 14.948744184011217 15.495947293710048 16.050747049072985 16.05074704907303 16.502382857411302 16.750717777349575 16.750717777349575 17.77702201803929 17.950595572468227 20.14983536679341 20.662837131032177 20.68339828216413 20.683398282166007 21.763214840374342 21.763214840383707 22.488975145718015 22.716120586462907 24.276334743171407 
0.0 0.3125 0.0 -13.568293361690177 -8.851659106428151 -6.913232629293326 -6.056079534882189 -6.056079534882138 -3.1223670729489155 -2.1324401451926076 -1.4444249451528985 -0.20103232626609627 -0.2010323262660832 0.28682218258505043 1.7409827404492773 2.121886610784016 2.1218866107840317 3.0273398008579 4.133130154142817 4.133130154142827 5.318809092154791 6.580954862717073 6.580954862717086 7.424467738080029 8.56366772773753 10.189554535955127 10.332014793305353 12.28603363234751 12.286033632347515 14.47520698422361 15.172673318302525 15.698611474362085 15.698611474362103 16.09234325831573 16.33458466538592 16.334584665385933 17.952466428445994 18.34372908617505 19.812747723355038 20.568878798219476 20.678967652103985 20.678967652107385 21.86757448528381 21.86757448529417 22.44444194019514 22.63649344697405 24.291774502171016 
0.0 0.375 0.0 -13.544925678196398 -8.858795481039882 -7.042135423297927 -6.030733263300794 -6.030733263300764 -3.0599196553395402 -1.873152450711829 -1.536001729677069 -0.29290173676865305 -0.292901736768628 0.27102514941415956 1.497806937754695 2.1098348351766223 2.109834835176663 3.007755496571371 4.086188943949373 4.086188943949399 5.1441304907406 6.699624011523879 6.699624011523895 7.621124065087855 9.08885932162147 10.314146127330217 10.58968046701646 12.894034872566344 12.894034872566356 14.031384160502753 14.901108843233182 15.286656756249462 15.286656756249464 15.689882127493819 15.949380042958907 15.949380042959003 18.086258714915036 18.713379419086863 19.547445824379025 20.492247097937273 20.691332039798144 20.691332039800045 21.95481827827928 21.954818278282936 22.403566772505197 22.560948534475745 24.20977999495594 
0.0 0.4375 0.0 -13.528717250685027 -8.864669793613926 -7.120633604848195 -6.012899069745304 -6.012899069745295 -3.0157296885122227 -1.7420392259848985 -1.5433268876761856 -0.3559595983937128 -0.3559595983936687 0.24794551440506396 1.3449634758889248 2.118414309767235 2.1184143097673123 2.9925603631259605 4.030788373570058 4.030788373570081 5.040034425044856 6.804810146566882 6.804810146566884 7.754921972104371 9.478309565084672 10.345175933795 10.8424164886703 13.522240833602172 13.522240833602192 13.694558559654038 14.741131458165507 14.766851982161084 14.766851982161105 15.373053560571318 15.709207186941752 15.709207186941804 18.169601793918122 19.006001529503884 19.36676829613103 20.44483229444697 20.70452539461193 20.704525394613633 22.021805925960315 22.021805925962568 22.49615626799302 24.0369743434517 24.14216775765099 
0.0 0.5 0.0 -13.523205823121208 -8.86729394656029 -7.14792255815623 -6.0069857791587795 -6.0069857791587795 -2.9999243658152825 -1.7276990519130484 -1.5138348252678193 -0.3786509810625237 -0.37865098106243533 0.2355966661649042 1.2914543917435704 2.12227384255341 2.1222738425534704 2.985617163326732 4.006055440728811 4.006055440728835 5.002198461792077 6.843174809661745 6.843174809661769 7.800265473826946 9.62390075489729 10.356954212153813 10.93511317856074 13.564055192078417 14.068895639689888 14.068895639689915 14.245654387690626 14.245654387690657 14.687254476156289 15.244295238977024 15.629540299279295 15.629540299279299 18.19541297617686 19.143904887406336 19.274765855897975 20.427381513850417 20.708879796238964 20.70887979624044 22.042059467752377 22.042059467753422 22.466627362122885 24.050673302906816 24.05981349749376 
0.0625 0.5 0.0 -13.520240925640636 -8.846784193759685 -7.174946888303326 -6.041318724245144 -5.983803041707651 -3.011568366044327 -1.7801186596991831 -1.5279215908152142 -0.39299209376884975 -0.2375628151126384 0.18355409422995903 1.347579104431773 2.088129847218058 2.0882429915320686 2.8870720255067504 3.9891075909583864 4.196095989137911 5.023851536755604 6.776086663528172 6.804571291119179 7.860671424592614 9.590934836354137 10.438563060843626 10.959470784137364 13.493672014226279 13.876427025721716 14.05091486376206 14.200775896511736 14.338421217964592 14.825035233807686 15.16117514712137 15.709758251348068 15.741135030988916 18.154005329036938 19.139254685037077 19.32321726139719 20.3000427513206 20.70188134045188 20.76108267529404 21.902870330150595 21.984392696378563 22.37979523973076 22.47705718499841 24.08715214246117 
0.125 0.5 0.0 -13.510624452340526 -8.785116420980364 -7.246911034819151 -6.142167208572209 -5.921302360957772 -3.0422281881218503 -1.8706892212622823 -1.569021524941526 -0.42259396510847363 0.0448252306414211 0.11634983441562756 1.4739010450416488 1.9117472992439264 2.0284059602201308 2.8288833586969497 3.950055762365295 4.592673818094993 5.07569926393176 6.598896580034375 6.713529081602341 8.02528476904618 9.50419837584186 10.677367129232051 11.025272685258399 13.348376964764839 13.454905955847272 14.003663203298304 14.187222910702015 14.554874519578881 14.991319826983997 15.027271215333172 15.877968967810954 16.00008159696043 18.050128265394644 19.128474526504448 19.44165540225474 20.088006093625513 20.674388343422105 20.789580437656323 21.64619665894995 21.86664541819462 22.30761407902759 22.49436935478686 24.39236587885154 
0.1875 0.5 0.0 -13.495931381643341 -8.683272223636198 -7.345622890795403 -6.3066799913459155 -5.836875572090728 -3.078068320609901 -1.925870889241305 -1.6312347949503407 -0.44533937218684727 -0.1306551116893648 0.5536065304588027 1.4944732201250186 1.6024304455652492 2.1011076380404075 2.928824362325743 3.9056801793116502 5.030561614583332 5.117328482254304 6.329206908116838 6.606451321976525 8.254130033146438 9.393336566327042 11.045457266316198 11.107269450776986 12.987262360893133 13.20092223095872 13.943248360062176 14.18012747586911 14.755106321299417 14.850852819747626 15.206653408882485 16.076586017498066 16.235428718838484 17.963318113411663 19.09703681258067 19.496919760580113 19.992751363633754 20.617109239178465 20.73856998866291 21.375451222490728 21.725842985820236 22.082635044149598 22.486791054152302 24.740335470214355 
0.25 0.5 0.0 -13.478167785847988 -8.5423971701548 -7.451696089779578 -6.525659786188118 -5.744756920341686 -3.101611213943286 -1.9344041375245604 -1.7051327702136063 -0.442048669094828 -0.30260624025567273 0.8670145605992298 1.3377730132358518 1.4217833206196058 2.3757995893895054 3.1028218743062084 3.8723254415845183 5.107797396692386 5.4307561605141705 6.009995076956632 6.517770380830778 8.492447396477571 9.305810260926993 11.173562911350158 11.495969778679735 12.546267177058828 13.095900061493078 13.888182379997648 14.181000128925346 14.552879381801661 15.105230075959456 15.324990369728146 16.281942433283803 16.287013789809794 18.01115222487586 19.041241305201922 19.354173202749035 20.158083561103723 20.520548969183448 20.64499965632582 21.173325014642604 21.568652294450935 21.865987442407278 22.422713062093763 25.09280204268679 
0.3125 0.5 0.0 -13.460541229593186 -8.365415131761592 -7.55011517118166 -6.785183384135992 -5.659202169717966 -3.102590545579099 -1.9186059099962753 -1.7813787957592746 -0.4281594600297731 -0.4103011217906349 0.6632564313210143 1.120889399166611 1.7704486652927387 2.7154890847635604 3.2883186632839014 3.860437095583527 5.024092294493092 5.474074080363984 5.9404854532562466 6.462427599662153 8.64827126780663 9.328301521240236 11.202470524956906 11.792676589016619 12.362246226721355 13.050470979874754 13.8443514179114 14.190526293958788 14.323963668806961 15.318432004773914 15.353258360863002 16.120306830886072 16.470472379777387 18.239272120453922 18.974413399254974 19.16724984673743 20.380624951018117 20.381806013329 20.609926440806177 21.075859084746842 21.39964982998095 21.671042155629618 22.275257213735703 25.18832961493206 
0.375 0.5 0.0 -13.44533658632545 -8.154562580264153 -7.629062306508969 -7.067670820735278 -5.590707805908436 -3.084035609915795 -1.9047750146316402 -1.847746934006527 -0.4668720799022223 -0.3539400069140693 0.33382642106166405 0.9120368284658253 2.2398421214609767 3.0372048905938005 3.4577745866838736 3.8908524918528555 4.86865658806527 5.102502352556355 6.188326927773996 6.437315890328108 8.667342322997301 9.503542440557132 11.196005457219227 11.552977349415393 12.816515867027519 13.063257319763958 13.815460304954813 14.119592567645633 14.209079265453296 15.100747400974292 15.553275345985371 15.904971289355823 16.617708882003058 18.54389158258372 18.924870595542696 19.019321607306235 20.234925104761096 20.453880638921202 20.79595283949656 21.04835355578079 21.238869736262355 21.51933664887327 22.04491432120074 25.094817311353697 
0.4375 0.5 0.0 -13.434639651089215 -7.914895821745803 -7.679186644477725 -7.354810210871366 -5.544885498685128 -3.060185303733056 -1.9041321074576112 -1.8916082732305783 -0.39865277536404387 -0.2933439733662534 0.03124652659074487 0.7562291314042437 2.6255853055249765 3.2615173507922828 3.604421994778859 3.9875603091909655 4.676486276828662 4.736377067468376 6.370729620557646 6.433732865005457 8.639679398509141 9.710013266830348 11.17831467834393 11.282401080324496 13.096636600493083 13.416521277109208 13.817606913533329 13.966401398164853 14.23385458253976 14.667424137241449 15.685325979078307 15.773185821124553 16.711962530966204 18.795900115698853 18.90717709987128 18.93307676757585 20.15107167514987 20.49715626412738 20.974853246460114 21.00196241101063 21.2045169889088 21.45741747901215 21.759828544757113 25.00874550227205 
0.5 0.5 0.0 -13.4319373736474 -7.69777557207892 -7.697775572078844 -7.59042253942986 -5.531081017082319 -3.052437184617681 -1.9095561629379634 -1.9095561629379483 -0.2688593651859184 -0.26885936518586956 -0.18459128340771777 0.6934223758626494 2.7777310688617813 3.33266993186135 3.6771920759779704 4.068763572371885 4.556420058593213 4.556420058593236 6.428577320636317 6.428577320636332 8.617649499331165 9.802025420705652 11.1661168226229 11.1661168226229 13.105313507025533 13.844561217001791 13.87662110395535 13.876621103955358 14.226195816273863 14.255436107435816 15.724784220248015 15.724784220248145 16.734475996008417 18.888905758194447 18.896523841140777 18.89652384114079 20.12078751148018 20.523776434404745 20.95424716140185 20.954247161402158 21.44907674492088 21.451781682318376 21.451781682320362 24.972583747851196 
0.46153846153846156 0.46153846153846156 0.0 -13.434024158920845 -7.882545105882812 -7.681900919262772 -7.392680431564687 -5.540614450851651 -3.0578462241841273 -1.9131805829540436 -1.8876999980364606 -0.40109286597128424 -0.2567952590474394 -0.01937558392815945 0.7437028152907704 2.657852731210219 3.2960359009978277 3.611913483794387 3.994841139238955 4.655488721030353 4.6987669615498335 6.399555786211691 6.42046590001123 8.63931272395611 9.731037763380055 11.136016881582837 11.296248394967295 13.099342139922447 13.628952219719379 13.644396925336332 13.892528656498266 14.436053364657948 14.497608129152495 15.708139020775693 15.749530002661738 16.720029420434535 18.81330303257556 18.903890536007935 18.936097454474723 20.144228649360898 20.50379808951219 20.952938715720837 21.02860228685951 21.22196523171557 21.43965404650876 21.727746700599923 24.995846794713078 
0.4230769230769231 0.4230769230769231 0.0 -13.442623788095613 -8.09422580362571 -7.637793318824518 -7.149897385382211 -5.576082373720094 -3.07253135339137 -1.9326764944856305 -1.8431856041782197 -0.5182332361894526 -0.22808089963365538 0.1849245315885958 0.882863279492251 2.335054668314151 3.249943359781238 3.4353259389050095 3.8277452584351845 4.856989524674689 4.99488504606046 6.298275006704462 6.378541433904275 8.67173124037315 9.546110709483592 11.037204325181735 11.627360446844396 13.067210994332582 13.249463195236075 13.293641278972089 13.992228509849664 14.730959248496015 14.807283331332936 15.646082976855766 15.809432876289096 16.67141144569274 18.60756083036388 18.90563123938556 19.031036686301178 20.17697705245497 20.47391039858442 20.923924279051555 21.057264283790907 21.17270909142644 21.407702326965428 22.013600245464886 25.029680781295937 
0.3846153846153846 0.3846153846153846 0.0 -13.456157144004436 -8.28219858843036 -7.564716057738048 -6.915899586993169 -5.63163016081398 -3.076056715919088 -1.9691894617387322 -1.800140953997855 -0.561561609841011 -0.1824551372509326 0.39113391808789777 1.098197314249821 1.932777837906514 3.202380750089407 3.232225288587462 3.6321247675377437 5.0851884317096125 5.305471807613614 6.139359720267831 6.318896735767062 8.715395923943248 9.296809010256558 10.881167518972884 12.066225972108546 12.863295400499778 12.951192332094797 13.028689671546669 14.163514513882811 14.957404604707358 15.01307633324884 15.641249558785953 15.909834014346611 16.63705100902138 18.356512234685205 18.90150672916423 19.184775570041225 20.199750261479608 20.494187124829843 20.836706177773603 21.003166138737015 21.324099036922902 21.398924873002194 22.289779098990234 25.016006468071726 
0.34615384615384615 0.34615384615384615 0.0 -13.474848541869092 -8.441694388078758 -7.4639245682812705 -6.704314263221717 -5.702530790792079 -3.058053042567919 -2.027262366238616 -1.7744861845141926 -0.5283347519185015 -0.12351608132491482 0.5939799053035388 1.3296961005723709 1.5705880355694648 2.946608635106404 3.2358696290724387 3.4435778848238217 5.315351666904145 5.56075830595885 5.92699689634864 6.254267850143971 8.74508649782446 9.002211642452272 10.676926917768228 12.304662215459862 12.494321423752499 12.89124800936246 12.979315653121036 14.403850891640031 14.804632192076772 15.265621701128982 15.837322425262583 16.04984370907558 16.642818741658107 18.10337857516416 18.864080269235888 19.385899796278785 20.21073212389587 20.552995316239585 20.74575370958842 21.003452501061943 21.434234605028415 21.473975322814276 22.528792506430626 24.85296739791586 
0.3076923076923077 0.3076923076923077 0.0 -13.497919759279075 -8.570909996196322 -7.336844554572578 -6.525646214798865 -5.782509126553811 -3.022114225149822 -2.113512080767171 -1.7540115741191025 -0.4374743198256004 -0.05588467137955309 0.743373688571245 1.1913178838322838 1.698004689297351 2.6963488534908486 3.262957937859942 3.2854188302548297 5.5207449470591525 5.690339198551254 5.73205426006292 6.2054919691479125 8.67721791570794 8.720863779228216 10.435340919055157 12.040284619705139 12.143622641398464 12.896202020823978 13.387103048484487 14.544298183726157 14.715293965552382 15.494046166224317 16.118527385962583 16.221419937360128 16.687839425198796 17.86491577074269 18.765504586674044 19.61992331459681 20.255195471423157 20.605948215334752 20.67569398718078 21.02561703197102 21.51930950771072 21.6247710218014 22.7177339362285 24.61802802281197 
0.2692307692307692 0.2692307692307692 0.0 -13.524259276781008 -8.670409281184641 -7.186790943355384 -6.386693382145893 -5.865750769552201 -2.987282264762475 -2.233799085285343 -1.7093110779830902 -0.31553632008629173 0.009594664517852384 0.6363633583732344 1.2143930716575984 1.9859213967202514 2.4838538666705623 3.165456839966586 3.314159153947668 5.367445299846333 5.757794318573245 5.816691624078371 6.1955199062094275 8.335040706369774 8.598922037824048 10.165272454129372 11.703665411107824 11.814097448495154 12.720154218422266 13.969261604559307 14.398230729302426 15.096138716906076 15.716904394864258 16.401757301106073 16.406649777266384 16.76940585869744 17.649447748714966 18.58771420015724 19.87166202830534 20.35127702125231 20.62264790224106 20.647693643121247 21.06130759657697 21.584381087382617 21.832890641913735 22.847304138753138 24.426438814258912 
0.23076923076923073 0.23076923076923073 0.0 -13.552613610669656 -8.7427157059177 -7.01775808529336 -6.286810340514402 -5.945141208439129 -2.981766045512054 -2.390467166228309 -1.6173311234809844 -0.1861464064675548 0.0655641956194411 0.4179033027692801 1.4122213835403903 2.2669322518860198 2.3347235421789665 3.0854993064549086 3.39023462114768 5.056191413928999 5.84886586723852 5.92925823564612 6.227686871891194 7.986530118350479 8.358996081072224 9.880095934004123 11.382278066153011 11.504229095199944 12.39655839743124 14.47804701956145 14.518872945485565 15.529774389535634 15.948403571381245 16.590954581326937 16.656742856804453 16.87383592622339 17.475375605706457 18.336955389450175 20.121505508468946 20.490257223724853 20.586723041162866 20.687517828082502 21.11196869592267 21.610013284776553 22.072782848828595 22.921002379548728 24.277556226145187 
0.1923076923076923 0.1923076923076923 0.0 -13.580657070025312 -8.79067807666304 -6.834107672322183 -6.22133770988937 -6.014547361723311 -3.0188388545411278 -2.578443309472651 -1.4741336383933918 -0.06899829766285859 0.10654636682993392 0.25365664214017764 1.638708988054228 2.2731490259153606 2.5238897500714357 3.0443935248559915 3.4761713375557655 4.727634705496877 5.8920187414985525 6.0787981110280755 6.291978675370536 7.651697461472107 8.012639171388955 9.59732550691942 11.099915143048921 11.220722776100951 11.968998659411755 14.753561043104492 15.005757189799615 15.947016675036453 16.24673404513572 16.75904561623488 16.873672518308073 16.998890105042175 17.353421523026277 18.04601668375513 20.354164163131742 20.584465277582538 20.649789194334293 20.73748511191686 21.170107709038327 21.61108908623621 22.304835071717672 22.94032806496211 24.15487920821074 
0.15384615384615385 0.15384615384615385 0.0 -13.607348493289939 -8.819646371795455 -6.645769635805682 -6.183501765986198 -6.0715167713898675 -3.094424712659429 -2.7870130049639723 -1.3035779431732069 0.016049148171658555 0.12686433255940696 0.16379104202134095 1.8784289019526395 2.2994182888030545 2.73650560389413 3.0355199209934036 3.5434147999694274 4.388163518420521 5.980689451086351 6.19825305635278 6.378654282916111 7.341387589116143 7.597376519049813 9.321109530907176 10.859034808663656 10.965312506872056 11.506612733091123 15.134989223597989 15.427002166306076 16.25743545421904 16.634607400112074 16.89643743179465 17.04322705050026 17.099529869891008 17.29860496663801 17.744274438090528 20.53677345664546 20.635877402847107 20.734913282863907 20.870949275464262 21.225929388955826 21.592844668758115 22.48442463814603 22.908919695403007 24.06109070271593 
0.11538461538461536 0.11538461538461536 0.0 -13.630155548684945 -8.834441141838411 -6.4642031826816675 -6.165500944484071 -6.113014265661548 -3.1866650875972633 -2.995630359970117 -1.134056420006308 0.06446993374231552 0.13360181761448672 0.13898639978262387 2.148963278506234 2.408451500619286 2.894785496710182 3.0509063792140574 3.561219100462474 4.047779310724348 6.1375992580076515 6.288042358952828 6.4878123616051235 7.076190807888629 7.1705770843799534 9.054449596294889 10.669318934504677 10.746670778137327 11.073599640165392 15.547909236827222 15.783729583109494 16.51699894697033 16.947123569941947 17.038723753935336 17.09767861474214 17.195110015296198 17.33303504620731 17.472912062984282 20.66116658869896 20.75393791446593 20.782571211049845 21.05098682852278 21.276680367104433 21.55827122060515 22.585498232379383 22.83529020342009 24.008203664998977 
0.07692307692307687 0.07692307692307687 0.0 -13.647206770760247 -8.840211190061446 -6.307368395698816 -6.158810568671394 -6.139743706033868 -3.2718129628679087 -3.1785399379428028 -0.9942315747067105 0.0940450736660591 0.1324437595213567 0.1371982165982424 2.4566938284957316 2.588648936150991 2.997802300575038 3.0801070185821287 3.4993144780410694 3.714553011258787 6.338760881244197 6.348322322581837 6.594876621719252 6.807721998446103 6.873126771444276 8.795549067273106 10.53220921919943 10.574488549801439 10.723193301038357 15.931790945610128 16.06436790029004 16.761863052992673 17.02126235668748 17.073598088848982 17.238786249625324 17.263367332413036 17.307683320264218 17.395961145154537 20.791712897245485 20.847136108616244 20.86337260867094 21.221387658403884 21.327242528513853 21.505148430160013 22.614482514921935 22.736393780059245 23.982768668253897 
0.038461538461538436 0.038461538461538436 0.0 -13.658210793224475 -8.842145941007157 -6.197814270318876 -6.158136721327252 -6.15407066397515 -3.331134040597438 -3.306026045887449 -0.901580795024483 0.11852059503241671 0.1298849258052181 0.13259542425578114 2.7824139320498156 2.8197645425826043 3.0515636509440065 3.1087396175758286 3.341538453047481 3.3945076904537825 6.379225165146473 6.438921756363214 6.654208594118598 6.675483621102401 6.746926693828286 8.57651697472129 10.450341376749812 10.461213607268292 10.498506324241562 16.212461177464277 16.252364033495372 16.953676860282876 17.033133068456472 17.048083648407854 17.100834392510237 17.37695198911857 17.377866979811472 17.404885112513146 20.908382416435106 20.916538652376424 20.931173905112924 21.351072096720376 21.376902635317396 21.438557946342964 22.603161575442012 22.637566003109548 23.966824097896094 
0.0 0.0 0.0 -13.661457307461404 -8.842337708893094 -6.158030841751531 -6.1580308417515255 -6.1580308417515015 -3.3518171633333815 -3.3518171633333655 -0.8682175029226659 0.1299640605263613 0.12996406052637013 0.1299640605263901 3.0691247510924913 3.069124751092523 3.0691247510925304 3.1197559605092113 3.119755960509225 3.1197559605092278 6.388581818314334 6.388581818314425 6.706141462733003 6.706141462733004 6.706141462733008 8.482922755563068 10.422871345569343 10.422871345569352 10.422871345569378 16.322650761457304 16.32265076145736 17.034339111529007 17.034339111529057 17.03433911152908 17.0531095402363 17.403411515430072 17.403411515430253 17.40341151543047 20.95425130145176 20.95425130145182 20.954251301451844 21.404582514135534 21.40458251424606 21.404582514308714 22.594581273770945 22.594581273770977 23.960657271916755 
0.03125 0.03125 0.03125 -13.658328829539432 -8.842113507703434 -6.183260805253695 -6.183260805253594 -6.143181840295375 -3.3189579647321703 -3.3189579647321477 -0.9016698175561071 0.1258167049076927 0.12581670490770505 0.1301795315418798 2.7981689677691044 2.798168967769119 3.046041243510045 3.1328649115285514 3.3616389131426265 3.361638913142662 6.410908782015677 6.4109087820156825 6.613988194727971 6.72933836843473 6.729338368434752 8.57462190598398 10.465449292802031 10.46544929280204 10.479080103944698 16.23071846356484 16.230718463564855 17.001520519281364 17.018119831864897 17.018119831864926 17.100148080104145 17.38504002199987 17.38847773806337 17.388477738063383 20.913438966091064 20.913438966097356 20.929286432481735 21.373954647588807 21.39565224066924 21.39565224075255 22.620923448383454 22.620923448383525 23.96563570708274 
0.0625 0.0625 0.0625 -13.647509794678008 -8.839740246195866 -6.253008308812533 -6.253008308812513 -6.100156633693439 -3.2267949944603305 -3.2267949944603047 -0.9946281557546105 0.11715316176546452 0.1171531617655509 0.13266966575327618 2.512731295358189 2.5127312953581917 2.9651293466645408 3.176382675637794 3.584510821163036 3.5845108211630463 6.410427093619443 6.410427093619455 6.417333310665382 6.867213020555777 6.8672130205557815 8.778285534130031 10.589067109485248 10.589067109485267 10.65230495778957 15.985143656101823 15.985143656101855 16.911140706333093 16.981424110522113 16.981424110522138 17.22719783870534 17.321645385936048 17.3216453859361 17.35047645322571 20.81821527609078 20.818215276102162 20.860796073151242 21.29446948474971 21.37790950533907 21.37790950539297 22.682237405955117 22.68223740595594 23.967386799859923 
0.09375 0.09375 0.09375 -13.630011324880286 -8.832230651901277 -6.3547534685132705 -6.354753468513205 -6.034977969126585 -3.0960352484397182 -3.096035248439705 -1.13741301247741 0.10273826806107966 0.10273826806109 0.143946718113157 2.269003352581961 2.2690033525819815 2.7981613767263163 3.2484588060270965 3.7635018369355957 3.7635018369356086 6.2299236803330755 6.336071618344531 6.336071618344556 7.149349020320221 7.149349020320425 8.989748604914219 10.781141425208432 10.781141425208487 10.947848256620137 15.634826722300998 15.634826722301016 16.758769766073677 16.921843753121223 16.921843753121237 17.192070320870805 17.192070320870815 17.240806211958343 17.490024470881693 20.72081635279296 20.720816352798447 20.756234728302303 21.17711665577279 21.35148536752096 21.351485367536277 22.737035188227566 22.737035188230845 23.928113823963944 
0.125 0.125 0.125 -13.607275829672245 -8.813692294852359 -6.47534942565256 -6.475349425652539 -5.9572727583820795 -2.9587810391817744 -2.9587810391817593 -1.3116972135690423 0.08846744278758802 0.0884674427876058 0.15904559668031462 2.0943561165113453 2.0943561165113627 2.532633796655398 3.3474451043086373 3.904127139239955 3.9041271392399755 6.112081445760914 6.221379967421065 6.22137996742107 7.514362973685579 7.514362973685581 9.166646903388227 11.017521270524716 11.01752127052472 11.352678111430679 15.230212907847205 15.23021290784721 16.54140413600884 16.740140739951126 16.740140739951183 17.09322913614958 17.093229136149585 17.166535772853386 17.769130549203716 20.621839917078336 20.650278711141198 20.650278711149777 21.032619132031485 21.315083870625234 21.315083870641015 22.758289899390963 22.758289899401625 23.82110638218035 
0.15625 0.15625 0.15625 -13.58012596569451 -8.778195444574504 -6.601695182161677 -6.601695182161589 -5.87646135418803 -2.8496290442332493 -2.849629044233244 -1.4993984997920822 0.09559930453049291 0.09559930453053793 0.17118082498370418 2.010497683537256 2.010497683537269 2.1955698869595577 3.474937345827193 4.017701209537415 4.017701209537437 6.062378216320115 6.091443771829568 6.09144377182957 7.9056423853023805 7.905642385302394 9.311654649471452 11.278246028908576 11.278246028908582 11.84081416547972 14.816432575011733 14.816432575011815 16.274232378952206 16.412967580348354 16.412967580348354 17.093784546326585 17.093784546326614 17.099917769649025 18.082196295415212 20.48398522769822 20.620564918962707 20.620564918977475 20.872128377836713 21.27271612623043 21.27271612625511 22.740740487367095 22.740740487380293 23.66436208713628 
0.1875 0.1875 0.1875 -13.550674706446983 -8.721634297438404 -6.725591622451096 -6.725591622451046 -5.804965889263136 -2.8025888680253055 -2.802588868025293 -1.6872336433281774 0.15101549409698845 0.15564489774019952 0.15564489774021573 1.846316379606855 2.010698725807813 2.010698725807822 3.6267655007449724 4.109224455863237 4.109224455863268 5.959775647543254 5.959775647543282 6.046878443789955 8.273586128291077 8.273586128291116 9.43937505066602 11.528910222711144 11.528910222711158 12.386231196318182 14.43195859341696 14.431958593416992 15.953625950983518 16.026826087343387 16.026826087343395 17.05912084815208 17.146679810780707 17.14667981078077 18.389404518415024 20.33838541847553 20.62710496286364 20.627104962890456 20.701705139175665 21.22290265091681 21.222902650956463 22.684881660836666 22.68488166085286 23.486928776486913 
0.21875 0.21875 0.21875 -13.520165539575517 -8.639071359959502 -6.840801322499728 -6.840801322499713 -5.7505032799815226 -2.835388879005263 -2.835388879005251 -1.8680618763941248 0.056345400228279725 0.29721317377576234 0.2972131737758093 1.5743940763915174 2.0826341891795375 2.0826341891795632 3.800206498932377 4.185688164119394 4.1856881641194175 5.836102787640654 5.836102787640657 6.02209571649687 8.57101420904879 8.571014209048814 9.562475957433868 11.733798709140531 11.733798709140588 12.973292083995208 14.106898632490488 14.10689863249054 15.592068691296031 15.67577518143439 15.675775181434425 17.05521302774519 17.244662546034643 17.24466254603495 18.65248050017655 20.20528109848254 20.539818708094035 20.658665594074826 20.658665594108918 21.169637006707955 21.169637006751984 22.59914281331969 22.599142813344915 23.30795783216623 
0.25 0.25 0.25 -13.490237959255962 -8.528011400942122 -6.9433272402493 -6.9433272402492605 -5.719997438104276 -2.942188458994597 -2.9421884589945684 -2.047702140189548 -0.15019212050381806 0.5261412915537217 0.5261412915537339 1.4530310390612444 2.209500306580288 2.2095003065803205 3.9914150640720485 4.247768471560448 4.247768471560457 5.7267352888265455 5.726735288826554 5.9701720136125 8.758677436719324 8.758677436719339 9.691504425454834 11.855949770655618 11.855949770655629 13.589767496189522 13.824103231151524 13.824103231151536 15.20166545548338 15.46082688178734 15.460826881787378 17.08561036596632 17.383233207467136 17.38323320746734 18.842441753033903 20.08759139419735 20.40854241214792 20.707405027511303 20.70740502753846 21.116292611373844 21.116292611402724 22.494149096024206 22.494149096043422 23.12795177014984 
0.28125 0.28125 0.28125 -13.46273257891237 -8.388961056908444 -7.031939810208792 -7.031939810208757 -5.716950811628466 -3.1014973471798672 -3.1014973471798504 -2.243534288265392 -0.4348917528008279 0.8228574088593108 0.8228574088593171 1.4783829869397103 2.3740315267350076 2.3740315267350174 4.1923062382277045 4.293776931703353 4.293776931703358 5.63021689289406 5.630216892894062 5.861621157306712 8.807134979105681 8.807134979105719 9.829626310301272 11.882980510724767 11.88298051072478 13.528764531445734 13.528764531445738 14.199902315062273 14.790675587609638 15.483339743414271 15.483339743414314 17.138510930244802 17.55061524918555 17.55061524918582 18.949729995954318 19.979416136870924 20.32783632357562 20.750178073164925 20.75017807319537 21.062077106885372 21.062077106901818 22.370915477958302 22.370915477975856 22.938391719483697 
0.3125 0.3125 0.3125 -13.43769958660869 -8.222049547376757 -7.10452454588187 -7.10452454588183 -5.734233062705438 -3.2842327281105166 -3.2842327281104313 -2.477740876870296 -0.7059789662609866 1.169834142946552 1.1698341429465542 1.610617169124537 2.564450141914707 2.564450141914723 4.329508691946377 4.329508691946409 4.396639394719227 5.551431947931325 5.551431947931366 5.702563235110556 8.724416173905052 8.724416173905054 9.983190329437052 11.832089015650872 11.832089015650874 13.231625731625563 13.231625731625586 14.381855928792202 14.782413108036867 15.748215701481836 15.74821570148185 17.202461956005333 17.74549236389028 17.745492363890865 19.024223994781938 19.89197532672322 20.311041580344238 20.76131499058638 20.761314990638088 21.034982711246414 21.03498271127981 22.25062350596028 22.250623506001137 22.743138747426368 
0.34375 0.34375 0.34375 -13.416267620302284 -8.032785156056695 -7.1621362781566145 -7.16213627815656 -5.766797393571303 -3.4690890158407974 -3.4690890158407695 -2.766007391535625 -0.9117205960714407 1.5414922000452755 1.5414922000452955 1.8058862568916414 2.766219776365576 2.766219776365612 4.355399308916008 4.355399308916032 4.601882995443184 5.4831228536696495 5.48312285366968 5.490645372730087 8.540337398481133 8.540337398481133 10.145985857626727 11.69384226714282 11.693842267142834 13.000249776192598 13.000249776192637 13.991512174986958 15.274499185171425 16.175442949491913 16.175442949491917 17.28205478719868 17.948505878011172 17.948505878011176 19.122704959895273 19.820285440116507 20.34584545986022 20.710928392356728 20.71092839236882 21.02536232673763 21.025362326747704 22.14737195054974 22.147371950568523 22.551354086855095 
0.375 0.375 0.375 -13.398812709561016 -7.829758246682479 -7.205768901636532 -7.205768901636519 -5.806624565887403 -3.640102658086282 -3.64010265808628 -3.0940150350011915 -1.0406897213664523 1.9154466354749162 1.9154466354749302 2.0427983545169557 2.963520003142633 2.963520003142683 4.371614714501321 4.3716147145013275 4.794685259429078 5.240259305247753 5.4194338770375445 5.419433877037549 8.300194918499125 8.300194918499155 10.314231885670733 11.46584021802438 11.465840218024402 12.884136904495206 12.88413690449522 13.6341129872045 15.595711083614413 16.681797282566038 16.681797282566087 17.42036280356179 18.14777270879694 18.14777270879722 19.284905503927583 19.761535664264173 20.419175960111474 20.599605701683583 20.599605701690635 20.991433700233056 20.99143370025891 22.082115982128858 22.08211598216521 22.383914879553593 
0.40625 0.40625 0.40625 -13.385069886698288 -7.6267090760435465 -7.236368825020455 -7.236368825020366 -5.843069802210005 -3.78365917164939 -3.7836591716493837 -3.424026189377371 -1.109254678873151 2.269217562500358 2.2692175625003688 2.303808139935345 3.145598286427455 3.1455982864274614 4.384375459360321 4.3843754593603474 4.971084957997526 4.973523858733559 5.358172041465831 5.358172041465836 8.059658877878938 8.059658877879055 10.476522613565946 11.200830677464634 11.200830677464662 12.861942611297703 12.861942611297753 13.33290503424297 15.712374172921898 17.21236195621653 17.212361956216572 17.642178560702856 18.34298128145499 18.342981281455014 19.508779563208144 19.71964834704827 20.427078200711502 20.42707820071419 20.525317448474418 20.921568821554757 20.92156882158156 22.06228941697089 22.062289417025085 22.254421174565444 
0.4375 0.4375 0.4375 -13.375532437204853 -7.447081027242478 -7.256947203883499 -7.256947203883331 -5.8743025329827026 -3.8924077218881408 -3.8924077218881172 -3.7118007292237145 -1.1451497561443345 2.557130216118556 2.566072347535123 2.566072347535133 3.2854931337136084 3.2854931337136337 4.3940585187706676 4.394058518770676 4.703397418547777 5.1063340700271596 5.293114106790644 5.293114106790667 7.85534203069181 7.855342030691818 10.61094439388033 10.95899191139491 10.95899191139494 12.876116766313903 12.876116766313919 13.101320554197363 15.691870694417487 17.68794190116886 17.68794190116892 17.878787070222053 18.543943128479118 18.543943128479206 19.690278851582605 19.7510184796917 20.17113584815465 20.171135848155963 20.63923129825656 20.839671133889592 20.839671133904307 22.06779629386892 22.06779629391818 22.16481019970051 
0.46875 0.46875 0.46875 -13.369799997580927 -7.319073338562726 -7.268439311995002 -7.268439311994999 -5.893413003085767 -3.959909820282931 -3.9599098202829084 -3.9112751448034357 -1.1607137346651923 2.7614945209547894 2.770913385237375 2.7709133852373915 3.3756242194620873 3.3756242194620913 4.401685946711621 4.401685946711657 4.49078195193559 5.191754781783764 5.239045507336344 5.239045507336373 7.7212593270925005 7.721259327092546 10.702885396793773 10.79413508512189 10.794135085121917 12.896705746242036 12.896705746242047 12.955441197619642 15.638168258568674 18.00670700937592 18.00670700937599 18.04813409385281 18.79426557440762 18.794265574407632 19.673287400586034 19.862600760077573 19.86260076007758 19.95509952579661 20.728515033690574 20.78198533134002 20.781985331346565 22.07864069580874 22.078640695822607 22.105829172770598 
0.5 0.5 0.5 -13.367486352542125 -7.27032968897981 -7.270329688979741 -7.2703296889797215 -5.899170157106423 -3.981397202023607 -3.981397202023591 -3.9813972020235866 -1.1635491516146756 2.8505404502939684 2.850540450294005 2.8505404502940324 3.4152862302815765 3.415286230281599 4.409483177818187 4.409483177818189 4.4094831778182 5.225088088167689 5.225088088167695 5.22508808816779 7.680656336367521 7.680656336367535 10.737526276072503 10.737526276072506 10.737526276072506 12.912508209553502 12.912508209553547 12.91250820955355 15.629921718595465 18.11734005771214 18.117340057712152 18.117340057712216 18.975297660237594 18.975297660237647 19.677905009912653 19.677905009912678 19.677905009912735 20.04491892341949 20.76422315545228 20.76422315545485 20.764223155460176 22.085858151099664 22.085858151106358 22.085858151116778 
0.4642857142857143 0.5 0.4642857142857143 -13.369562710523264 -7.305338369255935 -7.285252063396283 -7.260649684582623 -5.894207137197813 -3.971726611196763 -3.945916348264784 -3.9286051385662 -1.1613129484232605 2.7469041688321467 2.7878747064269565 2.797751755616491 3.3649326312756904 3.3934550585685748 4.375959161603491 4.450354534168642 4.456584321335444 5.189293952320024 5.23482966590812 5.243553714447607 7.705689686206923 7.723752978390313 10.724626135006492 10.751957703494575 10.803754374963654 12.889190582748022 12.912140698852511 12.942062190991695 15.634914584301338 18.0166928321639 18.032956670725017 18.04773920205237 18.72775432185774 18.90335309190633 19.673363049361523 19.769824400013736 19.900398708984273 19.968718097486843 20.73760684682034 20.76944346056129 20.784129175613913 22.04411675729725 22.0951045543675 22.121995845214236 
0.4285714285714286 0.5 0.4285714285714286 -13.374532048358802 -7.399504987772671 -7.320121616478232 -7.226436005229284 -5.87762318864799 -3.9383552087554974 -3.8368580426272088 -3.776323892780329 -1.1484525971908703 2.496719338712896 2.636416395090309 2.6593860200133954 3.2457020067209132 3.3567253528853986 4.2922551009229375 4.557657522379354 4.589595483627878 5.1102349673418646 5.272808399215682 5.316125311000552 7.79861331111751 7.862336050429122 10.695143762894347 10.801337014882881 10.993680244442597 12.84507771603209 12.934816897254537 13.049731853224047 15.685279889860126 17.750084304182433 17.77519526572665 17.874187275912202 18.405944732882055 18.753680283363217 19.688598628954235 19.772345111605222 19.981563438941237 20.264398810927386 20.674038919237958 20.785911879096254 20.848953748460477 21.946129812723633 22.11790487806012 22.234857329567962 
0.39285714285714285 0.5 0.39285714285714285 -13.38258477344403 -7.539968154064487 -7.366005726604997 -7.169755107465812 -5.8519173176184065 -3.883492737555598 -3.6630800385842726 -3.5511126158286044 -1.1209646095554155 2.17067745523634 2.424454316987368 2.4356984212642803 3.073726168393247 3.297165162489585 4.156216268567477 4.680248765484469 4.7724823031085215 4.997227227545243 5.3145541854794 5.4271401387406755 7.94127766799454 8.073566370702732 10.655119637564963 10.887900466720113 11.269240221828147 12.778430181874247 12.976158589023171 13.235746397054308 15.723836746768129 17.268551265977788 17.44733066134595 17.61148365125566 18.2031619429199 18.578947679045637 19.530271207191173 19.709640403560957 20.208694603537026 20.538248412043654 20.60118319774916 20.79489380465591 20.95223115853394 21.856951659577707 22.120945684879274 22.402224464332036 
0.35714285714285715 0.5 0.35714285714285715 -13.393649490383655 -7.70908536670997 -7.411231291528161 -7.092076303917439 -5.820296712351923 -3.8086780099545168 -3.4373649427924415 -3.2826029130385135 -1.0698661192930063 1.8248727171911168 2.1385406917817895 2.176837686219383 2.8835179059053138 3.218250292413169 3.9696278559435534 4.800247389603557 4.8665082715083114 4.979019323964025 5.337666244804905 5.568893498954745 8.12174991644352 8.316975624123518 10.615507310571873 11.015105729001181 11.586370475759162 12.699714073554246 13.03943715606963 13.500124228084891 15.67932680349447 16.725059733637572 17.081186835689394 17.31357095104535 18.049556863490828 18.388331614423528 19.285155689774385 19.735113581818933 20.411864324009805 20.457074613484387 20.742066383172777 20.78842187494441 21.086968390293006 21.85464216799111 22.084417505867908 22.601341700762248 
0.32142857142857145 0.5 0.32142857142857145 -13.407342170675445 -7.890650922002845 -7.4460756515751 -6.9946361139928035 -5.7901986183786445 -3.7165077845495382 -3.176993235851516 -2.997804308942521 -0.9829570683121361 1.4952042421360587 1.7886891952513984 1.9083340108245135 2.6899094437133657 3.1239959034703255 3.7387662139447877 4.729881770223569 4.9087442077724095 5.184436232724999 5.3432472335888805 5.7308405778238845 8.323429800151782 8.540852652267791 10.582173391568775 11.195592074595297 11.90785936175675 12.617120099513466 13.125190740817436 13.834011909381813 15.484660384736763 16.198897511594357 16.705633265154272 17.037601651511014 17.90010666959992 18.19446930735242 19.07791149630205 19.75707384808714 20.307589425878934 20.57627764365993 20.73568553427525 20.86289324556395 21.23826918225887 21.947288380930246 22.01990802261315 22.814534504555397 
0.2857142857142857 0.5 0.2857142857142857 -13.422988202828769 -8.07179073243777 -7.464131179676764 -6.879480887742176 -5.7664841147020995 -3.6097275482091384 -2.907826725404116 -2.711723370253813 -0.8513408948526048 1.2111855250101962 1.4128073206927612 1.6319243104507577 2.5029077479110113 3.025969121972602 3.476511510403945 4.5974064901318075 5.005554690092103 5.262707593902794 5.450147795638834 5.903065336490608 8.536300926082847 8.693743892527555 10.562256703939704 11.434495547022237 12.2095508592981 12.533798743855153 13.2338914247644 14.214680887736817 15.151457276755854 15.732957540075239 16.341809845196774 16.796605927322062 17.73196138037904 18.013070866910326 18.946582463976927 19.78184696741856 20.15469604108626 20.66754354221634 20.713218096042954 20.94427489812562 21.3727175204375 21.968054323034252 22.08576631964822 23.026078581966598 
0.25 0.5 0.25 -13.440198042356268 -8.244186618715421 -7.4623289263324954 -6.750963960397301 -5.756409573538445 -3.4941521876437474 -2.6643549631731482 -2.4263267127384465 -0.6794367115434493 0.99107954546011 1.0338480477336398 1.3627993877145808 2.317054304373933 2.9243151929935176 3.1989805098392887 4.4695386218028945 5.080468016327544 5.205124174028996 5.6614701478311495 6.076382924221204 8.734675416519208 8.747510384956021 10.558374592872878 11.714010136699473 12.442902140822351 12.478781984779074 13.365081717857912 14.592949726914927 14.77219581662919 15.347332650566967 16.007453108873314 16.55459286376439 17.509354548213377 17.861071267658573 18.90365622820575 19.80504751802225 20.033668352142758 20.55813450151264 20.83537926958742 21.036871171331367 21.443878671788074 21.98051457614077 22.226215675404976 23.226750420744636 
0.2142857142857143 0.5 0.2142857142857143 -13.458108183019865 -8.40159952854755 -7.439622996305856 -6.612729698387896 -5.762959242015561 -3.375957328161171 -2.4629703406620513 -2.148644830842063 -0.49379004192607495 0.6715817314301404 0.8221202178980264 1.1601362686373726 2.1380184310442494 2.8356112660320862 2.922924010319038 4.3506849049330985 5.09420791775032 5.146493007125459 5.880317044643277 6.244823885196716 8.663836984657019 8.950150769746461 10.573202024259842 11.933310761026458 12.397109898686015 12.716386807254198 13.50749531118182 14.457540639595425 14.884515672729199 15.056021973668573 15.737856403427363 16.295480938983165 17.23616968070239 17.76664757160404 18.922087541340478 19.835686372545062 19.95615994517367 20.425907127747035 20.94716462568457 21.153125485986436 21.44139874272759 22.063454273855395 22.34248854616239 23.41331005501239 
0.1785714285714286 0.5 0.1785714285714286 -13.47538927430583 -8.539244597592276 -7.397544901155696 -6.469432154637634 -5.787996191677406 -3.2626094369408514 -2.294837618370319 -1.903979835629356 -0.3224919980853371 0.3460857566626391 0.6079942428357351 1.1541459177244076 1.9579890551380335 2.6730918053499146 2.767605607593957 4.249013378630182 4.973466922212264 5.158135236749388 6.096856515146793 6.403348496069177 8.507664378315024 9.138220421126755 10.598831496407582 11.830028590562428 12.611279283752982 12.922300835060538 13.656056100340464 14.267454499341401 14.867636690947966 14.971342640020524 15.614186910316672 16.027571453295327 16.931646045904177 17.758974172587845 18.969579236297005 19.883027802005795 19.88532472339163 20.327895680054258 21.036946519743857 21.29377529428349 21.437387167444523 22.175439549022403 22.426882214062278 23.589100433722486 
0.1428571428571429 0.5 0.1428571428571429 -13.491513696502793 -8.655360398664921 -7.340436793193208 -6.32938107053691 -5.832158349143768 -3.1632564882904686 -2.1435604933910324 -1.7210869032644862 -0.1744299678837117 0.07329203053303844 0.34413032631745805 1.3380958730909143 1.7746554251958178 2.4645750586095794 2.728583495306544 4.162450069014387 4.804451029022891 5.1430962158673745 6.305141871936279 6.547033757724399 8.310614652744365 9.30274246100915 10.61621803710363 11.535295717625688 12.956894269924302 13.101673997604145 13.795912202167898 14.18625699022625 14.783063117421866 14.837960085267747 15.624941902766087 15.756472572982503 16.60655296879037 17.837687899717267 19.02418451528606 19.751198627237 19.9540961306743 20.336532193543377 21.05879611962112 21.455555333001723 21.500523164097043 22.278827763550954 22.472172168001887 23.74844640121345 
0.10714285714285715 0.5 0.10714285714285715 -13.504968976760757 -8.74725913061482 -7.275426785048148 -6.202180725778001 -5.88794628481296 -3.0857288489045107 -1.9996376172576882 -1.6079838862367075 -0.13593763038635676 -0.03219955747269031 0.08541038852355413 1.5943960131742583 1.6123761669295507 2.3078903131793345 2.7315853928138893 4.094642566054411 4.592720906019092 5.104965994064141 6.500367636178027 6.668623767428327 8.114380186220131 9.437734140372331 10.601027654436285 11.235319721842865 13.262038711136256 13.317147610526959 13.91480118837359 14.17226112792073 14.6388720938656 14.787748719437854 15.497555081225507 15.642376051525465 16.288938606902505 17.966173628187548 19.074781805605536 19.576031774096197 20.06003241221926 20.43531306280575 21.00545771679431 21.63415391935709 21.643638673864103 22.35622705983705 22.489605533699763 23.887043958681122 
0.07142857142857145 0.5 0.07142857142857145 -13.515125112738074 -8.813706596299257 -7.212392164539755 -6.099129938845222 -5.945721610954582 -3.0349139012939035 -1.8670862725679926 -1.549007098920638 -0.277491251249584 -0.15084934301317363 0.10689212269180812 1.437077172168328 1.8820230931076742 2.202095552636005 2.7933924762639153 4.044958227961195 4.347459778315515 5.056292944928643 6.671992541905304 6.760124500917467 7.950854300736261 9.5397803318699 10.520369370613615 11.034576760556147 13.402862932368855 13.658868965476413 14.003163760560271 14.184827769469353 14.448900477378379 14.828344629624958 15.281212753948777 15.639021404984657 15.993101265879542 18.087713994760534 19.116548732930696 19.41564167873126 20.19705581968323 20.563600937611458 20.89972987604794 21.815799297729857 21.815932788976934 22.393107117071676 22.48568924783259 23.997869666067707 
0.035714285714285754 0.5 0.035714285714285754 -13.520888601896008 -8.853686615012696 -7.164794087223092 -6.030634848425736 -5.98969913980886 -3.0078575741909552 -1.765960498439796 -1.5212504277461756 -0.35424932778939644 -0.31560371300804135 0.2014890733691177 1.330760496549058 2.064207850433857 2.142576128909912 2.911475248090233 4.01662217511166 4.116734834421545 5.019109268973298 6.797690027684163 6.823774391984547 7.841652383095292 9.605409764306632 10.408102815361179 10.954056948032113 13.51628782072276 13.949257156271608 14.056314170641821 14.211252883500418 14.303169076652805 14.780259995729056 15.211199503134138 15.633967168470594 15.748958205601893 18.17110997353783 19.14163136129625 19.309804958466085 20.34486019135713 20.66923472781454 20.782086635539613 21.975033687165176 21.97812673073227 22.39499543191441 22.474259138599376 24.060324700832684 
0.0 0.5 0.0 -13.523205823121208 -8.86729394656029 -7.14792255815623 -6.0069857791587795 -6.0069857791587795 -2.9999243658152825 -1.7276990519130484 -1.5138348252678193 -0.3786509810625237 -0.37865098106243533 0.2355966661649042 1.2914543917435704 2.12227384255341 2.1222738425534704 2.985617163326732 4.006055440728811 4.006055440728835 5.002198461792077 6.843174809661745 6.843174809661769 7.800265473826946 9.62390075489729 10.356954212153813 10.93511317856074 13.564055192078417 14.068895639689888 14.068895639689915 14.245654387690626 14.245654387690657 14.687254476156289 15.244295238977024 15.629540299279295 15.629540299279299 18.19541297617686 19.143904887406336 19.274765855897975 20.427381513850417 20.708879796238964 20.70887979624044 22.042059467752377 22.042059467753422 22.466627362122885 24.050673302906816 24.05981349749376 
