 4.62278092  4.62278092  4.62278092 90.         90.         90.        
C  2.31139046 2.31139046 2.31139046
C  0.87324324 0.87324324 0.87324324
C  3.74953769 3.74953769 0.87324324
C  3.74953769 0.87324324 3.74953769
C  0.87324324 3.74953769 3.74953769
C  1.65956922 0.         0.        
C  2.9632117 0.        0.       
C  0.         1.65956922 0.        
C  0.        2.9632117 0.       
C  0.         0.         1.65956922
C  0.        0.        2.9632117
-81.49452481
44 bands 
kx ky kz  bandenergy1 bandenergy2 bandenergy3 bandenergy4 bandenergy5 bandenergy6 bandenergy7 bandenergy8 bandenergy9 bandenergy10 bandenergy11 bandenergy12 bandenergy13 bandenergy14 bandenergy15 bandenergy16 bandenergy17 bandenergy18 bandenergy19 bandenergy20 bandenergy21 bandenergy22 bandenergy23 bandenergy24 bandenergy25 bandenergy26 bandenergy27 bandenergy28 bandenergy29 bandenergy30 bandenergy31 bandenergy32 bandenergy33 bandenergy34 bandenergy35 bandenergy36 bandenergy37 bandenergy38 bandenergy39 bandenergy40 bandenergy41 bandenergy42 bandenergy43 bandenergy44
0.0 0.0 0.0 -14.59836865556957 -9.913156952630887 -9.913156952630878 -9.305036510693448 -9.305036510693446 -9.305036510693357 -6.228765137775079 -2.7610107145382408 -2.761010714538215 -2.761010714538207 -2.750342459375124 -2.0190722656162574 -2.019072265616249 -2.0190722656162348 0.7242892019604918 0.7242892019605022 2.5270078825743036 2.527007882574344 2.52700788257437 4.270613991042769 5.0942387213107025 5.094238721310763 5.094238721310773 7.797176721984644 7.797176721984648 7.797176721984656 9.620555290560313 9.62055529056032 9.62055529056033 11.867450499069964 11.867450499070003 13.995339890174757 15.935138242674288 15.935138242674306 15.935138242674427 18.722060221819696 18.72206022181971 18.722060221819756 18.72928734778875 18.729287347788887 18.729287347788993 20.028213812428184 20.028213812428188 20.34743305102766 
0.0 0.0625 0.0 -14.586514980106413 -10.114711143703731 -9.912472202591381 -9.300765347184877 -9.30076534718486 -9.108750756957697 -6.209975351498441 -2.91367255036414 -2.838711737410828 -2.8387117374107746 -2.5851767984145972 -2.0282645709427913 -1.9655379162655042 -1.9655379162654851 0.6688101797539185 0.724920049851216 2.530502127085376 2.5853468716797785 2.5853468716797843 4.115020442026697 5.070970242260168 5.070970242260181 5.256532269845223 7.7777150699962165 7.818557571984171 7.8185575719841856 9.5439157033125 9.543915703312505 9.613946629306742 11.9036969836977 11.918728352167626 14.006153312657709 15.938121977391859 15.938121977392312 15.954337106710485 18.647512817035697 18.67215287129917 18.7198667108906 18.719866710890788 18.772686693701573 18.772686693701623 19.978892769378167 20.000493702561467 20.32535569975436 
0.0 0.125 0.0 -14.550546556691268 -10.462485284607544 -9.909339201785668 -9.287461457334572 -9.287461457334558 -8.778320911631909 -6.1525446125094705 -3.043490781111139 -3.0150349346982117 -3.015034934698208 -2.410868071391905 -2.0461322921526786 -1.8460159853205829 -1.8460159853205653 0.5156171515984163 0.7356480985072794 2.541626891358988 2.758439025322661 2.758439025322683 3.8308337762873057 5.0174079156009626 5.017407915600971 5.582783495568738 7.733590892296893 7.888331624200731 7.888331624200749 9.337905217955019 9.337905217955022 9.611252686918474 12.010025199410402 12.072339753562561 14.03800246971307 15.953796075379186 15.95379607537924 16.026562508709386 18.426572570894702 18.508575071329318 18.714641890981447 18.714641890981724 18.910733734595635 18.91073373459575 19.867411392824216 19.930514044277754 20.287098399355678 
0.0 0.1875 0.0 -14.493673127976756 -10.818597568326615 -9.9057770531174 -9.268126778877582 -9.268126778877546 -8.454759340041594 -6.066124115133482 -3.2244506584575947 -3.2244506584575823 -3.131104958321878 -2.2438850963220713 -2.0768225253070876 -1.7229253283566766 -1.7229253283566706 0.2713149371416333 0.7468630314074927 2.5448187569689327 3.0231725387594777 3.0231725387594817 3.5548063577750995 4.947912090280237 4.947912090280252 5.931593068456975 7.663538654385687 7.980807832211238 7.980807832211306 9.017291845580072 9.01729184558011 9.601488856960305 12.17158541864055 12.320902105251534 14.087446436310591 15.975419728022864 15.975419728023345 16.16116338769038 18.049513342521557 18.235256944865018 18.705944331850677 18.705944331851146 19.107864946149995 19.10786494615033 19.735405877987528 19.822267627842862 20.258880138930447 
0.0 0.25 0.0 -14.420809507104043 -11.149446530586337 -9.901851409746287 -9.244726397258528 -9.244726397258498 -8.171296902620883 -5.961908989612039 -3.4274846908256853 -3.4274846908256325 -3.1563336595232676 -2.1099819768472248 -2.091805746116108 -1.6153807218915885 -1.6153807218915412 -0.03926938160949383 0.7584795992797847 2.532636860449544 3.333776261463693 3.3480573566901644 3.3480573566901684 4.894436234895183 4.894436234895198 6.264651786321602 7.58122348673463 8.06101952598454 8.061019525984577 8.634559774116678 8.634559774116685 9.591594512321493 12.363169308927352 12.655040175782009 14.167752289706993 16.001013010753475 16.00101301075391 16.354090220462087 17.552519020469585 17.876218444978324 18.700304462437753 18.700304462438254 19.33312546238036 19.333125462381158 19.61929444246429 19.686804442468357 20.250948507819217 
0.0 0.3125 0.0 -14.339731685183779 -11.43572287722647 -9.89731958034418 -9.22004374130214 -9.220043741302076 -7.943103595928995 -5.861451497875323 -3.604283547082963 -3.6042835470829298 -3.108070606405142 -2.140908932930492 -1.9639539619636661 -1.5308284941399508 -1.5308284941399186 -0.38763008652986214 0.7713762482947741 2.4948086163139 3.1857341983801355 3.6766381210652743 3.6766381210652814 4.904596152805274 4.904596152805311 6.568201549983568 7.492074566593723 7.964836837926639 7.964836837926644 8.367347916298206 8.367347916298218 9.585394849673559 12.54516173234523 13.060678173018816 14.315566799867131 16.024965294911876 16.024965294912125 16.53931289458211 16.980782319779532 17.50301601300519 18.700673026609024 18.700673026610094 19.517524114874202 19.52599437353563 19.541673350909022 19.541673350911726 20.27301242662942 
0.0 0.375 0.0 -14.263508031144378 -11.663808678797942 -9.893684257754536 -9.19936334637502 -9.199363346375009 -7.778994393358205 -5.786304078417959 -3.74223020694738 -3.742230206947352 -2.990878952937803 -2.1714125284206443 -1.8747866126167712 -1.471962808758073 -1.4719628087580603 -0.7328031505114918 0.7812866789817279 2.442069247102091 3.097853060715263 3.9202314815686594 3.920231481568691 5.033781907087647 5.033781907087649 6.813535527351609 7.395008390314734 7.556639255812923 7.556639255812954 8.375124140367873 8.37512414036793 9.578643356862173 12.6768442606485 13.510556682606273 14.562202238068068 16.041090083791772 16.04109008379207 16.38867810811412 16.459690994902417 17.37631812258474 18.70045408438239 18.700454084383697 19.294931237908244 19.457904569046704 19.694791788308024 19.69479178831509 20.323342360339968 
0.0 0.4375 0.0 -14.207586387689227 -11.811905162066383 -9.891828915454132 -9.18547858327383 -9.18547858327374 -7.681414048292758 -5.741795548167938 -3.8298107197162006 -3.829810719716181 -2.8486879807463064 -2.1893777734508117 -1.8289971982583113 -1.4379594749722457 -1.4379594749722013 -1.0065919394596037 0.787716445358102 2.3976533079213453 3.0563504013467986 4.035902976626241 4.0359029766262475 5.265463505810648 5.265463505810677 7.007963980023132 7.148092131503306 7.148092131503309 7.294902839131861 8.41462077204974 8.414620772049771 9.57449627252104 12.74517958966188 13.945954512115517 14.896565795646799 15.860223494637486 16.049684027439003 16.049684027439255 16.070036351966262 17.544124411474026 18.700264756028282 18.700264756028645 19.070608820942375 19.415349087416978 19.77982838779279 19.77982838780019 20.384338663883714 
0.0 0.5 0.0 -14.18659756079107 -11.863723717291897 -9.89045353442024 -9.179874534364545 -9.17987453436452 -7.646081762932519 -5.728379811178613 -3.8583608084490972 -3.8583608084490733 -2.7784201716083 -2.193386590454776 -1.8199963937950574 -1.4253070226707765 -1.4253070226707538 -1.1125697020181986 0.790531350047346 2.381431262085897 3.044714568254117 4.066636215955896 4.066636215955911 5.40289016865282 5.402890168652849 6.9622297930974675 6.962229793097476 7.1316332373979385 7.204082154758768 8.433084153622966 8.43308415362302 9.573829206885591 12.766980439034981 14.170052055409831 15.137262988995335 15.605457607600387 15.793418133832892 16.053735837833436 16.05373583783363 17.654535748682243 18.70236659029223 18.702366590292627 18.962881342055862 19.400418187679144 19.80626132074919 19.80626132075063 20.418716148791486 
0.0625 0.5 0.0 -14.172723762395787 -11.860274128920395 -10.035071141838738 -9.176269293628904 -9.096747720027356 -7.569836902449862 -5.733627501070851 -3.9249558739632446 -3.8504623496711488 -2.7475408458441772 -2.1504841158924153 -1.8316717592708927 -1.5439605285668474 -1.4242946849357028 -0.9967639993267167 0.7444595113273342 2.3717486569659947 3.038761660321297 4.049564128482624 4.136717930544103 5.412196549155715 5.433653404874902 6.88757235950109 6.963361248523841 7.160490951947096 7.250095248595608 8.416991121807037 8.433693674099352 9.506081029949275 12.801408475678986 14.20466404936501 15.065590016638263 15.574512177579987 15.667597130883221 16.18106214704952 16.23253463282701 17.663215193540484 18.675356244011045 18.765680674430428 18.862385415744743 19.302627417991776 19.743028166758716 19.869904300298405 20.403465130612055 
0.125 0.5 0.0 -14.131833088378281 -11.85073231144322 -10.337124783356847 -9.167370033780372 -8.966731609760853 -7.356477665725179 -5.752085711204101 -4.0900072030186845 -3.828466353733551 -2.6794047505389407 -2.0569726018478125 -1.8697796946091252 -1.7107426044797809 -1.4245005005609777 -0.8269012471040771 0.6098319322001564 2.347823044170719 3.0420759875070083 3.9999425175685372 4.318926848564426 5.438504681216301 5.522249239752118 6.747383906098505 6.961950703456461 7.231935589242939 7.302423061173741 8.37443896061788 8.433427635952944 9.31006903821889 12.900657078404974 14.295398445316469 14.892227884215604 15.487022977962484 15.611116977510429 16.359373299536337 16.585572587891722 17.69937910724698 18.562135765166595 18.636234855611395 18.89754782353906 19.06178254716486 19.640778909146725 20.021438260492936 20.409551184615957 
0.1875 0.5 0.0 -14.066561330381425 -11.836262810647437 -10.677344672167388 -9.153789117427072 -8.871094016222981 -7.046420434764928 -5.777528461425647 -4.297326452558818 -3.788400195084447 -2.600172612883028 -2.0655133276867 -1.933983844926211 -1.720261693963771 -1.4195291327855573 -0.6920203941225187 0.40024018043603143 2.3199368373384077 3.094613446481545 3.927089142688254 4.571274203984263 5.486148775297941 5.656909010678806 6.6020649093030634 6.961271343941559 7.299710004344994 7.302119015515233 8.338304428348353 8.442212211289831 9.003701214969162 13.056927116152362 14.396048313593477 14.713274334604607 15.35882653486666 15.728263859827324 16.495748962933046 16.98405702202111 17.769231310013645 18.196475063442925 18.531175594513638 18.73261033766618 19.16467213612462 19.56868651199572 20.215353923405964 20.44467243935024 
0.25 0.5 0.0 -13.981459431573983 -11.8190325082239 -11.009418179536166 -9.139121672165013 -8.81144954199452 -6.697176718758992 -5.803462611364305 -4.50991668644987 -3.7268608489287303 -2.517890391624842 -2.1903262698166506 -2.026051459702797 -1.5805464696108487 -1.4088863750359626 -0.6059880455177988 0.14327187328284088 2.2969069403743854 3.2048075977906456 3.8438467787715194 4.860665856399774 5.559936331649359 5.824575083763591 6.47319233424429 6.958254388609573 7.230361054747227 7.318341946661106 8.348360833867366 8.44442949601918 8.637356427625853 13.25241062856535 14.423224708003616 14.586459139906314 15.357190479149352 15.88765234924145 16.580909580768363 17.379879998869793 17.735550685806007 17.85092271116394 18.460428847810434 18.582161206334742 19.17501551425117 19.712526783287576 20.3743070864486 20.491209200315723 
0.3125 0.5 0.0 -13.884516647043524 -11.80116645031122 -11.307833790127265 -9.122219985436145 -8.772267062798896 -6.359527193039852 -5.821234341711553 -4.702312582710072 -3.637118708027104 -2.442042858621573 -2.296037146323087 -2.145152697515615 -1.447555200707129 -1.3880839322902767 -0.5507828522068938 -0.12232690650779902 2.281657441056875 3.355932722408267 3.7681096391087308 5.167846409012764 5.671133098649705 6.006150075814685 6.382033654423681 6.961642886082599 7.106796712230609 7.2628636010290855 8.14754421787146 8.412710639614122 8.53325413227136 13.454420971609816 14.339737063087346 14.552892065111562 15.502109515480821 16.055371213114118 16.635505215488582 17.238920894082234 17.736615277682073 17.925891669769463 18.443435547561197 18.544178408664052 19.048124509836125 20.040089689478883 20.073232624266307 20.72478575941363 
0.375 0.5 0.0 -13.789914861032452 -11.786077092719454 -11.550646685090816 -9.109042952385892 -8.74845467969547 -6.079653036619414 -5.830270759817697 -4.860344220895618 -3.5226013556580695 -2.4292115583591225 -2.316836540372229 -2.284195241364408 -1.367049955301241 -1.363850636687549 -0.5099198688143004 -0.35914048733766407 2.271531961031765 3.507985417840551 3.7082698323825722 5.462703248744833 5.810555710913829 6.185550477481187 6.3454779360561355 6.9519717912663115 6.965528580187724 7.1549067334697085 7.699121145641702 8.498191321333254 8.558680499231677 13.604981521381877 14.211391445597314 14.655139909821484 15.703866358282951 16.175229546649017 16.678513599851545 16.769887541725772 18.001379975177684 18.010204838389598 18.50485929921355 18.52805781166024 18.89525573371087 19.84419184151583 20.401258943368187 20.807496664357856 
0.4375 0.5 0.0 -13.718067720269893 -11.775973692253483 -11.714085308932008 -9.100538228825343 -8.735584089321764 -5.895654385997124 -5.831901605337271 -4.966553036105312 -3.405788592017334 -2.4665940096232064 -2.419186260558901 -2.2744355105944845 -1.3409793122011204 -1.335302594316853 -0.5255572302265857 -0.4774902844748855 2.264477337785626 3.6159150329788705 3.6691820988536055 5.695533154491231 5.952491336583436 6.331075488338992 6.3715404514146865 6.831953353539926 6.968385493061004 7.041054466259458 7.268563907281384 8.56382109579341 8.57938752983867 13.676444375130718 14.108736386377169 14.871316798055547 15.865200999161745 16.08894442885119 16.510669612216137 16.711961308577305 18.11867231388816 18.146089532957802 18.4795273877649 18.623454315586383 18.75500766748589 19.6296403416303 20.719656259634267 20.835075595578783 
0.5 0.5 0.0 -13.690545903427962 -11.772273894014948 -11.77227389401493 -9.097712192300119 -8.731638803365804 -5.8312835291141685 -5.831283529114147 -5.004692802002757 -3.3498432336887807 -2.481891200853208 -2.481891200853173 -2.255009758422458 -1.3294556903134709 -1.3294556903134482 -0.5862211464778448 -0.46389476519377504 2.2622373149605566 3.6563648713132544 3.6563648713132952 5.783327827279632 6.030842843353781 6.3932379357966145 6.393237935796674 6.890411624338127 6.9685956463403205 6.968595646340324 6.985582184323563 8.587370837740723 8.587370837740757 13.693841301749606 14.070416528473041 15.02200498534491 15.926267809732538 15.926267809732702 16.488179002638553 16.72603360257254 18.192883251334404 18.192883251334464 18.434262449191866 18.691652903699488 18.691652903704096 19.534117853134216 20.843054699675584 20.843054699684277 
0.46153846153846156 0.46153846153846156 0.0 -13.711782519839165 -11.759141015032226 -11.743641233836753 -9.099579788056664 -8.734398635113278 -5.874567432185765 -5.8365621972285675 -4.975710795118242 -3.390659879823914 -2.498942462160646 -2.405934517178935 -2.269718835454934 -1.3385766958271348 -1.3287921382560408 -0.5411267512285409 -0.4717416375080682 2.264252225698764 3.637372491493808 3.6573237133797676 5.729298967104764 5.958872132889062 6.261068887693427 6.471206526884021 6.794499227677178 7.020514945200523 7.027836262266951 7.191560976186108 8.5768174112364 8.577122553042944 13.682658560994195 14.099602325139855 14.891659117624652 15.90848798285273 16.0445943658663 16.493672911030647 16.719400459743788 18.123230376788907 18.17492941920724 18.470339889729892 18.675176906703125 18.70283121932105 19.611653459076706 20.778384593720315 20.806956459914847 
0.4230769230769231 0.4230769230769231 0.0 -13.770942113222139 -11.719842933641994 -11.66188355188509 -9.106511414681776 -8.743998235785627 -6.002585876824461 -5.851061810441585 -4.89468427599423 -3.473070893760148 -2.5546872561134633 -2.3067284893312614 -2.2315484055129966 -1.3568801314361414 -1.3275236314983436 -0.49969831481338245 -0.4271910639009004 2.271333209836627 3.5775352266510345 3.6566310242404385 5.619163799233491 5.763362442876772 5.981326335609352 6.646396309100571 6.744086404972322 7.135418446609512 7.16541658395227 7.490765940016593 8.539788754950596 8.5421309515824 13.649980892627202 14.172083911617923 14.609998375243132 15.821811740796235 16.291848543161077 16.523002749690104 16.727579030122655 18.01696649764761 18.10433758482603 18.503638090342474 18.63700791206105 18.73101780340937 19.813533228565287 20.583715461356167 20.697140437609033 
0.3846153846153846 0.3846153846153846 0.0 -13.858503255029351 -11.654406400737132 -11.538290903701501 -9.118337556032401 -8.760668894974511 -6.2063391523781934 -5.867461351861037 -4.771860295730005 -3.536862580791142 -2.6550242014546086 -2.344758530103647 -2.037615037943035 -1.3682111828769534 -1.3140072815808452 -0.5268869336008448 -0.2750469124573383 2.2884463998535556 3.4810403744489227 3.6639042003261233 5.478837099827805 5.513453082705511 5.6734678019602 6.691148077840505 6.869379860680314 7.2755780340400875 7.390003561494018 7.792226172111817 8.482746483960103 8.492665661502542 13.602136956421472 14.244281432591924 14.274020800947916 15.663992514126551 16.56122338497513 16.588743180612212 16.77916191826248 17.950908525294494 17.977719483363433 18.500112007283573 18.607997089230107 18.794766875780663 20.065717678626587 20.331424853638193 20.526441209528425 
0.34615384615384615 0.34615384615384615 0.0 -13.96230192306527 -11.563700058082707 -11.38362491659418 -9.13551931037606 -8.785698436373453 -6.473120255026936 -5.881519385905997 -4.615575899286205 -3.5621509016278567 -2.7840650164704632 -2.367434217677869 -1.8902788810767848 -1.3762654813726456 -1.287878013129112 -0.5294390384349943 -0.1113202735790838 2.325996458656783 3.3592598831179377 3.6722014744324034 5.1342385130639805 5.379221840732402 5.428043052841674 6.616007272395964 7.130257114269199 7.414639074610393 7.666067384790303 8.080585368277916 8.407925731480264 8.432488446771554 13.540439642526684 13.919976171932285 14.237805362889446 15.555086294497706 16.619095422437976 16.787354532205704 16.892988785159247 17.841048343072202 17.93411979604993 18.504022545060327 18.607270067620956 18.901298357160954 20.10339946768236 20.189245877731178 20.457575024594288 
0.3076923076923077 0.3076923076923077 0.0 -14.072387830625251 -11.446837440321282 -11.20724541376052 -9.156329163174886 -8.818797609353437 -6.7843875314634765 -5.893950113285943 -4.431453166164039 -3.543136220841058 -2.9189163501802846 -2.3723737119325468 -1.8186010940178257 -1.3956943335449505 -1.2625203502656397 -0.46734116929587094 0.054436776753048824 2.3942043071908286 3.221180771864763 3.6721826270383517 4.758352712924097 5.122872745410244 5.361833647083945 6.519420888723326 7.434897337460178 7.5362348874218705 7.965667593863079 8.325774667235715 8.327694990562222 8.404141265619762 13.446263896008576 13.565086770492165 14.126329607508962 15.585799819491024 16.563262355877942 16.88232560942967 17.06565880325961 17.818145398520713 17.94561924787574 18.604924989392522 18.625353393013484 19.01908616413844 19.909060456700466 20.046935049017744 20.798732365891702 
0.2692307692307692 0.2692307692307692 0.0 -14.181113483525184 -11.304525679270235 -11.01710491408906 -9.179553731423118 -8.860276605937253 -7.124521236700032 -5.91168767275722 -4.224083816259065 -3.4874215667366366 -3.0359634883819147 -2.3647856038227966 -1.8086613117610741 -1.4400913717821617 -1.28230745674155 -0.32406410079423525 0.21073600128390246 2.5015035670251216 3.0803108206717282 3.636889140415736 4.369089075761014 4.933841261830441 5.308327576263589 6.399400695524452 7.627420467635351 7.775135360624454 8.197396796856218 8.298931819054358 8.314014912114382 8.62945822463427 13.220031580477919 13.271177277402073 14.011730005575913 15.707708355700616 16.441927058924456 16.801371576681706 17.27482620673133 17.971331195531516 17.974028461499135 18.657005606767964 18.807984484925257 19.095141452913136 19.7494120482446 19.88413069041692 20.797176196095762 
0.23076923076923073 0.23076923076923073 0.0 -14.28343476374872 -11.139186776044747 -10.820479198672903 -9.20559471047399 -8.913025804336009 -7.480107504825792 -5.940979639602348 -3.998359555626188 -3.405381797070886 -3.1162094145130705 -2.3509575704523096 -1.8353228034474536 -1.511306042893192 -1.3547242663045322 -0.12491206087945751 0.3512600684752724 2.646835603825245 2.944299421227033 3.5384631593292375 3.985143740294556 4.842520058881101 5.258139861949077 6.253350833639119 7.688776128763875 8.097152235028403 8.163444808691905 8.227302430834813 8.591658882924804 8.86750426528807 12.895840251910782 13.005201764486872 13.975590296925573 15.833617708177401 16.29045844157055 16.633952545361975 17.51422248197478 18.031624403608948 18.21611898176868 18.686912583114598 19.06320580236431 19.086644453358243 19.5686448164277 19.854692772320856 20.59508399336541 
0.1923076923076923 0.1923076923076923 0.0 -14.374991123789044 -10.949778532998897 -10.622048989056273 -9.23035138071613 -8.97465751024858 -7.841965317126371 -5.987389512472727 -3.7589382432173175 -3.2974994520138043 -3.1502784799620356 -2.3454994897401593 -1.876251054095878 -1.6056455586119247 -1.4625115723824629 0.09019944254840873 0.4715034241370229 2.8046310719798546 2.823802469106656 3.3926418021525504 3.637252697478596 4.84116486739584 5.213560926471045 6.083301642147374 7.727597383336518 8.031412579005849 8.140879294904341 8.505683146441363 8.870912469801771 9.0817898684255 12.601682493244038 12.706072294266697 13.991699470422676 15.914505802195029 16.14228980816404 16.451618604791573 17.78684068392005 18.141259897748927 18.45952279133025 18.71565717835136 18.991787970697462 19.342951085424357 19.37506689006157 19.93354498049148 20.308257897378223 
0.15384615384615385 0.15384615384615385 0.0 -14.453311164984916 -10.739438902050267 -10.428118713646123 -9.2549530938926 -9.045510641989296 -8.202492157945871 -6.04957904011436 -3.514149717185876 -3.1744454068821417 -3.1332721368164016 -2.359499323825867 -1.9220880009408818 -1.712000919231563 -1.5925877815062206 0.29290587736699547 0.566406185356499 2.719308248710819 2.8758735443677392 3.1837846447527074 3.4819020556364926 4.893961626504786 5.172806028396612 5.884627535764378 7.748073522496507 7.950273876900046 8.042819131628358 8.852140104069449 9.119198542996601 9.264001143781956 12.347105375566954 12.424539188950297 14.018602854511315 15.946623492448028 16.024950063423574 16.282606517442943 18.067744488158503 18.280070708133657 18.632724616917713 18.753613031327454 18.894096402603974 19.178334625945546 19.57673368035267 20.055431477902918 20.074728128095703 
0.11538461538461536 0.11538461538461536 0.0 -14.515938170192666 -10.50948970964437 -10.244037735457365 -9.275527994089163 -9.123637858116398 -8.551242799676704 -6.114478768298303 -3.275191684170428 -3.064138418280885 -3.040589718204986 -2.407165613961125 -1.9612116731654932 -1.8171977689921226 -1.7314573602631198 0.4712235649624507 0.6392576790717656 2.6378470591690144 2.7897295575960768 2.9208603465250866 3.6329949603890603 4.966852730793439 5.139772031787076 5.664050355474209 7.767525185767353 7.885810093687449 7.949778681423297 9.161722741504333 9.329098279590827 9.41498436808717 12.14128643863442 12.188398711650198 14.03022815745243 15.943780747993635 15.96283892112824 16.139538254693925 18.3302734864824 18.439100093594384 18.69561138323711 18.79855764261504 18.817558142152357 19.00008396057274 19.76543492694259 19.963201801553318 20.17958348309141 
0.07692307692307687 0.07692307692307687 0.0 -14.561571772351313 -10.267842755175272 -10.081871280397635 -9.29131523754194 -9.204343047855387 -8.878854249759 -6.172973899126735 -3.0682275704917004 -2.9491437370004046 -2.909341581237229 -2.4949972928503827 -1.9921402212956898 -1.910911190893438 -1.8658651464741107 0.6087074943738396 0.6891544026290938 2.5776698296651754 2.6601546067715254 2.7069611053005826 3.892781581752509 5.032477995507124 5.115316790613009 5.428399650483551 7.783446182118694 7.83662898785143 7.870372102423613 9.406603679652164 9.487625408251862 9.52781997491311 11.990243301742007 12.012135155760875 14.02073827007942 15.927917544309063 15.947636556595969 16.029044872323144 18.540511103135636 18.58412702357849 18.713840713179188 18.766439428022412 18.784878866375724 18.855674245376168 19.906490154444406 19.964318349542545 20.273943969255082 
0.038461538461538436 0.038461538461538436 0.0 -14.589367378997416 -10.036942853928743 -9.961081431293435 -9.301746729906965 -9.274739032638974 -9.163425032363312 -6.214647327455677 -2.904486571425785 -2.8202945657467935 -2.8045042654040353 -2.616286094381234 -2.0128499643577613 -1.9884387393849903 -1.9758845767822075 0.6933988278825571 0.7144924956314431 2.53944991350706 2.5615752429108474 2.5715734961759233 4.145848827167556 5.07669091486631 5.098521221046298 5.2026636066782315 7.790443830159611 7.805803291862732 7.814393580469606 9.56228025573433 9.585100265721461 9.593395740583318 11.897938477497306 11.903633789932213 14.003059570073235 15.929438202096353 15.93719665303133 15.95822746993547 18.676526046168284 18.68410083069033 18.72024053749434 18.736949888573683 18.740535970337945 18.759325377126768 19.994869928144993 20.004933202474913 20.328372368301153 
0.0 0.0 0.0 -14.59836865556957 -9.913156952630887 -9.913156952630878 -9.305036510693448 -9.305036510693446 -9.305036510693357 -6.228765137775079 -2.7610107145382408 -2.761010714538215 -2.761010714538207 -2.750342459375124 -2.0190722656162574 -2.019072265616249 -2.0190722656162348 0.7242892019604918 0.7242892019605022 2.5270078825743036 2.527007882574344 2.52700788257437 4.270613991042769 5.0942387213107025 5.094238721310763 5.094238721310773 7.797176721984644 7.797176721984648 7.797176721984656 9.620555290560313 9.62055529056032 9.62055529056033 11.867450499069964 11.867450499070003 13.995339890174757 15.935138242674288 15.935138242674306 15.935138242674427 18.722060221819696 18.72206022181971 18.722060221819756 18.72928734778875 18.729287347788887 18.729287347788993 20.028213812428184 20.028213812428188 20.34743305102766 
0.03125 0.03125 0.03125 -14.58953890529459 -9.999728639564157 -9.999728639564118 -9.32775359494296 -9.205609390234342 -9.20560939023433 -6.215095206298629 -2.9059488415971626 -2.8108335035427308 -2.810833503542711 -2.6189149263320113 -2.0105658953376184 -1.9849403066273401 -1.9849403066273374 0.7030705349119829 0.7030705349119829 2.549264782429564 2.549264782429576 2.57207880478544 4.14517767081487 5.090080368679796 5.090080368679809 5.194618905166917 7.793574066671202 7.806702868351981 7.806702868352066 9.572380749296412 9.582942307647215 9.582942307647222 11.900296156055493 11.900296156055497 14.002589058283686 15.92272409104009 15.949902922878302 15.949902922878914 18.67671067453356 18.701339046676893 18.701339046676903 18.74270623691134 18.742706236911992 18.749966719754372 19.99904347846839 19.999043478470554 20.32772126997377 
0.0625 0.0625 0.0625 -14.5619586142188 -10.1757080258137 -10.175708025813679 -9.393148748696579 -8.990814379424783 -8.990814379424751 -6.174703206557895 -3.059957300777975 -2.934512331624288 -2.9345123316242865 -2.496879678031118 -1.9778332647068446 -1.8956535433398491 -1.895653543339785 0.6479713305301911 0.6479713305301995 2.617924213856358 2.6179242138563716 2.703551269527769 3.888763775766359 5.087357004423578 5.087357004423602 5.40001534353436 7.7962084387970725 7.844708584734706 7.844708584734721 9.445734978218464 9.487986105381859 9.487986105381905 12.000110214637306 12.000110214637361 14.017853530519918 15.904393027093727 15.998567245073918 15.998567245074492 18.54802691101636 18.645834792383734 18.645834792383763 18.785258142693944 18.785258142694378 18.83595926398655 19.9357069670585 19.93570696706426 20.26737553597372 
0.09375 0.09375 0.09375 -14.516199371173377 -10.369682176886556 -10.369682176886515 -9.496047529156595 -8.731995990574752 -8.731995990574752 -6.119597264020977 -3.2088531988030917 -3.0983179412701722 -3.0983179412701616 -2.392617811019489 -1.9242215030071308 -1.7870143215902654 -1.7870143215902523 0.5540237867005674 0.5540237867006519 2.7258420182343155 2.7258420182343257 2.8812827137755495 3.625057891384302 5.086377105399342 5.08637710539935 5.604007662147211 7.803118055475571 7.901265832220788 7.901265832220839 9.243166126031527 9.333934441444509 9.333934441444564 12.164204742658722 12.164204742658765 14.017703840986753 15.902891547414251 16.068825147742302 16.06882514774298 18.379951364915396 18.545706012486605 18.545706012486953 18.835633743963268 18.83563374396544 18.96540310873823 19.87104595352538 19.871045953536917 20.155361439654268 
0.125 0.125 0.125 -14.452654213164072 -10.559436993891191 -10.559436993891163 -9.629503159062235 -8.454984071441508 -8.454984071441505 -6.059814717378785 -3.3365478630215084 -3.279368083350042 -3.2793680833500036 -2.304196530663533 -1.8511851896909282 -1.6753335850134847 -1.6753335850134714 0.4277782567944544 0.42777825679453224 2.866614748192974 2.8666147481930007 2.970188004256546 3.5160275120386997 5.09166462320457 5.091664623204603 5.775483629142045 7.825019242333547 7.970259482630268 7.970259482630302 8.979652770395615 9.136438229098136 9.136438229098157 12.388356711173694 12.388356711173724 13.984236361309316 15.937724389319566 16.147419212677136 16.147419212677782 18.21957277196744 18.395317006162415 18.395317006163378 18.87070404536427 18.87070404536704 19.11821404652789 19.854655737271873 19.854655737290052 19.988892234542273 
0.15625 0.15625 0.15625 -14.371941833243334 -10.738500203522 -10.738500203521966 -9.788338505544589 -8.16663718101457 -8.16663718101455 -6.013046794676631 -3.4627668415534463 -3.4627668415533956 -3.4310571622199695 -2.236616358408688 -1.7580456199703347 -1.5667158835406048 -1.566715883540598 0.27067513608266436 0.27067513608269034 2.8239006239332163 3.0306322120023195 3.0306322120023452 3.705172587946506 5.106992747958886 5.106992747958918 5.907914933816607 7.854830221787911 8.038260236192627 8.038260236192645 8.667366075415973 8.91293863735885 8.912938637358923 12.666031778400411 12.666031778400432 13.915008705548011 15.989986805809039 16.21766709372476 16.21766709372516 18.111359845370252 18.206281589261323 18.206281589263398 18.877087166538203 18.877087166544786 19.28357669064417 19.762292918798344 19.91265561822344 19.91265561824304 
0.1875 0.1875 0.1875 -14.274711846802909 -10.903669126590527 -10.90366912659052 -9.963635053851043 -7.872520330143385 -7.872520330143331 -5.987290811236887 -3.6399640307091254 -3.639964030709106 -3.48049235233616 -2.1917061254702825 -1.647491264097818 -1.4692892470051544 -1.4692892470051468 0.08969747683192453 0.08969747683192507 2.6230852742440955 3.2100866368685392 3.210086636868572 3.9992052749941815 5.137549163167085 5.137549163167094 6.020687403538957 7.882784772209752 8.085357151382231 8.085357151382242 8.321086791997182 8.692699037334584 8.69269903733459 12.987346618486171 12.9873466184862 13.825496964784975 16.019236851682823 16.262691835496202 16.2626918354973 18.00086162803621 18.000861628037594 18.09059183713739 18.867858323777767 18.867858323781498 19.444733661728673 19.481381547681696 20.007361168661962 20.00736116868963 
0.21875 0.21875 0.21875 -14.16216634197369 -11.053392700380346 -11.053392700380334 -10.152861449636855 -7.580370663948477 -7.580370663948467 -5.9862191827350815 -3.7982645630333085 -3.7982645630332943 -3.48604276649117 -2.1782933184232762 -1.5223142329720267 -1.3860478810436205 -1.3860478810435852 -0.10561649552682015 -0.10561649552678615 2.461497167494617 3.39413570676469 3.394135706764917 4.285187566431734 5.182640834189653 5.182640834189666 6.1326605292931875 7.906727861098602 7.9552848550409605 8.049388564163273 8.049388564163285 8.541629914266615 8.54162991426662 13.339527651950561 13.33952765195057 13.729298149247938 15.99581766017525 16.2684905117776 16.268490511778484 17.806809212933967 17.80680921293754 18.176121212784786 18.860490027640424 18.860490027654777 19.168164069105664 19.587213639011892 20.039735383402405 20.039735383483823 
0.25 0.25 0.25 -14.03579308144609 -11.188517305071462 -11.188517305071445 -10.35333884291358 -7.297485196897341 -7.297485196897277 -6.005931303677462 -3.9313407201444197 -3.9313407201444015 -3.4494041128549027 -2.198954542313445 -1.3864459879785493 -1.3313333351024839 -1.331333335102461 -0.3018584579985317 -0.3018584579984978 2.3651512943991597 3.579423614629976 3.5794236146299783 4.515441744151105 5.2390253059872665 5.239025305987269 6.272168743108729 7.579378441160584 7.879469613164109 7.879469613164123 7.917213561834273 8.5190485574265 8.51904855742656 13.626627007051576 13.705846769244374 13.705846769244404 15.932640040049822 16.235188577382097 16.2351885773824 17.64795821275062 17.64795821275172 18.295927203078218 18.869574451487086 18.86957445149245 18.889969169734957 19.705095560153566 19.947539188589563 19.9475391886296 
0.28125 0.28125 0.28125 -13.8966899841129 -11.307672011424579 -11.307672011424534 -10.560773241571518 -7.030107697066616 -7.030107697066594 -6.041426858206388 -4.026994251315117 -4.02699425131507 -3.38303926017236 -2.254753206012592 -1.329385365398225 -1.3293853653982175 -1.241312497604419 -0.46942386308183964 -0.46942386308183426 2.3455679584107774 3.7579538602754483 3.7579538602754585 4.662340291256637 5.303737022803612 5.303737022803617 6.438700584679094 7.209556268612025 7.641994188312091 7.64199418831211 7.93100605392969 8.564405247050452 8.564405247050468 13.50904638601079 14.06568093369241 14.065680933692434 15.868676074814543 16.179242977016717 16.179242977016962 17.527151681910237 17.52715168191076 18.22872641331934 18.839496693986717 18.896262560761777 18.89626256076468 19.798594001412955 19.799415459873973 19.799415459889744 
0.3125 0.3125 0.3125 -13.747343163212827 -11.410767050462514 -11.410767050462471 -10.771318232498823 -6.78954555575761 -6.789545555757608 -6.081775761320556 -4.0736761817536955 -4.073676181753675 -3.2984132974322966 -2.34014834792293 -1.416306555621272 -1.4163065556212704 -1.0926118619514276 -0.5732370514947485 -0.5732370514947178 2.3992539694160633 3.927408603143636 3.927408603143646 4.731926892968886 5.373157884717045 5.373157884717049 6.592879728827438 6.855796073890628 7.392546176648814 7.392546176648834 7.981970234225668 8.628302132627923 8.628302132627926 13.36255177173309 14.395120677832947 14.395120677832969 15.834584430416257 16.12496859600836 16.124968596008433 17.44021951940278 17.440219519403037 17.985709640739035 18.94229802662618 18.942298026628368 18.97808701568192 19.663729800521153 19.66372980053162 19.87091805927098 
0.34375 0.34375 0.34375 -13.590851836554327 -11.497533515441154 -11.497533515441146 -10.981305570971303 -6.587487519812131 -6.587487519812108 -6.1213471568052755 -4.0614771475991365 -4.061477147599101 -3.208152287162251 -2.4457637152640386 -1.5982163256920003 -1.598216325691975 -0.9468786348122769 -0.6059738834167833 -0.6059738834167793 2.515863507196454 4.084611624021858 4.084611624021867 4.738602893114036 5.441755985796527 5.441755985796552 6.529817424877766 6.672057664646325 7.151048978160029 7.1510489781600395 8.10454634059036 8.694315093478865 8.694315093478878 13.185340988624885 14.671271393630153 14.671271393630171 15.832907687093117 16.08598533900779 16.085985339007813 17.38899717746467 17.38899717746472 17.756882036057736 18.992186950722658 18.992186950723564 19.08914381336051 19.575217622743512 19.575217622744677 19.925297683723418 
0.375 0.375 0.375 -13.432008563192737 -11.568420564788468 -11.568420564788413 -11.185254868707625 -6.431177528543138 -6.431177528543098 -6.154035990097932 -3.9825624098563965 -3.9825624098563828 -3.1214265185821293 -2.5568140039782272 -1.8437254324084689 -1.843725432408451 -0.8077510047657495 -0.5933380728789223 -0.5933380728789083 2.6744521636279837 4.226021013722196 4.226021013722221 4.707570857042061 5.504657582677151 5.504657582677179 6.239053185428135 6.665149439996839 6.930083878561488 6.9300838785615015 8.29908418148675 8.754990329730264 8.754990329730282 12.991854457319366 14.881727918579168 14.88172791857919 15.841622853520724 16.05257023532625 16.05257023532634 17.378836879404453 17.378836879404492 17.600459282209506 19.0337801064703 19.03378010647133 19.12125921005311 19.56302915722419 19.56302915722868 19.96389230468787 
0.40625 0.40625 0.40625 -13.278761552795244 -11.62367130626242 -11.623671306262327 -11.37485015975056 -6.323084543119593 -6.323084543119586 -6.179282148014922 -3.84070524424163 -3.840705244241606 -3.0468318818290805 -2.658475957320528 -2.1191007247047957 -2.119100724704787 -0.6879068240288307 -0.5647176500921529 -0.5647176500921418 2.8545037216404947 4.3475539987229395 4.3475539987229554 4.655488740105864 5.5634160014036755 5.563416001403721 5.998616916642391 6.599659916266734 6.736300924501979 6.736300924502004 8.51463464782243 8.807186873243312 8.807186873243321 12.806156164081177 15.043307471014536 15.043307471014558 15.838861106972262 16.001233036096306 16.00123303609631 17.40564739844827 17.405647398448295 17.522088886692213 19.05712783370842 19.05712783371007 19.10418674718611 19.6448495862864 19.64484958629555 19.99450777390378 
0.4375 0.4375 0.4375 -13.142493006551835 -11.662992411663001 -11.662992411662954 -11.537357059200593 -6.25564730822796 -6.255647308227922 -6.196672875238902 -3.649124435280407 -3.6491244352803855 -2.9914457508654824 -2.741310550878196 -2.404393721377269 -2.4043937213772595 -0.5944029189073112 -0.5382211643828385 -0.5382211643828257 3.0243027663039896 4.442332760440619 4.442332760440637 4.594719452059393 5.6118373738510945 5.611837373851108 5.8164763689161845 6.517867270112286 6.578612090375916 6.57861209037592 8.706195005166423 8.847484347351552 8.847484347351566 12.65278571911817 15.171859733238191 15.1718597332382 15.818737258227943 15.919420831107358 15.91942083110745 17.45045934840903 17.450459348409122 17.498493702040676 19.070609225475927 19.070609225478005 19.087204264101562 19.79453829810869 19.79453829813376 20.0124229169001 
0.46875 0.46875 0.46875 -13.043410886299906 -11.686492304407833 -11.686492304407828 -11.652090000773306 -6.220047682663583 -6.220047682663502 -6.206065843221578 -3.438166283933773 -3.438166283933725 -2.9585054943402302 -2.7924062159125524 -2.6680162639577567 -2.668016263957717 -0.5343162361495748 -0.5197227555937753 -0.519722755593766 3.150842752465657 4.503551805054573 4.503551805054574 4.544873015751905 5.649183205827482 5.649183205827487 5.702810299418864 6.455588105057273 6.471346887160573 6.471346887160577 8.83651777444953 8.873426144449406 8.873426144449436 12.552400133346863 15.274678037734896 15.274678037734907 15.796926787993828 15.830926407161087 15.830926407161138 17.487059537511914 17.487059537511946 17.498739358963558 19.080992370970787 19.08099237097329 19.083909449119165 19.95447428790406 19.954474287912735 20.02272173734531 
0.5 0.5 0.5 -13.008222178349612 -11.695200876781065 -11.695200876781014 -11.695200876781001 -6.2116533082342755 -6.21165330823424 -6.211653308234208 -3.316298615884933 -3.316298615884917 -2.9486552392081697 -2.8134249079009033 -2.813424907900901 -2.813424907900896 -0.5204202135129328 -0.5204202135129093 -0.5204202135128901 3.197396014498347 4.515827930854342 4.515827930854343 4.515827930854359 5.659566718416325 5.659566718416357 5.65956671841636 6.426335757125442 6.4263357571254485 6.4263357571254724 8.872369742684945 8.87236974268496 8.87236974268498 12.516769183930155 15.316444308375143 15.316444308375162 15.783294759944857 15.78329475994487 15.783294759944875 17.491623878528355 17.49162387852836 17.491623878528458 19.080171740756178 19.08017174075762 19.08017174075839 20.01981548511153 20.019815485112836 20.019815485116037 
0.4642857142857143 0.5 0.4642857142857143 -13.038614856523171 -11.696384069735213 -11.683134046405943 -11.653178745558353 -6.2281872958636955 -6.216126109415185 -6.200436716034309 -3.4681105819542504 -3.3790420031074473 -2.9466904077489002 -2.8051154529969264 -2.737503744637303 -2.634846637273783 -0.530355766952573 -0.5281135389921311 -0.5158317208702256 3.156800649760049 4.488713020176338 4.513743711389495 4.549768170357883 5.643494694315068 5.66571995093946 5.688993686203766 6.446551482101436 6.459777181613055 6.476272582622868 8.845096174268585 8.866479063976508 8.874665743646723 12.547857268488514 15.263511157066363 15.29582367694772 15.799906767113507 15.814875428291383 15.830486780211489 17.485734842051155 17.490384586754494 17.496804849895554 19.07919531109491 19.080609817452416 19.085670700233056 19.953495851053553 19.97385310415114 20.01741862726258 
0.4285714285714286 0.5 0.4285714285714286 -13.125010107220135 -11.702339716262903 -11.649427654654938 -11.53975156258113 -6.286696001173533 -6.235791416986674 -6.173947349791051 -3.7163453652921477 -3.5212686458436924 -2.9151491060948893 -2.7884570621758304 -2.5979350163816153 -2.32349159334572 -0.5751062051025325 -0.5644469094646898 -0.517166205927347 3.0462500750099775 4.392152908539789 4.486256753329171 4.615289225546375 5.6012546282576015 5.668838038927426 5.763287085842124 6.484682446227381 6.547780339212803 6.592458518806563 8.738647654778488 8.828867128828376 8.862129261917081 12.63615725006595 15.144930302536665 15.229461129515402 15.814379441102728 15.906561403827352 15.912162553181483 17.444543479829104 17.471893257491185 17.494279003171446 19.06345910733378 19.069807243321705 19.091686878908003 19.791934190662307 19.850174988482767 20.003565359902158 
0.39285714285714285 0.5 0.39285714285714285 -13.243428994068488 -11.711936718508612 -11.593353244908078 -11.375785427372644 -6.391082757861925 -6.269237178674187 -6.13236730126783 -3.939761976238158 -3.6856155387259713 -2.866254499480595 -2.7474586259527087 -2.4504432596366823 -1.9931803188036175 -0.6462033123025568 -0.6191194119680249 -0.5232641762048625 2.8958747449660813 4.246262890527774 4.446030891087645 4.69598663865 5.562943238356346 5.668730092745537 5.875706411877879 6.533315224538454 6.692831678808193 6.743896859080739 8.579908154848885 8.767142911312307 8.839324869995659 12.77323833082385 15.017147683093674 15.127120650063189 15.795645969316089 15.970830082997885 16.060255683724687 17.370625736791972 17.462842798288563 17.50827550479923 19.035531107819118 19.0549240086513 19.11211037053197 19.61851026250239 19.713673136503566 20.009436750596585 
0.35714285714285715 0.5 0.35714285714285715 -13.375955774345421 -11.72506756161612 -11.51518910025917 -11.180005680200921 -6.5470239245124615 -6.3184248979996 -6.081229990503256 -4.111575976488239 -3.8450069275377317 -2.8238467730555503 -2.6699122379554963 -2.3117667710476577 -1.6786127357447007 -0.7387315598223225 -0.6780610898931901 -0.5371758665211918 2.734618263079227 4.066843292229452 4.399188342173635 4.765004106137493 5.549172206528875 5.660860111217519 6.011984968603835 6.5761421198731975 6.892250313630281 6.902607509751973 8.384611556252471 8.687618835541883 8.808252430740934 12.943508547648403 14.905425194958038 14.989182951768022 15.73585174141525 15.976393426612335 16.261942851967287 17.26991731230798 17.459770115030242 17.573972442309785 18.980377208675215 19.047757683541846 19.140188040444052 19.463186615504874 19.615025227887532 20.046492481952427 
0.32142857142857145 0.5 0.32142857142857145 -13.510572436088028 -11.740482595865368 -11.415064586640849 -10.963587819094554 -6.754030225080773 -6.385602799208482 -6.023795252320928 -4.2217509532645074 -3.9804739034286314 -2.7838116250646268 -2.567075184261621 -2.188368734048607 -1.4279827453370544 -0.8402055108804874 -0.701636638138232 -0.5534642649578605 2.583709078088605 3.872424789934181 4.351408715493619 4.797091728575892 5.5809397390914794 5.64602992797639 6.1604320507468655 6.597839342775787 7.046931697600316 7.140365311208993 8.185628121623063 8.598302587358596 8.777426439014878 13.12605645180644 14.814585193633066 14.816087484246472 15.660512971958779 15.918553123783875 16.499316635427487 17.161253608858345 17.456140659164166 17.706722480769653 18.890525749978003 19.056042406820158 19.16030256191828 19.351154992377115 19.57702869647023 20.109164696832558 
0.2857142857142857 0.5 0.2857142857142857 -13.640650352142274 -11.758255044357995 -11.29342785688475 -10.734638408903747 -7.006757177686944 -6.477442939196041 -5.96639117628221 -4.272346327345678 -4.080803989155183 -2.7376570539786815 -2.459289959937862 -2.0853309982277346 -1.3271494856982915 -0.9400262842582504 -0.6066191988603177 -0.574625764147854 2.4587989407222155 3.676428972453409 4.304901421965884 4.781751662169855 5.6232293794696835 5.650684070515095 6.311154934604481 6.584195125792346 7.1663603609530755 7.427269477433597 8.003828246433864 8.507180826432215 8.748134859521949 13.2872649058124 14.635602159501701 14.747242965963954 15.595805909165195 15.804212837850192 16.761522112472043 17.056322316277303 17.442067212093033 17.882420015228394 18.788324454746302 19.038297432723564 19.12555779486425 19.350996721074488 19.584666996201726 20.145451165750963 
0.25 0.5 0.25 -13.76109325138507 -11.776837149965148 -11.151114608246088 -10.497408321724365 -7.29365484360142 -6.595799218627669 -5.913144449308912 -4.274226068810786 -4.137289771871572 -2.682971953781866 -2.3597384890076993 -2.0026531488250225 -1.3830458424569771 -1.0388122951848378 -0.5966541555523481 -0.3900545418270564 2.3691831141986412 3.490994405258273 4.260074662351713 4.724505070204048 5.592928232152721 5.732563964112841 6.4542564961486315 6.5391053953527285 7.250623138581367 7.73238871835425 7.857398413956814 8.424452526488027 8.73013924075491 13.379307916028319 14.502851943609608 14.695694634160208 15.557313358290127 15.658518912348002 16.95090244661353 17.03470966146429 17.416679848626544 18.055482234055145 18.709698977094607 18.979033868414344 19.02095026685749 19.51839344565875 19.61050159238822 20.08772076181088 
0.2142857142857143 0.5 0.2142857142857143 -13.869700898159733 -11.795907133057485 -10.988793035118253 -10.256427558905692 -7.60087543466745 -6.74348565728425 -5.866186114173445 -4.237346474795115 -4.149510114842003 -2.6271960826842364 -2.272080320560208 -1.9389220059335002 -1.5104902337778459 -1.1318638773394312 -0.6239908005508392 -0.13248982724501157 2.3159857319218995 3.3280729194320537 4.218519551063922 4.636622713526608 5.558808776851422 5.779105356548074 6.503031532067189 6.584891563160671 7.299374241162817 7.737289585840235 8.025105745922952 8.362177804959543 8.740937958553708 13.357042666082503 14.476232321713278 14.641435463415874 15.518380856574487 15.544823614899558 16.839078604346017 17.258842640178976 17.41473739564425 18.158777049454592 18.680080570778998 18.828211941097848 19.019941449169483 19.628681654233155 19.793325195856614 19.923030056917106 
0.1785714285714286 0.5 0.1785714285714286 -13.964027247630042 -11.813911795000932 -10.80688931243905 -10.015856707686964 -7.916761465033986 -6.915291741121422 -5.825311731720588 -4.1731290668856404 -4.1232207197925685 -2.590959000272038 -2.183459563284205 -1.8877079250692004 -1.66255670346281 -1.2160125980200982 -0.658883647611552 0.11794518234354005 2.2973998574270387 3.197054121866306 4.180207182071545 4.528735284405091 5.523172624598994 5.753120668505996 6.525847137612006 6.6990849930128435 7.312289462697695 7.629008059163437 8.252689948830405 8.332812490198645 8.822545260003496 13.242733959993803 14.54970106932701 14.567981767700086 15.423308814833588 15.554703001050454 16.71215117442967 17.216323745617366 17.586999323719077 18.189048326686528 18.696038238694463 18.715482040334056 19.149207559661605 19.554405828624226 19.775070715090507 20.192308814297647 
0.1428571428571429 0.5 0.1428571428571429 -14.043052883662899 -11.8306240015854 -10.60868975896752 -9.780773042543357 -8.23420093895555 -7.103881521398228 -5.791821862840035 -4.094337880430208 -4.069103595153437 -2.5958177893655705 -2.0739015482408005 -1.8414298136786884 -1.817539460748565 -1.2879919322324938 -0.7095619006002951 0.3416551725950292 2.3050206522480114 3.10303326732971 4.143205548954828 4.40710020182358 5.484221832965455 5.668962163796961 6.607538738196087 6.793769952037091 7.291097271093321 7.521320607315604 8.333736686833001 8.368404835191173 8.995597327551156 13.096282750814693 14.466668228502128 14.674928271217203 15.3934755070808 15.576141805936926 16.564714166408546 17.03709433966472 17.685526400279745 18.291374440578117 18.624466405492193 18.80976095439122 19.319516043536314 19.357507621866052 19.762667827836964 20.669384319912655 
0.10714285714285715 0.5 0.10714285714285715 -14.105379095834538 -11.844537728391247 -10.398071704884991 -9.560979042554754 -8.543693831390113 -7.2956049589620555 -5.764276027149008 -4.010412699550853 -4.0003571788264525 -2.6407590382434347 -1.9637418412913992 -1.9478459166037152 -1.785340437171395 -1.3466806608337676 -0.7895418669118602 0.5288306348659156 2.329437399265933 3.050621304295233 4.112117943383533 4.284338990215331 5.451028781225864 5.565612365724153 6.715512276181754 6.867940062617738 7.2463693087840095 7.415164740547827 8.359051254968252 8.409747605113385 9.213137819190916 12.960106915738862 14.355260480470719 14.822649261142631 15.421659917773331 15.604573484603916 16.405195673536376 16.774870014479045 17.6892006459461 18.500721508275554 18.617301983273666 18.947854931418167 19.094090401574203 19.5819566276486 19.775276799472007 20.565806033443096 
0.07142857142857145 0.5 0.07142857142857145 -14.15031955745853 -11.854876802883565 -10.181253656398805 -9.368848321925578 -8.830186462076243 -7.468703613069865 -5.743140286522361 -3.932000856893003 -3.930908099096698 -2.7031797729245772 -2.083459659751441 -1.8599092410368145 -1.67147248240713 -1.3884665647108043 -0.9003191148272077 0.6718758323746683 2.355940272826595 3.035238822359901 4.088739399348165 4.174909386522859 5.425256507040195 5.479095218813954 6.826123936582814 6.921635357226087 7.1935257234544725 7.320317506195406 8.396628453426993 8.425709838655889 9.403171508763705 12.855137719626308 14.258344144646314 14.971770377765411 15.488601912463068 15.645700914778011 16.248132524844724 16.479404361332996 17.672780364475155 18.643402126930333 18.728185407620348 18.867841127993362 19.171564996202303 19.748770159134374 19.788291527615126 20.422026592813403 
0.035714285714285754 0.5 0.035714285714285754 -14.177551100978729 -11.861514149736879 -9.985632005872763 -9.231893084432402 -9.070294915791054 -7.598273073445244 -5.732879042256304 -3.879321102381366 -3.8784223631526134 -2.7574875080053967 -2.165398517947 -1.8286513197502146 -1.5186083360119096 -1.4167658056517984 -1.0317534518063785 0.759818759468865 2.374491836984308 3.039619757548856 4.072098028601398 4.094765134014898 5.408055105911909 5.422827955266996 6.917334696019916 6.951518386982143 7.148633907837385 7.240324009316763 8.422944056278794 8.429861189136059 9.529191856852917 12.789057266149868 14.19262878838661 15.090668293640908 15.564731864117638 15.718864884775996 16.11262876767031 16.203786050207125 17.65866957915289 18.682256489804246 18.74405726274371 18.896575348852302 19.343281352743087 19.792511817384295 19.798195618763483 20.406775144809266 
0.0 0.5 0.0 -14.18659756079107 -11.863723717291897 -9.89045353442024 -9.179874534364545 -9.17987453436452 -7.646081762932519 -5.728379811178613 -3.8583608084490972 -3.8583608084490733 -2.7784201716083 -2.193386590454776 -1.8199963937950574 -1.4253070226707765 -1.4253070226707538 -1.1125697020181986 0.790531350047346 2.381431262085897 3.044714568254117 4.066636215955896 4.066636215955911 5.40289016865282 5.402890168652849 6.9622297930974675 6.962229793097476 7.1316332373979385 7.204082154758768 8.433084153622966 8.43308415362302 9.573829206885591 12.766980439034981 14.170052055409831 15.137262988995335 15.605457607600387 15.793418133832892 16.053735837833436 16.05373583783363 17.654535748682243 18.70236659029223 18.702366590292627 18.962881342055862 19.400418187679144 19.80626132074919 19.80626132075063 20.418716148791486 
