 4.37588567  4.37588567  4.37588567 90.         90.         90.        
C   1.09397142  1.67612237 -3.8640652 
C   3.28191425 -1.67612237 -3.8640652 
C  3.28191425 1.67612237 3.8640652 
C   1.09397142 -1.67612237  3.8640652 
C  -3.8640652   1.09397142  1.67612237
C  -3.8640652   3.28191425 -1.67612237
C  3.8640652  3.28191425 1.67612237
C   3.8640652   1.09397142 -1.67612237
C   1.67612237 -3.8640652   1.09397142
C  -1.67612237 -3.8640652   3.28191425
C  1.67612237 3.8640652  3.28191425
C  -1.67612237  3.8640652   1.09397142
-94.33969204
48 bands 
kx ky kz  bandenergy1 bandenergy2 bandenergy3 bandenergy4 bandenergy5 bandenergy6 bandenergy7 bandenergy8 bandenergy9 bandenergy10 bandenergy11 bandenergy12 bandenergy13 bandenergy14 bandenergy15 bandenergy16 bandenergy17 bandenergy18 bandenergy19 bandenergy20 bandenergy21 bandenergy22 bandenergy23 bandenergy24 bandenergy25 bandenergy26 bandenergy27 bandenergy28 bandenergy29 bandenergy30 bandenergy31 bandenergy32 bandenergy33 bandenergy34 bandenergy35 bandenergy36 bandenergy37 bandenergy38 bandenergy39 bandenergy40 bandenergy41 bandenergy42 bandenergy43 bandenergy44 bandenergy45 bandenergy46 bandenergy47 bandenergy48
0.0 0.0 0.0 -11.89226120593555 -8.950917840921024 -8.950917709043933 -8.95091765349009 -5.754732829134356 -5.75473229673596 -2.390284832945205 -1.957486124281618 -1.9574860337378983 -1.9574860247806314 0.8159077913245549 1.2586775329129227 1.258678987970337 2.430847299068216 2.430847374974524 2.430847481196668 4.089140236251425 4.0891404224647765 4.089140748636712 5.045520725311932 5.045523004110297 5.045523477260745 9.422335569991592 9.422335747474948 9.422336172338664 12.264820508156857 12.264821730924188 13.924956201905825 14.033163178769545 14.033167222127375 14.033167702444192 15.953445057770702 17.42221488850097 17.422214904601194 17.422215565352825 18.118137614304377 18.11813770668432 18.118137972890967 20.31004581138103 20.31004598757487 20.310049515763122 22.29908718917256 22.29908791570356 23.72847114109612 23.72851223115156 23.728514399144803 24.98545426583388 26.39092803335542 
0.0 0.0625 0.0 -11.874238294696813 -9.005707216309458 -8.953028428097598 -8.94546373142819 -5.7348791827941 -5.7041969379412105 -2.415575343269752 -2.1152803128072155 -2.04090264365946 -1.8035626850750892 0.7927049521785888 1.2156694594756638 1.2882534257320533 2.060866104087511 2.5749468752772806 2.7138953323297295 4.105452115256462 4.144586487782895 4.197618930063745 5.012907551505123 5.032223487618588 5.03526471479051 9.339524276825632 9.411915473913158 9.49990877730371 12.088353740587966 12.264027253502789 13.883416566165232 14.038612845189688 14.070694568712506 14.145874785483441 16.016242301110612 17.33676159390221 17.392236552335902 17.470460154574635 18.00559888055862 18.06102266755278 18.188560810780633 20.15034597170919 20.304166401919456 20.396748958028336 22.24901538963329 22.343039802171766 23.401174207439936 23.7141124823313 24.15187725928168 24.80069225086714 26.1071882483266 
0.0 0.125 0.0 -11.818695664442881 -9.156628537098188 -8.949935798044978 -8.934767268020089 -5.6717842972615955 -5.5598792607882315 -2.487701174610288 -2.266583303298776 -2.2592914739039585 -1.6510320112427215 0.685426355112532 1.1077736685747914 1.4817842827394405 1.673847478193425 2.8868988423912736 2.9391876206294096 4.180302654047071 4.295536761404433 4.443937795745337 4.967760014846495 5.005604625524799 5.018025817423536 9.130307671015998 9.479612496950251 9.649083057925484 11.645666163407334 12.270923898872296 13.692623321464474 14.11836898639339 14.23324811740679 14.36899611831407 16.203881435428823 17.224756996905857 17.324046552872055 17.494420850354754 17.874079791310674 17.917495637886468 18.238235659053657 19.963763792407025 20.313002668039566 20.427828095876837 22.110833414709017 22.427344418216162 23.16446700334805 23.676589421603037 24.445806127297374 24.676129948662584 25.871121681496234 
0.0 0.1875 0.0 -11.727053773499653 -9.37682191211763 -8.943651838882614 -8.921510267414355 -5.568721435020437 -5.349421163657646 -2.6083297938186787 -2.564572699282922 -2.411541792354385 -1.505422337165502 0.5382244559048434 0.9595163173320651 1.3027572090959139 1.8251993897237546 2.9798871138287555 3.4127923627131587 4.2408557305895975 4.489647419396612 4.581037535762464 4.999988045400315 5.000009101779889 5.106850137448941 8.843513766295565 9.607560952570081 9.844429666543224 11.051498512180698 12.27868021466291 13.43086738424095 14.063244052621517 14.269146313785196 14.84908141540515 16.509058935119693 17.10482735375937 17.239817417240687 17.489206477412864 17.726446778686086 17.75419306406266 18.288587972020576 19.75622067672838 20.31018258975956 20.372246096820323 21.874285827483117 22.40451207888004 22.957854633966488 23.49368439684186 24.291347965289976 25.23949649409804 25.732063045065743 
0.0 0.25 0.0 -11.59996088126122 -9.642747201911346 -8.935017753004391 -8.906849959403646 -5.426244575846688 -5.100516863654734 -2.9087121444024193 -2.7732375408713232 -2.541343086763814 -1.3709234903208896 0.4116757436945855 0.7990994135070514 0.9694536876477123 2.247297448950308 3.0499190983390085 3.937709465646366 4.243972517938775 4.459491783297196 4.623024676931849 5.051789134413429 5.051914988574391 5.518820098356835 8.530489904621763 9.789032994852953 10.069681670211883 10.37679029329698 12.297710050353166 13.079534571774555 13.883114987533322 14.235749160524826 15.425509907538988 16.912447344114682 17.02643000313383 17.171631011869525 17.46406027422402 17.531601465499136 17.691106210643376 18.35625205512413 19.55638602541559 20.227607485916764 20.249297852547095 21.622526787332724 22.11207757189532 22.768999794796276 23.154715097138123 24.50938631560557 25.711531263764474 25.731615886588575 
0.0 0.3125 0.0 -11.439052084914067 -9.92934782274788 -8.925406959976952 -8.891977575256966 -5.246033493345851 -4.837416999879185 -3.2548234872918487 -2.974456688278182 -2.6502441372988748 -1.250646236952503 0.32709288016633 0.6456601878073412 0.688883096285731 2.7027340746191633 3.1311041588170485 4.196511640838134 4.266078404602062 4.4729190464053135 4.597848466018942 5.1490263652071375 5.232837039988233 5.972109972322013 8.239071336461079 9.688362980139159 10.01613524949722 10.304164652436778 12.337468092255582 12.64403109563615 13.613488943538533 14.129186397206176 16.053507844405246 17.01022810534795 17.077141464964217 17.380655065698285 17.44976320774616 17.45547729953769 17.677061906385035 18.451625022010212 19.37880452851571 19.992201249743903 20.025701273158248 21.48524290099777 21.569724137964734 22.608263472179544 22.83580147205726 24.90643885263421 25.835624501922315 25.931596659142297 
0.0 0.375 0.0 -11.246098388150966 -10.220848342169239 -8.917243473046542 -8.880211233835457 -5.034958206180399 -4.597090227521927 -3.562450617073709 -3.202536991407668 -2.7331298298371243 -1.1504011656549005 0.2862451591044315 0.4715258804372626 0.5117114128109301 3.159685231709525 3.2304685207528916 4.065893282710632 4.135763775205467 4.464472305237229 4.974394594038505 5.251576943391571 5.441752124358563 6.367527929074349 8.016423022132107 9.029211484037134 10.290223984929261 10.52280707674321 12.15734109535307 12.414280261059364 13.299815156562717 13.979771095029143 16.642445523556024 17.03162748199076 17.051669500428478 17.345562962925666 17.48404246647701 17.679387960919684 18.01999140801724 18.582480422208818 19.23267040251715 19.599067726181833 19.69152422670116 20.89690496416327 21.532564300848275 22.490293975094968 22.53841084871129 25.356007318896417 25.796878166097923 26.074123972703568 
0.0 0.4375 0.0 -11.02346402791183 -10.505429424798102 -8.909984247031005 -8.87134943196747 -4.800301649138219 -4.470126422175379 -3.7350262661842244 -3.4410712843744364 -2.7836248689112524 -1.0795948438170986 0.2895398766979262 0.3337164381287975 0.40582236738785643 3.3419803112961946 3.5889244651112 3.8904235046107383 4.089824586188379 4.250945200498586 5.326970832531972 5.378364015724687 5.594912409842065 6.64140849456871 7.9338727381361895 8.466588498844196 10.604269584623976 10.68584126926289 11.684553559516921 12.545414553979217 12.998492976980263 13.850112262999783 16.928925819856556 16.996576073300233 17.11321840719866 17.53089484237481 17.679533087789256 17.68532643734626 18.56104577261991 18.760758399445358 19.135567266063614 19.142839503314914 19.379410580697424 20.18275871793031 21.7155229270662 22.251064741998515 22.426175643780372 25.596075033446493 25.775930535179445 26.193631099331014 
0.0 0.5 0.0 -10.775145337753248 -10.775143940475866 -8.909256701477384 -8.868965347773212 -4.576137403775002 -4.576128867175324 -3.65674078443809 -3.656739216726014 -2.8019273537715232 -1.054990918154047 0.2844789965272024 0.3290870857328074 0.3291664175499409 3.4025638528375275 3.8041564905274488 3.9561834622911025 3.9562508987824194 4.072684907049058 5.353539203675386 5.592069491559644 5.592145186858793 6.738768425030504 8.07426088346724 8.074288580718637 10.744436474072776 10.819682541775698 11.404478905263026 12.739021385921708 12.739060786763195 13.796638898942197 16.970783231101812 16.97086018224897 17.137452724189703 17.55248849072372 17.685100872537646 18.271220904333415 18.27129598895653 18.912449006996066 19.107137920709263 19.176247294585487 19.48489435228445 19.48491313385064 21.965908900814178 21.965963633601394 22.400908976917062 25.50382064299283 26.074427738603312 26.07470097497242 
0.0625 0.5 0.0 -10.760720406130986 -10.759754511952885 -8.929487671111554 -8.888047337887581 -4.577251878175007 -4.5641703163599585 -3.725908995589024 -3.6646005850256658 -2.755359952601158 -1.1055072980600569 0.14729028362624136 0.4320151238406017 0.47674360073876426 3.4376648430237804 3.6495936799771767 3.7419677736964614 4.085787371585802 4.249928675288919 5.277003835024626 5.5993948640183335 5.677574084953866 6.6989689782097575 8.130901192610393 8.158245881559012 10.759729785113311 10.828184245996345 11.354179653212864 12.667535309475301 12.768285496674928 13.786993368550641 16.91926827000531 16.97243070948075 17.09703435923844 17.457182882939094 17.54432571148346 18.244793701768206 18.246796537606233 18.972745438227882 19.162511028026383 19.164236287940838 19.53195683920744 19.57237863290336 21.986903730324446 22.055594596785852 22.333169065199584 25.46908603799181 25.96142592223861 26.160665374732996 
0.125 0.5 0.0 -10.718116969119418 -10.714418480209385 -8.985676574669283 -8.944222968187661 -4.578167372885636 -4.527914996069815 -3.87976565605493 -3.6841451186135523 -2.6826523673990077 -1.196363041326434 -0.007913245712149125 0.670829173435225 0.686752487985479 3.4318817031855797 3.437481601924826 3.551153444499967 4.2415753377702945 4.432213660681692 5.146239266515862 5.632671922490555 5.834501512653455 6.596340875908724 8.294587829688687 8.39900075028166 10.778733169714714 10.877380441077733 11.202577235094527 12.46837623883116 12.843282621335634 13.784142767921804 16.781725577216545 16.953242888608568 16.991684001452132 17.225865431143173 17.239174913559534 18.143612330505654 18.20395212271411 19.087264324908936 19.12137122586614 19.31657055910327 19.671750378971826 19.77272574196374 22.07299095222018 22.146085194780955 22.304322125080787 25.35948119005269 25.677550023841434 26.413073398892234 
0.1875 0.5 0.0 -10.648302066707858 -10.640103015853576 -9.075769947707053 -9.034882824731872 -4.578407955229495 -4.4731133567037125 -4.044030161480485 -3.711482879725764 -2.683974274516268 -1.2293955872556703 -0.16300392079371162 0.8959592751414881 1.0058972205163808 3.1604945534066515 3.231341462651349 3.6342832877859244 4.374826772604748 4.602939139811631 5.010250858644262 5.70453128926944 6.006592446414008 6.457710518294101 8.532362092144348 8.754427380928016 10.782908033909738 10.941971733595594 10.949336459409816 12.20619853010221 12.934877721375024 13.829277504849847 16.586121538105836 16.73294912836805 16.843405463947615 16.95220718277072 17.062601255301217 17.95356125949021 18.15232508020802 19.04363915978418 19.203477540677557 19.529346327128213 19.877656684346583 19.970428111745818 21.875714410563887 22.26394897473346 22.62095049694987 25.204944565839067 25.33276253021741 26.643160627377295 
0.25 0.5 0.0 -10.55399212552956 -10.53942521449087 -9.195809953313798 -9.156852369421633 -4.57342697404237 -4.421953138205624 -4.162015043687292 -3.7441602344026306 -2.792077915337442 -1.1769482158501579 -0.3082684776128982 1.1418665815410756 1.320852553951966 2.89650120355835 3.084907249935011 3.653341676833292 4.485647941642442 4.818488098194257 4.8805759951841905 5.80617977291728 6.149264753805327 6.327828078395746 8.803734258564761 9.178903671303315 10.627695159658735 10.768832606537186 10.922453597433865 11.995945302678557 13.007645642727008 13.931709661809593 16.360460595496914 16.363886497354514 16.68349596424935 16.7123426349281 17.0371055335453 17.7000983454591 18.04302722494307 18.93870492736157 19.3267245534353 19.777727282793382 20.07700332242699 20.112139486389182 21.587766911630556 22.56554181284254 22.892280492872228 25.023206621319655 25.087157209951904 26.598734519904994 
0.3125 0.5 0.0 -10.439389171015385 -10.416192505723783 -9.336289744537279 -9.301607466715566 -4.563560443816072 -4.438494956530368 -4.155803686191799 -3.777307397261448 -2.971277864155381 -1.0757995716872266 -0.43157904402891467 1.3881712910064086 1.5747226072906377 2.6777445065479255 3.0343558703110856 3.5797828365848745 4.54885474816693 4.789077065524508 5.099185223490786 5.916823860069764 6.109367770080228 6.370258557773329 9.072063395788474 9.605080436076376 10.309284517643345 10.6793332331357 10.7932926241779 11.952612383822759 13.034930641588222 14.060754502933909 16.051305213361246 16.13954107226422 16.477470065021617 16.61690552257607 17.02630864964803 17.413193709145656 17.844405851195457 18.83078700088841 19.456535773689044 20.02407457127866 20.046303050455673 20.371768748568424 21.36594458040282 22.95232511006168 22.965492581928316 24.872783100595363 25.045504468660237 26.378395399889268 
0.375 0.5 0.0 -10.313064395821538 -10.277910687880215 -9.48579593625514 -9.459936857640596 -4.551214338435455 -4.500118132629978 -4.049392049286415 -3.8072941656657675 -3.177474141903233 -0.9740524852314657 -0.524449947469028 1.6010761352722693 1.719006862603376 2.527700927451817 3.0927857773162004 3.4489863642277254 4.4905349361863145 4.804571139285643 5.409309692053305 5.992698549611527 5.999794797117451 6.4801164677625085 9.296698375034389 9.744227068972384 10.288029197730514 10.396098027410943 10.753109082973843 12.021808170013651 12.983788909689297 14.173612138398752 15.861657771637448 15.953485448255604 16.318850115444246 16.62240788252427 17.018273585093556 17.129988797693997 17.56855287950039 18.7452985286114 19.567200888099606 19.898446751396424 20.213516159341946 20.68153658070385 21.245523652164195 22.780603541615328 23.357729442133873 24.97448286326317 25.07383924673921 26.078910800396965 
0.4375 0.5 0.0 -10.193544040080342 -10.142163897614937 -9.62009293817817 -9.608106285206322 -4.544150266646483 -4.538252582709851 -3.9150868041310973 -3.828326346598251 -3.3679413959744666 -0.9024652423197609 -0.5803826768739303 1.7432499861380182 1.776674750741741 2.463519191437252 3.2048800867815386 3.3191030732556914 4.392042899136037 4.861520140581769 5.697599672700025 5.92872543451394 6.0019110477007045 6.556160503805736 9.44833759503092 9.577746276982442 10.152306557667695 10.58374881139137 10.731342449641168 12.1040137262043 12.875570701611489 14.257702712990225 15.793866852908954 15.828602920205308 16.22433774368327 16.73928345779625 16.912392531828374 17.02484660419619 17.26518630993687 18.700115419418758 19.643918224609248 19.742876759937637 20.328585277654014 21.014199032257295 21.20142904048018 22.47506245618912 23.68423338843085 25.18681184023785 25.25666033338397 25.755703691206065 
0.5 0.5 0.0 -10.135368462599427 -10.071444678448906 -9.6835898814539 -9.68358933842235 -4.560291973348794 -4.533508423827764 -3.835983061470727 -3.8359571967271795 -3.466657293609855 -0.8764439771426149 -0.5994619246663918 1.7894423638308337 1.7894436913343397 2.455335672761055 3.2611870266696843 3.261247501803848 4.34605765524276 4.886586359291268 5.903571522538197 5.903589101898661 5.905498609935302 6.582973589679162 9.499570446464926 9.49962113234552 10.059347489727628 10.723403306576591 10.72344520640844 12.136237152404345 12.813050925205129 14.288874028304114 15.78336452237664 15.783382482228898 16.19237153361122 16.829574347037422 16.90902839392722 17.028108185704422 17.028195368441587 18.687816927187733 19.67500991172524 19.675050898421357 20.364966044132032 21.190468626664543 21.190624037927073 22.298104186451653 23.81121434346327 25.34387212343542 25.516667880143157 25.517023216863695 
0.46153846153846156 0.46153846153846156 0.0 -10.212875513031094 -10.085754516421748 -9.67501735158252 -9.593000285487474 -4.553821904992398 -4.531420105036985 -3.9205376107466523 -3.806197964984702 -3.391856907605267 -0.8960202675583648 -0.5853146285868134 1.7374334138478738 1.798795091599568 2.460183478577864 3.2594794507931497 3.26034421814948 4.382704476027566 4.86433453055718 5.7400943217600915 5.901622746025242 6.007239048940052 6.562149498243832 9.491073315028046 9.525125257661553 10.131884450182241 10.662660655917763 10.684483015759382 12.109526453936878 12.8648306478734 14.264257507919858 15.79933251325546 15.806236814142029 16.21466733613085 16.75717290186318 16.894360043915093 17.049430059627962 17.20731741317901 18.69486476805302 19.676481020527856 19.704692491847393 20.336128384370912 21.045944522003428 21.207221639724338 22.433726095483458 23.71774857463187 25.117791834829045 25.519033708433014 25.54374824173601 
0.4230769230769231 0.4230769230769231 0.0 -10.407153411494702 -10.055198865753574 -9.649398361467425 -9.432305157316403 -4.572145438176057 -4.483814627231529 -4.090889495413322 -3.7225110118075393 -3.2488352341965943 -0.9549736715642277 -0.5416601018049367 1.600800958882453 1.8192110911557424 2.496276447101002 3.231467722864895 3.2681969065260046 4.471402347926786 4.776976058338732 5.544245767712402 5.900020980509969 6.056839366087179 6.501653541442875 9.437649647386541 9.59609818777755 10.278662136134425 10.583537989072592 10.597318645174287 12.022207536310882 12.996758192000614 14.206960217161308 15.84735460943893 15.868509863370967 16.272910876227883 16.631615372750254 17.03394478047316 17.163676839082562 17.407058193708366 18.701240136294505 19.67855152450041 19.79698941189692 20.258679617331847 20.770606766130097 21.25899616205426 22.67475527409341 23.49242529488411 24.810474196850663 25.439293752371725 25.63049645345918 
0.3846153846153846 0.3846153846153846 0.0 -10.623714488032679 -9.99741291270769 -9.607719365562303 -9.279679826586838 -4.6109380929058705 -4.385307551498908 -4.286322523700132 -3.597386059973041 -3.0937133204759095 -1.0449843984749865 -0.4698779204815173 1.422006834378123 1.8330914315893436 2.5809754671766436 3.157488091716096 3.3084432817689238 4.5610253709706825 4.579829484991624 5.386974945715758 5.91619546879309 6.0631379085627115 6.397720084832457 9.344673248850578 9.692822502059622 10.174821173906837 10.456569446652978 10.901431987030763 11.867003948055252 13.168034264406304 14.144433507310394 15.924305139329263 15.933452523942394 16.386177746180035 16.59271759934609 17.119221045163197 17.469555622636435 17.543586207650062 18.66786532007919 19.66111919952836 19.935085026295074 20.14130590587694 20.55948889132078 21.35465904467252 22.85396390079403 23.244377275770717 24.625628049914496 25.213166761716735 25.761512818180396 
0.34615384615384615 0.34615384615384615 0.0 -10.839153710965839 -9.916947567798125 -9.55095844907448 -9.152797232490187 -4.6679293491707385 -4.491166149534672 -4.235703990624514 -3.444946909102848 -2.937735117328259 -1.1601050275600044 -0.36924619678475734 1.2501938748708339 1.8178737301488153 2.6945298771100377 3.050888892287243 3.4020805660991766 4.283127546914035 4.593754705072361 5.293665156496832 5.948923187886167 6.015195964608836 6.243727471687551 9.231347177324855 9.771059025067341 10.037738597687746 10.359378656185926 11.381012788450997 11.66319054509444 13.346623833796514 14.095478080472214 15.948569552187847 16.029761813563457 16.576539943095405 16.631947102579062 17.197246522530705 17.60592843675841 17.85580562102806 18.538584027536775 19.579171964434746 20.006714839192554 20.021490243558592 20.592029542465994 21.502521218741464 22.918456534404385 23.041782371391527 24.655976115958193 24.89018558562727 25.897978338256856 
0.3076923076923077 0.3076923076923077 0.0 -11.044147475211162 -9.816447128069226 -9.481682357234535 -9.059303106118751 -4.748987286421717 -4.69828913746323 -4.035643789727719 -3.2779947430875773 -2.7851542754556218 -1.2870777437040473 -0.24211182194125233 1.1111196670567913 1.7636018453783573 2.72928653297021 3.0168548058666222 3.537207294970329 3.9575516156730997 4.546954085327608 5.2294080927460325 5.8957522900516866 5.958608218487354 6.035180849928934 9.101221186245908 9.775634138711082 10.02353758108171 10.328700320858449 11.465901317942153 11.89381783922159 13.51917930271409 14.062462498483125 15.903899188540043 16.159295880824004 16.72125143859534 16.801710768945725 17.27711834387991 17.623922436937896 18.222910952999836 18.28383043487441 19.431622808027964 19.926448093058028 20.000457318021617 20.872538764810486 21.70667081135397 22.90921127765077 22.912111342368714 24.551528928980872 24.72140725181243 25.8911458265222 
0.2692307692307692 0.2692307692307692 0.0 -11.233121413731258 -9.698926126393701 -9.402537586643845 -8.995866778822707 -4.9020311216539 -4.857628459973584 -3.7882975393617766 -3.1056743641601727 -2.6343891815704943 -1.4094579222803587 -0.09095242245059126 1.0216138303810929 1.6771907298018252 2.5917503153336994 3.1537680133594472 3.504287275918914 3.849387016555356 4.44828514160102 5.1748347158222 5.690838143678222 5.805521447483805 5.901991340757732 8.979958218529086 9.718986106396198 10.160493309002733 10.304839856504463 11.369563373778055 12.395939939483636 13.689053945927576 14.04604722796174 15.801288174295529 16.310421297555006 16.841735590481562 16.992737090802027 17.372807502812044 17.638881471930212 17.946448910357034 18.43143217466536 19.390187318422633 19.869965346724335 20.01506455530213 21.24737459874988 21.940202261709256 22.859936380448012 22.891773187036215 24.2600048689872 24.827865879811878 25.772435548826195 
0.23076923076923073 0.23076923076923073 0.0 -11.402158535402146 -9.567484958076689 -9.316129839311559 -8.958267348965391 -5.096083614749332 -4.993806985383669 -3.504729676588568 -2.935717096990221 -2.4882021450853866 -1.514687671824821 0.08202032667899799 0.9859844170499938 1.571839368225098 2.4076594445294126 3.2278852639492057 3.320177270126735 4.03661828918997 4.336610891891109 5.109791074196045 5.421165900782762 5.572165109344697 5.748837677401719 8.907281901642513 9.651611431945758 10.205773109051941 10.4218224121637 11.42765454411076 12.848237333905905 13.85667492314341 14.042003484234087 15.623607222437427 16.477339257234327 16.97799628934756 17.10832357633551 17.483501293249414 17.48582175324113 17.777042662291315 18.385669738921475 19.567459192360502 19.869348932108394 20.054862111581826 21.644291764022714 22.130529561360415 22.87098420906505 22.927074303320104 24.05666948980088 24.94374244903034 25.631286073626335 
0.1923076923076923 0.1923076923076923 0.0 -11.5484973931154 -9.428390770441448 -9.22780576294832 -8.940531503793192 -5.275879827424491 -5.152302582922992 -3.2018366198704924 -2.77609091374253 -2.348816834232759 -1.596254021865547 0.2694891617873721 1.0033979521824552 1.4568102010839603 2.2263382232347384 2.9720253821309996 3.4268254473936266 4.236575034031183 4.270489978268322 4.973159524806501 5.197604974919604 5.334111550950057 5.510217322112315 8.906481127770707 9.58644415979081 10.049894570592215 10.76474248473404 11.594094202772311 13.2212273045425 14.016074264035167 14.043271858463749 15.354842445987549 16.64880377218327 17.02685033082158 17.15887210426437 17.236949750738624 17.571531489224267 17.863270839253858 18.263455800419255 19.718528326346767 20.02356971827874 20.113114408880282 22.01014816864123 22.20242988879269 22.853153719542675 23.162888049573493 23.94808399028562 25.05760060622052 25.571028614810725 
0.15384615384615385 0.15384615384615385 0.0 -11.67074022625676 -9.288228257701698 -9.141724713753913 -8.936455752856295 -5.435304280641331 -5.322644680237503 -2.8984551944072874 -2.6341178679355113 -2.22251796056113 -1.6572714759605331 0.45923537356671734 1.0669662125859913 1.3480170525320905 2.070730327119487 2.7678737979035217 3.4011379922809746 4.286940502870602 4.375782030679652 4.722356385621801 5.064832184233132 5.1600606523883705 5.235722432459318 8.97646898390395 9.522732376378677 9.881085147148225 11.150114662452319 11.79360634918202 13.494294623421483 14.044518570129448 14.153876731188726 15.006415837779096 16.64267553710267 16.912897771815285 17.19602129671997 17.38923397821125 17.602866242116324 17.97487052192215 18.176749439934458 19.80533686662778 20.168011251068105 20.244876300160815 22.201722532524553 22.284933218253546 22.867400175435495 23.490441329389455 23.93940476045135 25.085062376517975 25.604545871488277 
0.11538461538461536 0.11538461538461536 0.0 -11.767103856880167 -9.158299792937713 -9.065413270689666 -8.939093496812928 -5.568433912387774 -5.488169995971954 -2.6251441842562326 -2.5031139535163054 -2.113737546857683 -1.7083777506115994 0.6315160903348425 1.1575094366049976 1.261597493991645 1.9772817320200642 2.618202709192758 3.2502817478229216 4.318448284892011 4.363981406231641 4.487221551311942 4.9747303484917875 5.026140532462081 5.0984015156461 9.104001399267148 9.466505169078427 9.725146875098053 11.543958731702816 11.982634667474228 13.686105591338253 14.04398086719867 14.23011128276457 14.62644193216229 16.36738823739388 17.084792591876006 17.242230035394712 17.582614643101188 17.60392426724068 18.07759817399456 18.136157162078387 19.917823661675314 20.222360300210223 20.39104697887949 22.213801371429906 22.38189735513278 22.990338560545133 23.696157159631365 24.135735377645965 24.900690988943317 25.72775084783786 
0.07692307692307687 0.07692307692307687 0.0 -11.836627319906817 -9.050101443332947 -9.004506671382051 -8.94429233088121 -5.669876375039132 -5.6277910697411375 -2.469429641936928 -2.3186161280491793 -2.0294897055928853 -1.7642318881973789 0.7544977018709258 1.223936531329628 1.2305647449691532 1.9978594629365967 2.514888498213819 3.0165519519528012 4.217157603095265 4.246592638363564 4.309779363211133 4.977653023292274 4.98931616356387 5.068317766742804 9.251183935345665 9.421714243949722 9.58751092328684 11.901173518267369 12.133895810275767 13.819003297830042 14.04131881624282 14.206256081838776 14.290611313492061 16.142013176915732 17.257838131112166 17.301453096767712 17.534075127092827 17.820599977290115 18.12119556760828 18.1441806966771 20.04648044640403 20.266755943083176 20.433662690800436 22.24603998338532 22.364859151036363 23.194822340198257 23.729683242951385 24.505571161470584 24.511855359834986 25.918476919842565 
0.038461538461538436 0.038461538461538436 0.0 -11.878662557928523 -8.977635646941414 -8.965164339927822 -8.949356561578687 -5.734005975169775 -5.722181897275533 -2.409684745073791 -2.118260423387978 -1.9773429099085138 -1.8443704910008563 0.804966266211384 1.23895515770612 1.254043369044463 2.161365594107306 2.4506377901114305 2.7303095044974826 4.1061289504674034 4.1340569586278555 4.163908848250172 5.017624224842462 5.025726665206467 5.05068687816166 9.371418313129867 9.400979314785229 9.481657158282173 12.162412195501009 12.229472512380902 13.922752736783988 14.011790485133988 14.033053758856088 14.145580584967187 16.000899349555844 17.361257902928813 17.376618761453166 17.477369228647586 18.000099200462362 18.116606736786068 18.160521118843185 20.179336587045704 20.294990990289694 20.392749603876016 22.27992847678586 22.316626960357972 23.432245099428453 23.726326557130697 24.087162168064232 24.83883770347336 26.138387663610967 
0.0 0.0 0.0 -11.89226120593555 -8.950917840921024 -8.950917709043933 -8.95091765349009 -5.754732829134356 -5.75473229673596 -2.390284832945205 -1.957486124281618 -1.9574860337378983 -1.9574860247806314 0.8159077913245549 1.2586775329129227 1.258678987970337 2.430847299068216 2.430847374974524 2.430847481196668 4.089140236251425 4.0891404224647765 4.089140748636712 5.045520725311932 5.045523004110297 5.045523477260745 9.422335569991592 9.422335747474948 9.422336172338664 12.264820508156857 12.264821730924188 13.924956201905825 14.033163178769545 14.033167222127375 14.033167702444192 15.953445057770702 17.42221488850097 17.422214904601194 17.422215565352825 18.118137614304377 18.11813770668432 18.118137972890967 20.31004581138103 20.31004598757487 20.310049515763122 22.29908718917256 22.29908791570356 23.72847114109612 23.72851223115156 23.728514399144803 24.98545426583388 26.39092803335542 
0.03125 0.03125 0.03125 -11.878885198511838 -8.971154357239497 -8.96453027362604 -8.955866144926 -5.728626351105513 -5.727524540508193 -2.409397136132387 -2.1231404361108037 -1.961971013413872 -1.8545216177467494 0.8075474325770773 1.2364735293625098 1.2533440914587315 2.183854497827139 2.42186532255043 2.7390383599333807 4.110171191221228 4.13161682099851 4.161094055725266 5.011875115956289 5.033967443805671 5.048629514840703 9.375763896394941 9.39919548856991 9.47940291596694 12.192868669631908 12.199371278822063 13.935290628452005 13.994602924398466 14.036388822833674 14.147999917955735 16.00038410176025 17.366179008040373 17.370625553708862 17.478906251314864 17.99792760005055 18.13010067496966 18.151013918344418 20.182749278649972 20.288167537697657 20.394199077185107 22.295776410069674 22.304588589612415 23.433080234085484 23.729888267986254 24.084949840741835 24.839504277572363 26.142131143639265 
0.0625 0.0625 0.0625 -11.837296159299338 -9.021791772333803 -9.007850745151076 -8.96909989433515 -5.654548568612511 -5.646824980689192 -2.4670387922862465 -2.336879899805407 -1.9690621212119799 -1.8133073178956172 0.7828178188724887 1.1489004728543961 1.2649836726403234 2.086415744885649 2.4234054110717893 3.0265702298636032 4.199880437677906 4.261873552315692 4.300902162776419 4.964486631917845 5.022228617067358 5.051386654430055 9.260898831969083 9.416305723373563 9.580081585472948 11.995038130263044 12.038166445771644 13.865222553378322 13.971092389896992 14.23696654733363 14.269912449047895 16.139445989544267 17.241473756580493 17.319081104411435 17.522442619417863 17.819263209786914 18.108356122199215 18.16061907805893 20.060530103496387 20.24557228089816 20.43368595072181 22.276085376269933 22.33064452931043 23.19486672461016 23.722558520435935 24.49644994379869 24.51590408238139 25.90044918155164 
0.09375 0.09375 0.09375 -11.768346839556703 -9.09583805453589 -9.074965143273415 -8.989479741456014 -5.546071352660818 -5.5181900671368425 -2.583895887342927 -2.5691937875544415 -1.9777550513787943 -1.8293925022056845 0.7426877230551632 1.0136984697742364 1.304873524839778 2.128946273227973 2.479186648971449 3.2427329703772285 4.1327764437152315 4.484928138063152 4.556756281838267 5.014259750979046 5.026133966031474 5.060327606206757 9.114101147985574 9.462196833232714 9.718694570066617 11.715984017403668 11.817614080174451 13.798374447844305 13.907929501436165 14.257945822274309 14.615919947072017 16.36031485435702 17.075359670183804 17.278386987446904 17.503610541024763 17.620541293051577 18.055298249433548 18.205353276465424 19.96160747570344 20.181352101573044 20.390477717110564 22.26091886697515 22.342276273566814 23.0234675012096 23.6595218598702 24.10270971596008 24.993361210636838 25.68966827507768 
0.125 0.125 0.125 -11.673356664730564 -9.186807649252202 -9.15873997730122 -9.017337510247255 -5.423916176009039 -5.357492121888225 -2.8492046977896117 -2.7237970429491796 -1.9863433398947692 -1.888570175796388 0.6925642424431218 0.8891599714537421 1.373604704632878 2.2501454653767445 2.605005682735254 3.395086478129903 3.8817331995185147 4.689159508416888 4.897236663682027 5.010371373465521 5.1213139894753 5.214524684332712 8.964747632562876 9.524798188269047 9.87846133811267 11.40884399672996 11.5675759810011 13.689163973871468 13.818330015419056 14.179810996490213 14.972706342190445 16.619493662459163 16.936881307842842 17.22934528850574 17.355430576257795 17.43183172931228 18.062615190737773 18.277455628624107 19.902982610630414 20.094821294486472 20.22880259035161 22.197676137325608 22.264687760559113 22.995315653146495 23.41201211342588 23.80402883247257 25.466835219998604 25.545828084108212 
0.15625 0.15625 0.15625 -11.552574806387492 -9.285262568501533 -9.249733964184447 -9.049163912534727 -5.308337241660629 -5.181395058013971 -3.107965741884706 -2.9267427195849502 -1.9917367235920524 -1.962775178879037 0.6517150042715607 0.8130056058294199 1.4738903933628191 2.409942677342658 2.7967309057494143 3.5237203142511615 3.5448092905777657 4.885245961732795 5.018348596098616 5.029015054058928 5.437823283175576 5.441330843180948 8.852480007589897 9.600273795969747 10.02560634159279 11.151877985476489 11.31994872661878 13.526865813486308 13.707566878755713 14.017850587652598 15.265408638994975 16.659065499623274 17.102263825022295 17.11669739526833 17.13681788736982 17.320951683198466 18.100368729456374 18.404876649267162 19.907485520378767 19.95877891038299 20.000380871342784 21.912763892419733 22.310623674879206 23.017815334497282 23.07703911168761 23.626823058526163 25.507361300099085 25.891000420082882 
0.1875 0.1875 0.1875 -11.407900388975465 -9.384368086665164 -9.343558980904703 -9.084047693645934 -5.224483175165911 -5.018632834015005 -3.329267575384968 -3.175524201102554 -2.021270435611922 -1.9943106218515174 0.6304207549204983 0.7911215752668826 1.6007640427418819 2.5882534520498415 2.9183361627633597 3.3070974461543683 3.6421946098072793 4.989714714511554 5.062694586391168 5.1362319787705255 5.6184066085139905 5.820943957921623 8.803184400233038 9.676006834021443 10.064330843700493 11.056826755887768 11.094652568762205 13.30994477387941 13.575957092293082 13.793531096635032 15.444291943729912 16.547237479247606 16.85507394267564 16.99854135816703 17.292359972289155 17.488874266820975 18.12560226347103 18.598731403244646 19.598265380805753 19.903415942960066 19.92537040696964 21.608942568233115 22.386994837847652 22.627046659781488 23.15284371974782 23.46110851955315 25.59577513483489 26.20983189463477 
0.21875 0.21875 0.21875 -11.241778804455535 -9.479904300576885 -9.435101333697604 -9.119892603869756 -5.189283897542355 -4.912347799150426 -3.4703504189730294 -3.463691576471869 -2.038986314533725 -1.9942146795695295 0.6290861365020529 0.8220934287626898 1.749996756919814 2.6476906996432166 2.7715407628269855 3.515116086210343 3.7528762376653546 5.0308224491173394 5.1275478644428985 5.286860435330998 5.707433430246482 6.120236582703858 8.841047957561358 9.734452307838374 9.938453410695711 10.92332368048013 11.188781194659432 13.048814710384622 13.424821336106975 13.531703749911552 15.505574148804122 16.42505581497195 16.618659038814556 16.860832943873394 17.300257758576834 17.926978777845072 18.125844061188783 18.827891281158248 19.182107248679138 19.805909108432306 19.845524512180496 21.421622301625238 22.327288285065386 22.483967291695862 23.175587445988644 23.295975996926295 25.78853347978666 26.385761299409136 
0.25 0.25 0.25 -11.05688247473158 -9.567146409264819 -9.519370659830928 -9.153813314886902 -5.208945437759618 -4.905223303063657 -3.7803643312249773 -3.484511204294287 -2.0049033195835193 -1.9909113899486168 0.6331240474250593 0.904654144759942 1.9175384846051422 2.318365869258637 2.951846350929184 3.8494992306132234 3.8715827973425405 5.078153923376795 5.22841634081384 5.403347709421301 5.686746260681429 6.290253834252998 8.974952246781774 9.745881577573423 9.754028912177649 10.84132318678744 11.446733713671025 12.760480492481404 13.25403658113377 13.263040200463532 15.469596471905104 16.318699951195445 16.448097649346767 16.74004198096353 17.32807840161826 18.10458853687718 18.362269582692345 18.75746922943984 19.0362431389696 19.600922209500407 19.694375494602905 21.431374960894097 22.181998007094695 22.585906302786505 23.14879325036087 23.150710041161812 25.981530446023605 26.398521030834136 
0.28125 0.28125 0.28125 -10.85775505717791 -9.644035342731092 -9.595695553534048 -9.18419851342894 -5.277052187735125 -4.999694409412737 -4.114326384674282 -3.3710456759088743 -1.9840233084727357 -1.9288561356164993 0.6062409560045527 1.0358591191637476 2.0689892805095154 2.099292651885004 3.120437318469625 3.922339470086003 4.267380403750545 5.132420321093328 5.371606473750493 5.480060545626771 5.55564277558109 6.314186803634849 9.193991407496855 9.565323392256564 9.719244618115848 10.86351635842244 11.732440751113188 12.461821261232389 12.967776359030804 13.087089387179807 15.32609631647771 16.279953404462475 16.373626300396005 16.634950803999494 17.36992856966598 18.069163171839772 18.365009093218436 18.647351418991676 19.256380003930925 19.282689350855932 19.549358994360322 21.574029213640458 22.23502372414156 22.677792424255294 23.04610931835826 23.09867476411047 25.974407429987664 26.243188274794885 
0.3125 0.3125 0.3125 -10.650407065870828 -9.709169945348632 -9.6623603921153 -9.207468915368988 -5.376940468077749 -5.1506822305833 -4.455114998268989 -3.176820189102125 -1.971720030199927 -1.8327961840482987 0.510462078734808 1.219675135495405 1.9609757597499355 2.292100148867594 3.2714523774208994 3.970134931483267 4.680430429802687 5.174079151819081 5.339951195869369 5.540217496948566 5.550035041831652 6.19691196191273 9.43134195324926 9.47495513163224 9.64408125521685 10.949494848669477 11.970370227796634 12.186702878146198 12.689561119696327 12.901835372965502 15.08202281151351 16.34398634945254 16.409223506843993 16.558665275604785 17.42929387924172 18.026586363060066 18.043427869263812 18.67803444953357 18.89905162308144 19.220034421682236 19.805802995628724 21.764184523575235 22.454257074664795 22.75423790402261 23.011357043878714 23.037782995427573 25.686022375830028 25.963977442383367 
0.34375 0.34375 0.34375 -10.443361273582958 -9.761877023511103 -9.718686188685233 -9.2217899262345 -5.490116080052013 -5.316149216074179 -4.790613475970449 -2.943322074255669 -1.9558774738104565 -1.7430090380142653 0.3421305444565394 1.4593210972845014 2.003081444452811 2.4901843691076335 3.3923998116427536 3.9939243389624948 5.047394717656348 5.108134450572361 5.165913135576421 5.6248451916804845 5.722525416069756 5.997139746936348 9.350831722496125 9.553985487384676 9.793737468413942 11.037093996536793 11.8699272636019 12.178955086724791 12.430451278927805 12.705323479896414 14.78171869986365 16.49216432039663 16.541650540883843 16.547970350555868 17.497130314919282 17.810624257862678 17.978907380915864 18.556430623442118 18.588731904338655 18.931998385476085 20.308864799234552 21.944537006932638 22.760592520606973 22.805825842033652 22.982510018904794 23.037389066156894 24.31321032985702 25.27319217980342 
0.375 0.375 0.375 -10.248626558771724 -9.802630485891894 -9.76535132649929 -9.22327274563605 -5.6013106098027 -5.473200228727325 -5.106850548976455 -2.6988220595410133 -1.938673977783412 -1.6803661831355718 0.14156768779986037 1.7517557741700085 2.1577775365501446 2.6891108626176727 3.476032457139983 3.9899282985561944 4.737589993998369 5.092401857103012 5.485884235474841 5.585942513881897 5.757661826848245 6.031391151626442 9.315335196556058 9.470109225517108 10.129639069829706 11.082780621229796 11.647233345006597 12.197323191232538 12.200879395982719 12.488689109950649 14.471125603148332 16.620605490134 16.69788975517827 16.76152282965964 17.5717554006048 17.65745687456668 17.923781489373336 18.330143365988352 18.351609472095706 18.663876245408893 20.81406038599294 22.09603404792983 22.819208976117753 22.945096571654158 23.08406026766038 23.1381118952955 24.157120848300508 24.87918384792008 
0.40625 0.40625 0.40625 -10.081153525096362 -9.83161406541555 -9.80218478819726 -9.20930697324951 -5.696127988121515 -5.6066626986961285 -5.38658070435865 -2.4600137661810946 -1.9177549317502744 -1.6597010738325328 -0.04700593265220094 2.093416896377623 2.3865843699398797 2.8832639456373443 3.5213335795725555 3.9486035375871227 4.392204721409683 4.983446975489815 5.265507826559767 5.832390313956783 5.923305196014386 6.203075621853578 9.312784095692928 9.402911649617833 10.469064239571807 11.106144958783972 11.475521854220508 11.985275410203453 12.094310319511388 12.258243284774611 14.18847545237574 16.808035662756176 16.93946690389235 17.005900815323255 17.566507568540732 17.653670338736685 17.865118832518668 18.05385643617549 18.18895046651026 18.44172587806638 21.298389463133223 22.22103427581796 22.802085299890454 22.936670734731386 23.230009969623186 23.42246280371056 24.020340795245342 24.578664124329958 
0.4375 0.4375 0.4375 -9.956147101725199 -9.849798140116425 -9.829370281507662 -9.182408922358919 -5.766110967916959 -5.709858591133249 -5.61093940064837 -2.2371011849148292 -1.898967103920014 -1.6849004772063036 -0.19735071819931121 2.4722639234344497 2.664736735166342 3.0667116595245854 3.521337435082669 3.8362706920127154 4.036617505924658 4.868422485144506 4.974308755208304 6.096729552015603 6.111173151994303 6.332815014637275 9.323210280259406 9.355927794992162 10.804322640239713 11.150381171551118 11.379907082886467 11.784558821260903 11.894262389848816 12.006348701132895 13.964892793405575 17.07024548106819 17.19802225772032 17.22009107824247 17.528892338597906 17.725226874845703 17.80673559975315 17.808372652385643 18.0710139410562 18.228715909261666 21.75769975732854 22.3287017909783 22.750519885336683 22.976126163312355 23.24955762798664 23.57178975736529 23.987976403085806 24.409266065561532 
0.46875 0.46875 0.46875 -9.881700807966261 -9.858558272764714 -9.847958201601175 -9.154452371196529 -5.806880180668882 -5.779297775570592 -5.758542801259012 -2.0415629348954325 -1.8859300686622111 -1.7597097544396552 -0.29559436552503837 2.869549109052087 2.9729595676826666 3.2281151965126416 3.47194466177853 3.6097793521691353 3.679078235701534 4.775850289254265 4.790841589138999 6.249967318023912 6.291535475269685 6.38641687972911 9.325858707633834 9.331448350941193 11.125161420649858 11.248583826616464 11.37042568468361 11.602325338532248 11.655675418750413 11.73266159979809 13.820551469998094 17.31872299740652 17.354789343479318 17.44512082266291 17.542486832971797 17.647052639459893 17.757119486758032 17.784029063438936 17.953498400784333 18.00869132080774 22.202720328326816 22.43952164605728 22.66181187342607 23.043457168878476 23.11098855768464 23.474136283878433 24.09837252786529 24.370229955795395 
0.5 0.5 0.5 -9.858270627405986 -9.858270586571772 -9.85827052419365 -9.144396802212663 -5.8126198659609924 -5.812619784275818 -5.812619681048217 -1.8816521987887047 -1.8816518092178207 -1.8816517252080434 -0.332248021821892 3.2425796398568196 3.242580352533663 3.2425814681426526 3.3875299581533027 3.387530286701594 3.387531210459689 4.734720849871641 4.734722303879629 6.35416207489026 6.3541637566158435 6.3541641112202 9.321711861830194 9.321713658935122 11.39295951280628 11.392959701054183 11.392963246089703 11.476506141013452 11.476506370683975 11.476506633594871 13.767171023315449 17.399464103319968 17.399465681751064 17.54318055863044 17.662850550897865 17.662853289435095 17.66285413909904 17.842676533896295 17.842676585363037 17.842676874572017 22.55236948259415 22.552372420333043 22.552373283783982 22.730926556467313 23.394468106580476 23.394468296882547 23.39446859225605 24.15925044214979 
0.4642857142857143 0.5 0.4642857142857143 -9.872727400445374 -9.866070733074137 -9.846837413803932 -9.152649376604549 -5.806743827827205 -5.7779079305794925 -5.769345989774526 -2.026956130212038 -1.8901172822110255 -1.7627013367283515 -0.29882758730355 2.8678009818885917 3.0250795529827013 3.3255195693946398 3.343194487522301 3.609713543118694 3.676262790560928 4.777807249734212 4.778020927343214 6.259915491043527 6.296515371385126 6.389790140106475 9.325029250462508 9.33444173122578 11.173980109356936 11.210649027253126 11.449263202731192 11.492625830062378 11.696504614717513 11.70861073861784 13.815122087829263 17.339890678076905 17.35426802727542 17.46661535928225 17.575673960008608 17.585622772852066 17.767135777403528 17.801323241239995 17.953076498531498 17.984196706005005 22.242884007381015 22.44401557515925 22.653750219460722 23.01914759625968 23.140412954765498 23.557837359301256 24.08436412458884 24.124581935799597 
0.4285714285714286 0.5 0.4285714285714286 -9.917238837642143 -9.889967173409314 -9.819298896673132 -9.180146992763886 -5.7754219039840144 -5.702638260175021 -5.651580994499245 -2.2017600791674337 -1.9199865075066869 -1.6762215665104439 -0.21382693841021336 2.4705954634466467 2.741693623374434 3.22397567022245 3.35073303086403 3.865133483038265 3.9854617341742897 4.884999831052207 4.909494315515228 6.116045246163779 6.134204198349302 6.356081618312419 9.332784977710668 9.342737755656513 10.928019834909469 11.038480762796386 11.52368852386176 11.545992040803155 11.94224549185726 11.995852568668482 13.940828261618673 17.12403860359587 17.1646575301906 17.344725702917813 17.494025882316247 17.630338590575818 17.755053736133306 17.92161333510854 18.058546752366745 18.17616947843984 21.85868182955239 22.29031027586281 22.71778668019384 22.934975745912794 23.38898798914348 23.71242491522462 24.28003212475254 24.43625328023017 
0.39285714285714285 0.5 0.39285714285714285 -9.986268153307956 -9.935353698627718 -9.774176602870943 -9.208616517497038 -5.719268905956803 -5.586307011343979 -5.469042530374462 -2.401512348779176 -1.9656754871994446 -1.6201504258424764 -0.0794727733008667 2.0954739945796446 2.459045877636988 3.0512260550649546 3.3910999358682172 4.099126726631492 4.197560016589666 5.037588890988796 5.137402780729935 5.901864734967452 5.933970029383572 6.257199397633065 9.320203739280583 9.380294787248758 10.69200905029869 10.927751981684576 11.573848864211486 11.654316951954668 12.172451935952296 12.302054884849698 14.142665333287757 16.867508230187855 16.89457791637347 17.247013759770375 17.441047057093115 17.693184404798494 17.700230867841185 18.144344002178233 18.146046618994724 18.363819552074997 21.495692404221334 22.08066797577964 22.747985920750065 22.866156195947116 23.557880793566365 23.653978862279512 24.467411120897797 24.680047660002938 
0.35714285714285715 0.5 0.35714285714285715 -10.07325006945677 -10.005983050068552 -9.712576099670711 -9.223914684150941 -5.642861919673501 -5.434402906306859 -5.238285820960602 -2.6233701779595977 -2.0215790115835586 -1.5920347876065049 0.09256902013356849 1.755026319374279 2.191545298305592 2.8428810021881166 3.441572805393221 4.300386972474411 4.326327256473325 5.217509613975327 5.392828403833134 5.661249579619275 5.724213983924294 6.113862195094219 9.244139276886035 9.485605236559815 10.471765893878564 10.876834693074073 11.645346126270837 11.73092515679186 12.366432087271848 12.607944008368833 14.409364031419186 16.627334354762418 16.641129858413528 17.15239393508239 17.364318102027525 17.667720788927582 17.76805080576198 18.226821185768113 18.38841866812515 18.5880863583275 21.162829006791526 21.80804437952605 22.720584580443074 22.859558778313236 23.307396739570358 23.8676234040004 24.680212052560112 24.973758121829 
0.32142857142857145 0.5 0.32142857142857145 -10.171476429381475 -10.099461378748552 -9.635466753133457 -9.218617837725848 -5.546543658487051 -5.254768481568938 -4.977096048378348 -2.8606939852682896 -2.0853445189205213 -1.586495341877449 0.28362340002852043 1.4573016750576715 1.9572127091009572 2.6070521718379056 3.5003128161659247 4.409267565726369 4.457862875650406 5.303950491358852 5.384670173495753 5.524446772829003 5.755902005016952 5.9544920381173725 9.120359973587846 9.6475808734566 10.267058805766684 10.871718088487604 11.730616712204496 11.742596459794697 12.512107252589233 12.898136907335669 14.72478560962824 16.411504073203165 16.481076461169234 17.061950036273796 17.267211866960913 17.673275036756216 17.849747521455757 18.30992803342598 18.5947700205354 18.898462143702318 20.855312578330864 21.47609120808068 22.637825801375463 22.880375101507838 23.036325974755645 24.062389036440475 24.90813131499947 25.302802819744162 
0.2857142857142857 0.5 0.2857142857142857 -10.274533706907157 -10.207284968384407 -9.545506549957002 -9.193637167534385 -5.4328669689544915 -5.054679160959216 -4.704616491469774 -3.1101871316784355 -2.1565207312316965 -1.5938854738083423 0.45465973748478095 1.204112719945176 1.7935061549709883 2.349652161710924 3.564580369238257 4.449313500871481 4.557610880343483 5.06512772236403 5.236736516000257 5.638872034203933 5.810894491677115 5.969018098395185 8.965610121498555 9.83836493212468 10.078414388368314 10.884353031557069 11.672879058212116 11.830158480382753 12.604785163667769 13.151747819437016 15.067191372322382 16.286171974422203 16.40487667266269 16.983750216528296 17.172590599667046 17.706336687852883 17.930878194951735 18.39726664857218 18.7857068311106 19.24856392949821 20.575423781567533 21.100098010337426 22.4866635830211 22.78793129478682 22.898208572874374 24.26465653119857 25.110061522527225 25.631580559911928 
0.25 0.5 0.25 -10.37684729229736 -10.319989183840793 -9.445614321537509 -9.153748376458186 -5.305601455902931 -4.842091208193869 -4.441885960608884 -3.3623228368011207 -2.2327337918440864 -1.5991384727116342 0.5403605199661363 0.9928632496345324 1.7644983451479863 2.0775477537383917 3.6279425580552327 4.4090998454345565 4.581851133309524 4.910137473776034 5.0273083690330305 5.675970134031071 5.8604983925342635 6.11157279308033 8.798220395993292 9.811960919263278 10.12486193122784 10.89688223242459 11.533231829396431 11.946650738733219 12.655324574052182 13.358045043258619 15.41653800800106 16.273960007696598 16.41629943308716 16.925866589696014 17.099585485111696 17.760450884050876 18.009559567086505 18.492104156874632 18.97225848988051 19.59196755216628 20.32579734704701 20.714610575331193 22.26787415438813 22.592649024840405 22.894883742398534 24.481482669786434 25.192867100540745 25.920273840132317 
0.2142857142857143 0.5 0.2142857142857143 -10.473151641112167 -10.42884442601411 -9.338743678231568 -9.104192068730478 -5.168211203153054 -4.6231824153782695 -4.213333764542368 -3.602554718701367 -2.3122872674502624 -1.58365246980088 0.504425355568276 0.8214074782167419 1.7669175036903146 1.9425887024774409 3.6843002055890115 4.264512105234097 4.512180911849503 4.868905438844776 4.887480675733131 5.6099353609472065 6.05495003874492 6.165148246944852 8.633692232628244 9.58050610812615 10.367332018941331 10.902621022647654 11.362318090983086 12.084523047156644 12.681076684344799 13.511276938515026 15.761693668655848 16.372975631490288 16.4993677558713 16.899816599781477 17.05754527914787 17.83363292965172 18.083533453067936 18.60060563369992 19.13140694339835 19.88060056786682 20.110609702100767 20.343760081037995 22.041942504468583 22.44188907206138 22.85429703401233 24.7073588000168 25.202329118869795 26.137823222380085 
0.1785714285714286 0.5 0.1785714285714286 -10.560256273297918 -10.528297818003981 -9.23062956514488 -9.051182611866304 -5.026859241721119 -4.405138759458157 -4.076857451773492 -3.7849551880698176 -2.397675840757456 -1.5331835928556778 0.3955227030066779 0.679921996221644 1.4883139938880363 2.2142886704503555 3.7166237184551933 4.092290574225217 4.37058237180161 4.755312062202705 4.937831744508482 5.581205674914404 6.13682220400761 6.2365647310413745 8.478605991454593 9.29618677341735 10.605351108827294 10.896380478915544 11.199909517530527 12.235411427515745 12.69421375052583 13.617302444936302 16.10462306461492 16.541357841960448 16.620736360011485 16.91888859648376 17.0458456003915 17.915597879089052 18.15480953271649 18.716171557425582 19.228061787224473 19.927527543262883 19.99998071860075 20.06084965611406 21.89448345905502 22.32069364382333 22.757286619617076 24.929733723658916 25.281241195463128 26.267668625152815 
0.1428571428571429 0.5 0.1428571428571429 -10.634937494862548 -10.613968253923783 -9.126540083023702 -8.998476972533302 -4.889071579211739 -4.193991343101912 -4.157912258788823 -3.7826947458991866 -2.489878310221282 -1.4400780812666474 0.279150424361301 0.5660350549887181 1.2023884387464776 2.5645849985651825 3.694007871735329 3.978236983437136 4.217979003954909 4.650118408219984 5.0164481597712545 5.574927325838537 6.047517674828441 6.397184010336409 8.341601193814144 8.978308531373308 10.792554900004257 10.880011523276238 11.101204095913017 12.38852256964366 12.704953074652805 13.689848829561221 16.459847444105854 16.722140818975884 16.73624953029982 17.008617154972843 17.06587459514229 17.999492517202786 18.219781237719378 18.834067564556094 19.24892383751623 19.709820331845965 19.772362726909222 20.063902859200294 21.892672951983343 22.222591504022446 22.600528874200716 25.1403077436308 25.44282149918179 26.310931853772598 
0.10714285714285715 0.5 0.10714285714285715 -10.695083918036925 -10.683316968871468 -9.035147946109378 -8.95116990648674 -4.765323141043879 -4.321608487575056 -3.9981365358488667 -3.720588458219439 -2.5878225130961963 -1.3163801126238803 0.19461904265839225 0.4714606292050159 0.9297233589723727 2.9395919972873594 3.5999182124499627 3.945512510430577 4.086291612118696 4.531849600804858 5.105975566459296 5.581126697394476 5.9216069053981375 6.533408464264346 8.227805631229074 8.650393776919191 10.833049115928777 10.85942249530831 11.154730813299402 12.530789322668703 12.716879343680276 13.736348880252114 16.77963783695403 16.82405690792267 16.88260343034446 17.139800082697164 17.165807923565378 18.08168784458903 18.270845925928 18.931251000999342 19.214350145884 19.469355072251602 19.644046242315184 19.923406001933593 21.987400505377973 22.169768423994334 22.392747665786086 25.313702451000783 25.65400080403788 26.279327892036157 
0.07142857142857145 0.5 0.07142857142857145 -10.739019763419805 -10.733879972923651 -8.964709235314789 -8.91077528550574 -4.664967181907401 -4.4582704169648375 -3.8283991785628837 -3.6802148352915744 -2.6862238968488494 -1.1879091955545578 0.1659389666506223 0.39780656638819245 0.6815541348304374 3.308654223550046 3.497663814857639 3.9489747422026453 3.9896711360157457 4.394498172457015 5.204242237285984 5.588097148271335 5.781888327270314 6.641555076766456 8.143161411470626 8.357567290173035 10.791196790987595 10.837981463444814 11.280720254154387 12.643508692545057 12.728276165457798 13.768369176670632 16.895898151195237 16.918191444668384 17.032851821384693 17.34395524805773 17.347063105629193 18.15702885227172 18.293192340450613 18.975944856174518 19.16982761800311 19.285308791041757 19.548657603985898 19.729057814592366 22.00635727947452 22.182126698632523 22.248800005547587 25.42353863201479 25.856183137816792 26.196102555903074 
0.035714285714285754 0.5 0.035714285714285754 -10.766123764964442 -10.764793610195433 -8.922753188384322 -8.880953883668543 -4.599038901951149 -4.5457959504284595 -3.7046168999792797 -3.662028860436137 -2.7684055778966883 -1.0918846075004351 0.20188427913083218 0.3469138739819388 0.4705951166442029 3.426847747280678 3.634575312573768 3.934752770610458 3.9538057236722777 4.224121724497065 5.300509897173144 5.590687457044035 5.6547967155642676 6.713015486816627 8.090756084886214 8.148956383576476 10.756838080406029 10.824553129310388 11.372871023744208 12.713794560391586 12.735540560214005 13.789415056108467 16.94942662603236 16.95926015760969 17.111495203746664 17.49101762835714 17.586576004959024 18.2285668885952 18.285495062038837 18.947576574500687 19.13959873740123 19.181195668097722 19.49810410449198 19.558122460369468 21.976613586332718 22.024384773001447 22.35648479469183 25.48275286047739 26.015701323224995 26.10848173128501 
0.0 0.5 0.0 -10.775145337753248 -10.775143940475866 -8.909256701477384 -8.868965347773212 -4.576137403775002 -4.576128867175324 -3.65674078443809 -3.656739216726014 -2.8019273537715232 -1.054990918154047 0.2844789965272024 0.3290870857328074 0.3291664175499409 3.4025638528375275 3.8041564905274488 3.9561834622911025 3.9562508987824194 4.072684907049058 5.353539203675386 5.592069491559644 5.592145186858793 6.738768425030504 8.07426088346724 8.074288580718637 10.744436474072776 10.819682541775698 11.404478905263026 12.739021385921708 12.739060786763195 13.796638898942197 16.970783231101812 16.97086018224897 17.137452724189703 17.55248849072372 17.685100872537646 18.271220904333415 18.27129598895653 18.912449006996066 19.107137920709263 19.176247294585487 19.48489435228445 19.48491313385064 21.965908900814178 21.965963633601394 22.400908976917062 25.50382064299283 26.074427738603312 26.07470097497242 
