 5.11581372  5.11581372  5.11581372 90.         90.         90.        
C  4.41402408 2.55790686 0.        
C  0.70178964 2.55790686 0.        
C  0.         4.41402408 2.55790686
C  0.         0.70178964 2.55790686
C  2.55790686 0.         4.41402408
C  2.55790686 0.         0.70178964
C  -1.85604302  2.55790686  0.        
C  1.85604302 2.55790686 0.        
C   0.         -1.85604302  2.55790686
C  0.         1.85604302 2.55790686
C   2.55790686  0.         -1.85604302
C  2.55790686 0.         1.85604302
-76.12221569
48 bands 
kx ky kz  bandenergy1 bandenergy2 bandenergy3 bandenergy4 bandenergy5 bandenergy6 bandenergy7 bandenergy8 bandenergy9 bandenergy10 bandenergy11 bandenergy12 bandenergy13 bandenergy14 bandenergy15 bandenergy16 bandenergy17 bandenergy18 bandenergy19 bandenergy20 bandenergy21 bandenergy22 bandenergy23 bandenergy24 bandenergy25 bandenergy26 bandenergy27 bandenergy28 bandenergy29 bandenergy30 bandenergy31 bandenergy32 bandenergy33 bandenergy34 bandenergy35 bandenergy36 bandenergy37 bandenergy38 bandenergy39 bandenergy40 bandenergy41 bandenergy42 bandenergy43 bandenergy44 bandenergy45 bandenergy46 bandenergy47 bandenergy48
0.0 0.0 0.0 -13.968599973840945 -12.712461366786208 -12.712461366785902 -10.931816831814835 -10.931816831814814 -10.931816831814492 -9.174247207581068 -9.174247207581057 -8.444912716010027 -5.65787793547975 -5.506655061966493 -5.50665506196649 -3.545547780146408 -3.545547780146405 -3.545547780146295 -0.8465805740027984 -0.8465805740027966 -0.8465805740027914 1.4350776610984077 1.4350776610984144 1.4350776610984304 2.4143390213136815 2.4143390213137064 2.414339021313722 3.755921231626602 3.7559212316266084 3.7559212316266333 6.19261002380267 6.192610023802687 6.192610023802697 8.983097208207019 9.83319882205045 11.494373089455816 11.494373089458284 11.494373089463265 13.733060543049485 13.733060543049504 13.733066381549605 14.530662914191405 14.53066291420326 14.530662914224472 14.866898633593369 14.866898633593404 14.86689863359343 16.588334451547254 16.588334451547276 19.285456097072135 19.285456097072213 
0.0 0.0625 0.0 -13.958109522992382 -12.726113145545733 -12.701818321338687 -10.973208772399806 -10.93204163288909 -10.93204162191178 -9.172259483980204 -9.135228461247658 -8.43575965875838 -5.669541389396191 -5.522498893452789 -5.511288287596634 -3.537668446948439 -3.5376667450853865 -3.5075141031084565 -0.8659538049131804 -0.8534055274335106 -0.8533964574570841 1.41668972695296 1.4167036491767908 1.4432615992625082 2.2893155685798012 2.289318738426855 2.4021601948713256 3.761322039245874 3.918314701444237 3.9183282537888497 6.140007035916641 6.234191945029747 6.234194155627072 9.020654350887558 9.873328863963039 11.493147403764143 11.493167262943837 11.524650767026388 13.675588403234332 13.675636940053222 13.691675320515293 14.470150137726046 14.4701894043461 14.535890391462454 14.824291336788743 14.824314490042257 14.864608542614024 16.554140690010527 16.64332116038053 19.04553907373553 19.045585513384083 
0.0 0.125 0.0 -13.927292708147966 -12.76646070202881 -12.671425564577504 -11.090117389548029 -10.929952955078088 -10.929952888207131 -9.165738616168847 -9.044309380067999 -8.393168183395241 -5.710908138430295 -5.557297515301925 -5.520930648233565 -3.5138395650062 -3.513832772890077 -3.403211830284463 -0.9261929490562277 -0.8705889952419348 -0.8705532392693834 1.33248816266556 1.3325531145199723 1.4665149342787718 2.076402666942267 2.0764139034641302 2.369035565966048 3.7773825555248126 4.264819997089748 4.264858920540156 5.99794895563005 6.3717109237789655 6.3717176479722095 9.131454677450717 9.990817893346973 11.487315969746417 11.487395849943521 11.613027946764653 13.533728935090588 13.533904190132773 13.569543897341745 14.18601987854451 14.186105092345155 14.550403233242461 14.796169514755192 14.796205681635316 14.858476974358213 16.44341442186926 16.791126521139294 18.6309861338347 18.63127891885543 
0.0 0.1875 0.0 -13.876747918785284 -12.83121342918654 -12.621359528245252 -11.248423006304426 -10.927005474898532 -10.927005354669998 -9.154684364015795 -8.961116829104876 -8.283958763698955 -5.809524115091259 -5.578786662881146 -5.531027451278994 -3.477423621243744 -3.47740806241083 -3.2420511213119583 -1.0239977529914752 -0.8925952188196571 -0.8925136683444849 1.1299294916597302 1.1300730986631888 1.5092454798367985 1.9611922388559146 1.9612352437695222 2.3212272887984775 3.810965097838796 4.62951172132982 4.629570638197882 5.781855485088533 6.635582157753265 6.635587891276464 9.310058703885817 10.174262654953628 11.475783587360203 11.47596101085148 11.75325383985069 13.351410231161058 13.351768111105114 13.383682475612915 13.681665725541512 13.681789083046539 14.571071450164974 14.801339061524335 14.801366751258014 14.846374287770143 16.250267921515665 16.92503359027029 18.382793899720557 18.38317025109207 
0.0 0.25 0.0 -13.807651705440552 -12.91815040835862 -12.552238523205409 -11.426687536707922 -10.925254059653048 -10.9252538564796 -9.13956866160338 -8.92690808866035 -8.091428738108025 -5.968715541687235 -5.586198531967287 -5.543145938887627 -3.4352301786265342 -3.435203314938742 -3.0357890526211473 -1.1657036207226854 -0.9101357718734416 -0.9099893909924398 0.8487866357435966 0.849007086614391 1.5646722106521103 1.9505110075671925 1.9505728375608138 2.2545241894645196 3.8643400035420634 4.927517608144185 4.9275845375635035 5.518237376862947 7.044077182916892 7.04408671417348 9.547219743792034 10.402091469231657 11.457261392018086 11.45756625254969 11.93334985458032 12.984467232018753 12.98450007466528 13.147842835758425 13.206262636927816 13.206630178239228 14.599774982903233 14.80888806949466 14.80890606728926 14.830400578324216 15.982601477491858 16.58914889444818 18.230633938820993 18.23068647116008 
0.0 0.3125 0.0 -13.72175416647572 -13.021796491821119 -12.465099771376382 -11.606223923073717 -10.92362483845394 -10.92362458080588 -9.119586220836789 -8.933578175827922 -7.836723235164078 -6.17478901052967 -5.591279527277491 -5.553725396337532 -3.3913394177818277 -3.391299592352235 -2.7941210287734584 -1.334529013040478 -0.9193816591926132 -0.9191495879525439 0.5676283505998413 0.5679320053154793 1.6321104839871348 1.9783114108011497 1.9783826392092516 2.173798867326552 3.943365181950593 5.136655857760347 5.136719607784527 5.2302920257246255 7.594956997473707 7.595002840487196 9.829618443190695 10.637753650552693 11.429250827426674 11.429689248067696 12.133041873971193 12.251583747350987 12.251707159433064 12.906380319419187 13.040179992421434 13.040851220086768 14.632153147476341 14.80357791135956 14.803586164922285 14.8174201749033 15.672509952219832 16.012644294912768 18.228624637985256 18.22878786809546 
0.0 0.375 0.0 -13.620731392405979 -13.1384474005993 -12.359399559121405 -11.781957333449045 -10.922245815074845 -10.922245517137279 -9.094336711010879 -8.960627166086544 -7.554039671797999 -6.408647485251504 -5.589548352448726 -5.563074896919373 -3.351633316563297 -3.351580858178816 -2.5367315379670323 -1.5321306516972548 -0.9152867529189602 -0.9149526665748999 0.3327245759172631 0.3331223641869024 1.7123782459639658 2.0155956854192048 2.0156718782688143 2.08558084906095 4.062029499721487 4.938993291357589 5.269958267968145 5.270015282721365 8.247786713493277 8.247901120336355 10.139155650247638 10.81488095929701 11.315734131506272 11.316100487614161 11.55626329994088 11.556668765469556 12.32796855387453 12.692833320502546 12.925037998035137 12.92589350693308 14.666826582619207 14.79581726328402 14.799039116688474 14.799040258583636 15.366481718261111 15.516742298198908 18.224593916533408 18.224661318628456 
0.0 0.4375 0.0 -13.507959840901288 -13.262161587475093 -12.236852333328125 -11.947368228828857 -10.918389615107245 -10.918389293227534 -9.063775767037905 -8.995211612290344 -7.259996489752643 -6.6749264618474005 -5.586405599665576 -5.5716136463362975 -3.32454156321385 -3.3244798580739587 -2.271030938125105 -1.760982406618173 -0.9019801167642657 -0.9015501669691214 0.17460329797103277 0.1750899795837947 1.803542946146791 1.9927512039596589 2.0403880063398208 2.0404671271310963 4.22230330942263 4.666880897650068 5.345631000246128 5.345682959133171 8.956211237443828 8.956495249340799 10.447547914183447 10.634941364461925 10.635294169260183 10.849532479350605 11.429747303008668 11.430425825740084 12.470533458822903 12.57351684218401 12.861559813463906 12.862532075630543 14.700605359577278 14.76819487756004 14.791299622985248 14.791308502842334 15.129836710815345 15.174741628277047 18.207707824573752 18.207777726362814 
0.0 0.5 0.0 -13.387160436907958 -13.387110873420326 -12.100131906708171 -12.099761436527462 -10.918856856414196 -10.918856535213104 -9.031203354023543 -9.031160979170945 -6.962077693269881 -6.961325154170156 -5.578084045312347 -5.578037952605481 -3.315266580730073 -3.3152014736416984 -2.0098402155647572 -2.0097653383380103 -0.8960606603549036 -0.8955869378164893 0.11533447407558974 0.1158621079329989 1.896928557250327 1.8969287245886888 2.0491546806511614 2.049234951173377 4.423013712474911 4.42307443777175 5.369349612977941 5.369398962182872 9.503342207854908 9.504291630394222 10.06865898030777 10.069674588723958 10.707742766427476 10.70795615009859 11.417221912099313 11.417935895585803 12.532145927519847 12.534162279962146 12.83802719752273 12.83904161303474 14.738075447600492 14.738117791219326 14.788529708040546 14.788541131662297 15.04438722849197 15.04524932403251 18.19666252420742 18.196734333053094 
0.0625 0.5 0.0 -13.38017549519061 -13.376634766379386 -12.10909579638792 -12.102490808520265 -10.966958402831642 -10.918809574615478 -9.034109762289905 -8.969700393613829 -6.966380069420463 -6.962053267995068 -5.60770932839999 -5.579808185448122 -3.299899797890944 -3.2832393966637348 -2.026392381467972 -1.9931343131292076 -0.908356042960449 -0.8800126781731021 0.07340269194308811 0.09749837258969246 1.786215285743896 1.9143862792216506 1.9224289578967497 2.1427259141469723 4.429824429721868 4.5656952162096855 5.3651997154024205 5.466286274174473 9.481866496507331 9.507049568327947 10.038670218358275 10.067741063241717 10.74780742887917 10.750325643140501 11.419114589249611 11.441605381190273 12.440900092161433 12.553204881498544 12.8028745405775 12.922790966221733 14.60146110149852 14.63485333203635 14.737846126329417 14.797695857719697 15.036610987890649 15.066943986325652 17.985899052232266 18.044997562047374 
0.125 0.5 0.0 -13.35980265361229 -13.34454058851818 -12.135913301485258 -12.111640573668925 -11.09007829337215 -10.918783684886588 -9.042224114558952 -8.802907761748425 -6.977596128494578 -6.962302654326944 -5.683894426396793 -5.5833151346024525 -3.2548004652330236 -3.1875706618930004 -2.072522028021232 -1.9412228751552976 -0.9433287937814715 -0.8349341964921042 -0.053227472063128105 0.04574836175110512 1.611009734832385 1.6386078462449751 1.9661323362510312 2.2498963085905856 4.452517165858186 4.854220114431625 5.427268500281745 5.7442768413551955 9.436553497430827 9.518090412950075 9.966844072566913 10.06283724711468 10.842271222443168 10.873315727924846 11.423150303018842 11.516114769842263 12.297381558208162 12.611848942872014 12.704540172344737 13.061596301691656 14.23233223549166 14.24293868891809 14.759985930510398 14.7908758569821 15.011991574412656 15.11362500134056 17.513715919626193 17.72677313980677 
0.1875 0.5 0.0 -13.327772744820578 -13.292001239114644 -12.178114008846842 -12.129829975844883 -11.249288056428064 -10.917390601106915 -9.053848093536082 -8.563735480032223 -6.9938582594564265 -6.96257475968368 -5.8079798593427245 -5.59205288372082 -3.181560291419268 -3.039520674052939 -2.1370921310764053 -1.8530844882028414 -0.9924366474194289 -0.7744372067856867 -0.24809671098376104 -0.034406655338269955 1.219602261086626 1.5262300858362032 2.049729973183177 2.3207105379595263 4.486520171375784 4.960171874626351 5.794030173574609 6.175341692692865 9.393449800579072 9.532191940978933 9.874538684350604 10.051770762511492 10.932566027971339 11.062188755308771 11.427817203175817 11.640485383797582 12.209383113064415 12.569766901952422 12.696534543648424 13.175740960619684 13.643456503813228 13.694078183555426 14.771044578050116 14.771453327531011 14.971221416130405 15.155983024515537 17.146005796032505 17.324841433125844 
0.25 0.5 0.0 -13.286454553081361 -13.221853313216819 -12.231212788228346 -12.16245543477766 -11.413744132079659 -10.917174513204282 -9.067575313473569 -8.281407745215445 -7.009893886316077 -6.96209268374237 -5.976104150617327 -5.597604379947351 -3.086421971668968 -2.8601301441386466 -2.2038881130580084 -1.7275771145347607 -1.0486852729856735 -0.7129114294709185 -0.48695069650284517 -0.13974479926093375 0.8126045070769626 1.4528381631902971 2.1439988356426714 2.357971541167947 4.525517808439207 4.898168566187876 6.399339384431778 6.722968218191699 9.36616858719943 9.552623216436235 9.77338506851807 10.040353838171674 10.951691174044354 11.289538944964443 11.431993833767821 11.81275081548086 12.233054934100567 12.419526383718742 12.762601242959263 12.99128631045554 13.026379581262708 13.242201986080605 14.754975877218216 14.77208137763235 14.914016251211146 15.154894426999816 16.916814376651953 16.980950157535975 
0.3125 0.5 0.0 -13.240367127456365 -13.137330326043891 -12.288876615789384 -12.214840016366189 -11.553368235687172 -10.914109786508146 -9.080436641670197 -7.979274753822234 -7.024923792778006 -6.9622653570009465 -6.181942356146671 -5.602516002274831 -2.9726998058568435 -2.673630275839954 -2.265026476862177 -1.5567617956113382 -1.1001375240682942 -0.734895700970595 -0.6527692839068365 -0.2473493351291807 0.41170641115279455 1.4133510130196674 2.2349368354019794 2.3736300396970598 4.565924529916901 4.802725546685652 7.098819130879866 7.353190438419378 9.35881386702529 9.576684068861681 9.677130729587526 10.023750304904887 10.888135084688242 11.433602155226948 11.445712560289973 12.01647894615896 12.277986976890768 12.282638739471528 12.291812425640877 12.37908182457432 12.931197536402333 13.257840444736837 14.737797433808042 14.756456457268111 14.832726429474612 15.06280179318467 16.58971717145871 16.884149795706236 
0.375 0.5 0.0 -13.196269881665911 -13.046705963399647 -12.34278185526254 -12.287813086361965 -11.654138249228211 -10.91244969620937 -9.091145506729449 -7.670422865551367 -7.036618319322843 -6.965005336704036 -6.414230767650525 -5.6065738938714285 -2.8588931552843286 -2.5095339873787057 -2.3139197556719178 -1.3450001521167032 -1.1417916327843713 -0.9583714075686937 -0.6070347366788372 -0.3540266718179811 0.033562537975287625 1.392880015705625 2.308042856530321 2.377409722684176 4.599529105669828 4.71262405948086 7.85318624657858 8.03615321620217 9.368740664270696 9.597043764385631 9.600158215105743 9.985174098407498 10.78911805637364 11.054468298942028 11.432014897513255 11.552130546951103 12.15416551155576 12.172780443409396 12.213424491245348 12.603790007865477 13.014730671440283 13.221506866646097 14.715887972697143 14.723128248298954 14.738200523695104 14.861065740223294 16.40011930550435 16.829018067886338 
0.4375 0.5 0.0 -13.16356121286988 -12.967104388887721 -12.382293791602068 -12.362485579241678 -11.711237629337548 -10.912724923847108 -9.098357216031228 -7.3702376031947505 -7.044860837067817 -6.981576773377715 -6.653861516342776 -5.612842783521844 -2.7689498180757366 -2.397102697020119 -2.3453518729712832 -1.1704988590339225 -1.1201078580594808 -1.100835862078088 -0.5778383323993721 -0.4512830314734402 -0.29357083292916286 1.3796437274099034 2.3575615542121233 2.3758689604376046 4.621103619216576 4.6511641415939105 8.643138848358715 8.731431901020008 9.385253928019084 9.550248105688857 9.609905179282435 9.864451750550783 10.288186021997106 10.705556697336052 10.910234127318326 11.42845311551325 12.101851728598898 12.337338459501373 12.367349188594819 12.832416319534465 13.073276456975119 13.151589390024936 14.566361641949582 14.63458181954173 14.71618965051319 14.719266271942862 15.119403351920935 16.323515015825045 
0.5 0.5 0.0 -13.151331801487203 -12.933655653296226 -12.39753189513935 -12.397140006331094 -11.72918970688193 -10.913797256601969 -9.101718299517676 -7.160177420218472 -7.049286078976393 -7.048593617347989 -6.78749329367377 -5.613677929860952 -2.7336314830615307 -2.3564929586251844 -2.3563167002263894 -1.181742047648631 -1.1813151228352288 -0.933694735928996 -0.5695121094250364 -0.5691791575532724 -0.40851192984074897 1.3740912669877465 2.370679583115177 2.3707181422444106 4.626127389363871 4.626154604349566 9.225028199773329 9.390309088547365 9.391042844158004 9.529798226558313 9.531969942741311 9.613294130764883 9.61426750370229 10.640102351728949 10.671086462244636 11.426551420707813 12.076742918687804 12.427705778446919 12.428250959296026 12.951485023507331 13.09177285484936 13.094600264011564 14.488071919315201 14.53153569763598 14.713048868527693 14.71309157186619 15.042974492707117 16.30358769375965 
0.46153846153846156 0.46153846153846156 0.0 -13.162156527061041 -12.956633443161401 -12.404590805201932 -12.352023761993461 -11.716032617725206 -10.911638138536423 -9.098798980897758 -7.308631249883231 -7.137826999935718 -6.9032563860114085 -6.698681020094457 -5.613039694509202 -2.7606877602475195 -2.3788866654018093 -2.356995179336324 -1.174662017646063 -1.1304083552778157 -1.0689147348688415 -0.5939668432660998 -0.41826255142642077 -0.3535580026976583 1.382213889106556 2.3640725400170868 2.3734021293924634 4.627740322396692 4.641145284828979 8.856220844206222 8.950396957888401 8.961702877754185 9.441547086327985 9.970412509475345 9.97728461519282 9.993322003350787 10.700405182283179 10.820091805124084 11.428257747900892 12.097450143470363 12.34958454552965 12.388381569820927 12.866023745946864 13.052507868613468 13.157877762850944 14.55081726618846 14.616553163265587 14.716025370478913 14.717413151575414 15.097530563354484 16.318039236531646 
0.4230769230769231 0.4230769230769231 0.0 -13.206603733255792 -12.992390047796604 -12.426219126935313 -12.242207735468325 -11.678764845171262 -10.912395269169984 -9.093552936614916 -7.507776029733231 -7.297607272960986 -6.722615358045882 -6.548830243375517 -5.60934055223729 -2.832801122091449 -2.4434307570074867 -2.36457811174109 -1.2783595660068328 -1.1618123423845461 -0.9937423096819754 -0.6328342099473439 -0.23345455091804027 -0.16655857232479213 1.3882317172054117 2.3318347276236193 2.3692516563931347 4.624000118619349 4.674780860286583 8.349121800321711 8.458844084697573 8.48429597588656 9.088805202789816 10.40101073787552 10.486728754644952 10.518524425452702 10.821214843727644 11.186939364916192 11.43706903067651 12.150005460972963 12.155152423966033 12.27204821889656 12.70787791852862 12.944502277760437 13.249495776596547 14.702897157843166 14.725475752953779 14.726332760892399 14.843303906852015 16.22670140759728 16.80110082068451 
0.3846153846153846 0.3846153846153846 0.0 -13.291478252139763 -12.999423049327971 -12.457592706114454 -12.101834819331051 -11.622538550530644 -10.913873025128966 -9.085366733384529 -7.711666584131315 -7.468291013557027 -6.548082378666481 -6.392748508320796 -5.604522306531261 -2.9298171534669533 -2.5419988284807524 -2.3976508221955384 -1.4508926012264196 -1.1400069496134433 -0.7915990424780371 -0.6653985933940215 -0.07387041882698162 0.09531048175600357 1.3953779791672092 2.2821233383621125 2.363546380509583 4.616207572726985 4.726231623040859 7.840682290798368 7.989412198541614 8.024737894561106 8.695846992291273 10.584189629143658 10.98806157628572 11.06244491536629 11.170432457812074 11.417043746534581 11.63808049344463 11.943069318517686 12.104901020868828 12.23576055671707 12.532834784713078 12.807303529733963 13.33454500207119 14.736959921709305 14.744525739914955 14.913341574654234 15.145996983203512 16.24245220173414 16.809163664661607 
0.34615384615384615 0.34615384615384615 0.0 -13.395984938156701 -12.982646925010663 -12.494143739283995 -11.947706722267817 -11.552242034666465 -10.91544089810089 -9.075583233986213 -7.913471749946002 -7.637082809256869 -6.382674363999096 -6.240734464994284 -5.597845610773082 -3.0349664224772113 -2.6626737566912984 -2.4795396826645186 -1.5456209817504332 -1.1108973875114994 -0.6912870604067941 -0.5405124202630736 0.12125878594554894 0.35030991847328496 1.403925315363455 2.2172522330223168 2.3587964741441976 4.601047137875105 4.790813403115981 7.341437260336461 7.555255637181861 7.5893596770966 8.303865441013368 10.568982865562901 11.383605432212685 11.43157119349812 11.552488506837767 11.598212058405846 11.890074337790958 11.977063525980766 12.072403781875884 12.352651404450537 12.363950899423127 12.675371697632302 13.414156956166936 14.752272402205351 14.7684188910349 15.157991142493804 15.480320579283681 16.419256898775508 16.843400664628376 
0.3076923076923077 0.3076923076923077 0.0 -13.503475900947553 -12.953125695811316 -12.532370958786196 -11.789902571935828 -11.471303217434164 -10.917101038678279 -9.065816721506234 -8.115455035062537 -7.801501277483216 -6.234334151137099 -6.10177710264641 -5.595428129697454 -3.140358599811409 -2.7992752075513097 -2.6156349383423545 -1.5577747450001973 -1.0775188434223402 -0.7203067131107479 -0.2562331903772788 0.3419043169199544 0.5808588301373145 1.4129133435642065 2.139102845427736 2.355160031021393 4.573919584749597 4.853492600227816 6.847711832555148 7.163626941134336 7.182425481250441 7.921202046096284 10.41689189626918 11.365905228795567 11.439547233567565 11.642766478979835 12.109978485290421 12.117956498318037 12.251891883066296 12.30889780503455 12.497101205334374 12.512393638527387 12.574053013731886 13.486921198172755 14.756057586557692 14.788377564149643 15.417988622155901 15.820178328689694 16.633192568808653 16.8873219175471 
0.2692307692307692 0.2692307692307692 0.0 -13.60518560829139 -12.916569316838382 -12.570279185920182 -11.633281934754967 -11.38508564958258 -10.919264601766091 -9.059203113580399 -8.31277440338573 -7.956053964680652 -6.098048425310009 -5.971243695188119 -5.588531390871689 -3.2353654627134736 -2.940518587232919 -2.7826443843245836 -1.5007796567520566 -1.0397508902809565 -0.7436375996526474 0.05476023558936394 0.5901427224226603 0.7881315406888144 1.421179074560796 2.0556727070351783 2.3520633937427102 4.519784141110935 4.896930522115285 6.366043210583856 6.81728699380529 6.83298522306101 7.561434223244068 10.176836326001439 11.109278304854508 11.44830321559991 11.689309990111271 12.015692583970628 12.525501273199122 12.604104000550269 12.681685790087272 12.695568911559848 12.733850210842096 12.935790542262 13.561053814359882 14.7610579061642 14.805945644751002 15.677675948426346 16.15671340053082 16.843111468012108 16.920994747004308 
0.23076923076923073 0.23076923076923073 0.0 -13.697351513545852 -12.876197764768483 -12.605152597246803 -11.480782329897224 -11.294306490688747 -10.92120280123989 -9.058075153832583 -8.501817929119632 -8.095248142606561 -5.976923544942234 -5.853882754823726 -5.5791902118205075 -3.3185688013121895 -3.078157185728292 -2.9568486788099464 -1.402269810568193 -0.9999012689790697 -0.7653302241710795 0.3796059364877794 0.8636580676042582 0.969876488517926 1.4284988687849367 1.9775068699071185 2.353573947556751 4.434172140078454 4.893455324544716 5.895170922975049 6.515115354468631 6.571927700151635 7.231148036017301 9.908794575874696 10.821934078188864 11.457483405693145 11.710994969038188 11.88812590914588 12.600254377176826 12.834559877412083 13.110575495245829 13.113144458660466 13.178663108331412 13.338672986258686 13.667231909342878 14.760852586526207 14.818726963076776 15.925371732381295 16.482587114718715 16.953672523811342 16.981749879065926 
0.1923076923076923 0.1923076923076923 0.0 -13.777479894527838 -12.834785809298232 -12.635829081492423 -11.337104129373078 -11.204185313168304 -10.923451323713238 -9.06586653926141 -8.678056655952073 -8.211557766540626 -5.871299774007084 -5.751266751959368 -5.5670275010438335 -3.387997827258168 -3.205486399837571 -3.119949479139307 -1.28118343736166 -0.9583773841275776 -0.784331847630359 0.7075821532710621 1.1209874988269324 1.1546098968667489 1.433539827458283 1.9146481767369954 2.360682643533366 4.313380163258986 4.813969280333976 5.437410498088921 6.302444058374969 6.386150119481411 6.934339340254879 9.650563207524401 10.547451908859413 11.466927678492292 11.685390622756989 11.774057401565102 12.777217410107237 13.02843051401226 13.416614915717181 13.547732205796025 13.58676639288603 13.70972619558006 13.863433940322928 14.753246419934435 14.827537993244244 16.14546011112242 16.792699426443043 17.00561975125493 17.228083540762302 
0.15384615384615385 0.15384615384615385 0.0 -13.844897287700858 -12.795611873078446 -12.662377430658502 -11.20677322152244 -11.119179433513434 -10.92551187101322 -9.084301068789783 -8.837816521215832 -8.3056732984171 -5.7873735275130995 -5.664573944710586 -5.554345590903665 -3.4445551135817802 -3.31892779761604 -3.2628299222742543 -1.1536374418652762 -0.9211326531628548 -0.8032372086096781 1.0193019206794744 1.2403725819749918 1.4359471006076208 1.4616237800642928 1.8833793580616367 2.3719329357881835 4.164632591094226 4.630431257445685 4.994029143295246 6.194777933566987 6.276531837790209 6.679064856642761 9.421659234733013 10.303526064176419 11.476023958152725 11.633297769457526 11.67646618709277 13.011981711888724 13.223626029951971 13.563367625385608 13.927779985716471 13.934086784240941 14.030967178393636 14.160976866261493 14.75065457835962 14.823363346651293 16.32932235286667 16.924027733343877 17.801623079725886 18.15112497716793 
0.11538461538461536 0.11538461538461536 0.0 -13.898124619860875 -12.76133150856461 -12.683518051890582 -11.095552097570499 -11.04355095225897 -10.928632548710668 -9.112060709182224 -8.974892622329207 -8.373299819994111 -5.724547079498267 -5.593805364497769 -5.539245058537422 -3.4890904850086275 -3.413005248670619 -3.3813457619079563 -1.0329848852373613 -0.889591187100483 -0.8198861665362517 1.2654213085495045 1.3288439375994299 1.4364695055097716 1.7720474571071416 1.932371769265821 2.3860435383569745 4.010664744803511 4.375084804412583 4.572481334991517 6.164489604947574 6.2209681732160655 6.471245573626863 9.234476793892949 10.103215551172076 11.484437519063365 11.579280523490334 11.597985901767547 13.264080304295915 13.409717132927831 13.641694575799091 14.20862949022088 14.229321010388519 14.28459622837854 14.458073229671744 14.764187177281707 14.817830686701358 16.462183730395594 16.7985744728703 18.37805123082446 18.816166297682216 
0.07692307692307687 0.07692307692307687 0.0 -13.937109305475223 -12.734965707915002 -12.699158309826704 -11.007575621019074 -10.983543063500628 -10.929962583447432 -9.14200606041227 -9.081780099093535 -8.415954275893236 -5.687249017174348 -5.545330079202116 -5.524232731962482 -3.5201292898776635 -3.4853757670704764 -3.471298073252347 -0.935697349949232 -0.8667202345278587 -0.8343199641120864 1.3895180970223353 1.3905702037303032 1.4364473025715192 2.070550026540254 2.0988106145882175 2.400341966858874 3.877853152379857 4.096736301596341 4.187608691056146 6.170651236393276 6.198829761539478 6.317331710088889 9.096254111934734 9.954810485057273 11.489932628011214 11.534196542874227 11.541032610946225 13.497209011467957 13.572661455276602 13.692583192180823 14.39691244147063 14.427614169478586 14.443672914939935 14.6862257166027 14.795621074292837 14.819688193589501 16.54393161685744 16.686768103785745 18.79270448286909 19.104537632515143 
0.038461538461538436 0.038461538461538436 0.0 -13.960590009963717 -12.718136059723285 -12.708888792925555 -10.950841828413191 -10.944620655895006 -10.931831625807153 -9.16552852722371 -9.150445474370908 -8.438651156550073 -5.66573940958711 -5.516277419346291 -5.5123292740892 -3.5394889316619786 -3.5299438722738596 -3.5254782479731697 -0.8692377413255254 -0.8518097839518617 -0.8432272514465013 1.4236945580374647 1.4279488847826591 1.4351998320740447 2.309688269308775 2.3115852957096434 2.4108804123026353 3.7875590380323425 3.858720976611957 3.883545972494818 6.184275110563987 6.1931458932207155 6.222824667284702 9.011614957806293 9.86375406314391 11.49368467130089 11.504541181598254 11.506495409572574 13.668254525563219 13.68882340101158 13.723175511812153 14.498452603073895 14.5120048709023 14.51386117883988 14.822973388318855 14.844867671989395 14.84822925720223 16.580397295981182 16.613422050753027 19.11197318985602 19.24179311934886 
0.0 0.0 0.0 -13.968599973840945 -12.712461366786208 -12.712461366785902 -10.931816831814835 -10.931816831814814 -10.931816831814492 -9.174247207581068 -9.174247207581057 -8.444912716010027 -5.65787793547975 -5.506655061966493 -5.50665506196649 -3.545547780146408 -3.545547780146405 -3.545547780146295 -0.8465805740027984 -0.8465805740027966 -0.8465805740027914 1.4350776610984077 1.4350776610984144 1.4350776610984304 2.4143390213136815 2.4143390213137064 2.414339021313722 3.755921231626602 3.7559212316266084 3.7559212316266333 6.19261002380267 6.192610023802687 6.192610023802697 8.983097208207019 9.83319882205045 11.494373089455816 11.494373089458284 11.494373089463265 13.733060543049485 13.733060543049504 13.733066381549605 14.530662914191405 14.53066291420326 14.530662914224472 14.866898633593369 14.866898633593404 14.86689863359343 16.588334451547254 16.588334451547276 19.285456097072135 19.285456097072213 
0.03125 0.03125 0.03125 -13.96071480449903 -12.71356030966806 -12.71356030961553 -10.944651828048084 -10.944651828048032 -10.938525362252275 -9.157997730899673 -9.15799773089935 -8.438811442604095 -5.665747015706524 -5.514744791638027 -5.514744791638002 -3.534791222455046 -3.5306101110380355 -3.530610111037932 -0.8721184360793501 -0.8461930320043125 -0.8461930320043088 1.4272711499053914 1.4272711499054023 1.4325221809689928 2.277267616077743 2.37660379458164 2.376603794581648 3.8207699123357366 3.820769912335767 3.887635920883108 6.196799686697423 6.196799686799072 6.205943202939266 9.011337400274464 9.86346087444023 11.50033680699416 11.50189261769005 11.501892626729509 13.675841842710028 13.67592883568055 13.729029674250004 14.508638838324757 14.509118967391736 14.509688290846917 14.83569929664817 14.835699316785945 14.83688706840639 16.595615075256354 16.59745985106766 19.103575820686135 19.233093510398742 
0.0625 0.0625 0.0625 -13.937159572258404 -12.71671024507635 -12.71671024505058 -10.981692396966107 -10.981692396966068 -10.958306940912527 -9.11027752851305 -9.110277528513008 -8.418705511333094 -5.683572104920247 -5.533872796998912 -5.533872796998895 -3.5019909001362994 -3.4869197826817055 -3.486919782681639 -0.9444618855853965 -0.8440368501130671 -0.8440368501130655 1.4035349877841181 1.4035349877841403 1.4258407541475406 1.9681584560290912 2.2877874407529952 2.287787440753017 3.9968797422292295 3.9968797422292974 4.1853330090094465 6.217405822422698 6.2174058224399165 6.246657064124881 9.095310043329174 9.954062155704914 11.518067084702567 11.523992447085252 11.523992453767196 13.524507219943686 13.524569319600866 13.717724081215602 14.446260502676324 14.446335858142307 14.45086971384411 14.7423572759089 14.742357466015815 14.756608323753714 16.61289766210818 16.617166370499117 18.718652361086484 18.919525426177696 
0.09375 0.09375 0.09375 -13.898742035781662 -12.722053195237143 -12.722053195141948 -11.041832118363873 -11.041832118363816 -10.99263280316405 -9.034491579839644 -9.034491579839623 -8.384747685542305 -5.7144306060772365 -5.570287247202681 -5.570287247202655 -3.4500783466982834 -3.416917978522964 -3.4169179785228123 -1.0582956818065195 -0.8410849594862648 -0.8410849594862502 1.3550658880728363 1.3550658880728506 1.4047701988474668 1.5932604945191113 2.179180672198957 2.1791806721989664 4.246585832334174 4.246585832334188 4.541621219533873 6.256104171608508 6.25610417161137 6.3154312625891595 9.23272646851712 10.102878307588 11.546545489231523 11.557825488596393 11.557825497221826 13.314237042420153 13.314318748771926 13.692801567258455 14.317009669465868 14.31706046807571 14.347233114251708 14.57856264236354 14.578566576681332 14.615970481570704 16.62855025416739 16.63348146042574 17.992192556422964 18.263332401485677 
0.125 0.125 0.125 -13.845853913735754 -12.728138051146466 -12.72813805107915 -11.119437782352641 -11.119437782352607 -11.040114444378212 -8.934938898927902 -8.934938898927886 -8.338143934999461 -5.764204816180528 -5.622741911570188 -5.622741911570167 -3.380468594624166 -3.321421982700387 -3.3214219827002363 -1.2049734902053608 -0.8357514090401958 -0.8357514090401427 1.2017244516564591 1.2783062411068746 1.2783062411068937 1.3620027884394978 2.0724922668534735 2.0724922668534895 4.545439461750732 4.5454394617516405 4.91371427735212 6.318654749384881 6.318654749408101 6.411844361763399 9.419580149953314 10.305825981276556 11.586108170871208 11.6021882505837 11.602188266414304 13.079308235135858 13.079371543807941 13.646834969753431 14.115803705847256 14.11581719188456 14.193200314649891 14.354234386283835 14.354243322063242 14.429541137474091 16.62440267332471 16.626802189586584 17.124719930099133 17.769164619041128 
0.15625 0.15625 0.15625 -13.778369178669067 -12.733293658763872 -12.733293658725483 -11.21123984258989 -11.211239842589695 -11.0993649828127 -8.815459390236342 -8.815459390236317 -8.278332544706132 -5.8204735745522225 -5.686806092787253 -5.686806092787243 -3.292148799161366 -3.198029640378101 -3.1980296403780426 -1.366326452233353 -0.8215652992357317 -0.8215652992356686 0.8124827999575293 1.17643525977892 1.1764352597789358 1.2938466470998309 1.9715212448388555 1.971521244838864 4.8806653994173015 4.88066539941846 5.287807051004436 6.414099301548688 6.414099301584435 6.541490671225683 9.650569407933814 10.55784328602068 11.640038316141823 11.653108788517569 11.653109463781648 12.845853587480287 12.845950499896613 13.569588089768896 13.847128621365153 13.84712926387984 14.00851800154007 14.086246886461641 14.086262763874528 14.208137157636212 16.570798854173088 16.578546774389075 16.8248233221595 17.366937739955695 
0.1875 0.1875 0.1875 -13.697542817907774 -12.736451558451721 -12.736451558396844 -11.312751689048813 -11.312751689048298 -11.171014608406045 -8.680962951852141 -8.680962951852031 -8.207717114987656 -5.887923523123814 -5.763797415284382 -5.763797415284357 -3.1922318497628304 -3.05323428478832 -3.053234284788258 -1.539984382081203 -0.8046666386933878 -0.8046666386933857 0.4383321204635999 1.0572955722474464 1.0572955722474628 1.196472251476027 1.867531794936156 1.8675317949361703 5.242638482847116 5.242638482852983 5.655922161693416 6.543828999721491 6.543828999731482 6.703621078179364 9.917438687825351 10.849454539922354 11.702452431331345 11.702454883372637 11.709770021486918 12.633410707512427 12.633502306474087 13.443190469973656 13.52443543789614 13.52444183730101 13.783232158007765 13.783244373475178 13.788091556991256 13.977085197119019 16.43746603686471 16.46387812948943 16.664399148270604 17.038133850873585 
0.21875 0.21875 0.21875 -13.603928925849118 -12.73581353376109 -12.735813533761075 -11.423162566062546 -11.423162566062478 -11.254142427451791 -8.535597716421096 -8.535597716421032 -8.126449063083426 -5.96830477884456 -5.851510704191751 -5.851510704191706 -3.0813863977476346 -2.8840922300751126 -2.8840922300750975 -1.711729862843871 -0.7778541349506525 -0.7778541349506007 0.08713484353895605 0.9279517070745924 0.9279517070746124 1.0677625121826064 1.738217287352937 1.738217287352967 5.625374556147211 5.62537455614724 6.023515748624708 6.711104709147935 6.71110470914798 6.895056041853715 10.209149240988962 11.169209269555939 11.735317880873614 11.73531788087362 11.79897490118452 12.460487255744734 12.46048725574476 13.1574667418788 13.157466741878938 13.249204772968126 13.454599146213885 13.454599146214331 13.52344597401972 13.761062375185833 16.224318475559443 16.224318475563937 16.75048044087434 16.75048044090049 
0.25 0.25 0.25 -13.498378867831667 -12.72996463657767 -12.729964636577632 -11.537720733469744 -11.537720733469673 -11.347410333911991 -8.379533778633615 -8.379533778633613 -8.033177211761531 -6.058037202593904 -5.949797236498233 -5.949797236498226 -2.962770993566983 -2.690276961522611 -2.6902769615226085 -1.8779520820746236 -0.7430675151728171 -0.7430675151728103 -0.229845642651543 0.7975552491977277 0.7975552491977377 0.9140981364844263 1.5890596482283277 1.5890596482283472 6.025558704840446 6.025558704840448 6.388958655328096 6.918208791509054 6.918208791509067 7.115604074873878 10.510422911535732 11.501219369689316 11.728926583187263 11.728926583187366 11.913032931318842 12.352118966944074 12.352118966944433 12.761898900761667 12.761898900761848 12.994577003394786 13.114296275642577 13.114296275643019 13.228959882157909 13.572653261359362 15.952521949821957 15.952521949830894 16.487441172810673 16.487441172856613 
0.28125 0.28125 0.28125 -13.382029644821253 -12.717492395757153 -12.71749239575713 -11.655242264024011 -11.65524226402398 -11.451295637436731 -8.217366940579488 -8.217366940579444 -7.931901111810105 -6.159044033948113 -6.05921555555407 -6.059215555554067 -2.8454108659005013 -2.4767921013760863 -2.4767921013760725 -2.0344960167688293 -0.7020106262341839 -0.7020106262341567 -0.5075111202707949 0.6685343555704676 0.6685343555704691 0.7393149017726109 1.4122551312660372 1.4122551312660485 6.43945916279436 6.439459162794386 6.7562579564460545 7.160200842213709 7.160200842213736 7.361560902674151 10.801744668279987 11.666539059200876 11.666539059200916 11.799634484111966 12.044999272925951 12.282117186992373 12.28211718699243 12.372288871015181 12.372288871015225 12.726573095348938 12.778048903314078 12.77804890331462 12.919811854047852 13.401108476900655 15.652829865779633 15.65282986578334 16.238790598507197 16.238790598553567 
0.3125 0.3125 0.3125 -13.256357712996653 -12.697657005504169 -12.697657005504153 -11.7729019366156 -11.77290193661559 -11.563042150156052 -8.0522369913527 -8.052236991352572 -7.8215401473520885 -6.266716379051601 -6.1760151363505145 -6.176015136350447 -2.7346880561729905 -2.244102155626251 -2.2441021556262433 -2.1745224966307055 -0.7337061449690394 -0.6544028406387811 -0.6544028406387489 0.5469843266730552 0.5469843266731045 0.5477161186386788 1.208636964254735 1.2086369642547463 6.864904181500802 6.864904181500815 7.138949085897037 7.435119782134523 7.435119782134564 7.630303047951663 11.061734427006126 11.550536551512051 11.550536551512073 11.905201267269991 11.910131131641446 11.910131131641467 12.12342376368206 12.263931700556402 12.263931700556421 12.527072536020205 12.527072536020436 12.613366979227191 12.688610446820633 13.244443094811558 15.357362137574004 15.357362137575288 15.997981536225758 15.997981536248767 
0.34375 0.34375 0.34375 -13.122135761527558 -12.669005447014207 -12.669005447014044 -11.888451511263291 -11.888451511263291 -11.684498806139311 -7.882418297119192 -7.882418297119159 -7.703091670552473 -6.382765714086238 -6.301864657750769 -6.3018646577507385 -2.6418952385842327 -2.292451143130461 -1.9941505679706855 -1.9941505679706677 -0.8971358933241759 -0.598870421094528 -0.5988704210945136 0.3441525817952578 0.43131340575275096 0.43131340575278626 0.9814066176815771 0.9814066176815814 7.298064110238055 7.298064110238075 7.525660498014084 7.737830533010033 7.737830533010059 7.922863051931022 11.266629083425329 11.367611585223028 11.367611585223049 11.491156557922418 11.491156557922421 11.674299690315808 11.944144904235982 12.09072376963081 12.09072376963085 12.475671458536123 12.475671458536146 12.762681619789396 12.762954644373835 13.134226613978278 15.092294548284409 15.092294548284887 15.76658969433516 15.766589694339148 
0.375 0.375 0.375 -12.981449374208292 -12.631379889088416 -12.63137988908815 -12.00055731467254 -12.000557314672495 -11.813810400812674 -7.710798194625281 -7.710798194625225 -7.577730679914305 -6.505904735551685 -6.434624735326689 -6.434624735326685 -2.576917796918905 -2.390435880530681 -1.7296418176468291 -1.7296418176468216 -0.9868118539714433 -0.544117083902545 -0.5441170839025271 0.1332530867420736 0.32356920076816786 0.3235692007681887 0.7394865149216044 0.7394865149216476 7.737673045588619 7.7376730455886475 7.924696037394441 8.06358774439101 8.06358774439101 8.237152279964311 11.072157928770869 11.072157928770887 11.08905995277946 11.089059952779467 11.31392438417016 11.315608720901862 11.713894242697295 11.96857198356794 11.968571983567958 12.481660460319006 12.481660460319011 12.784833879935494 13.037790431712308 13.253942496973554 14.879828539459446 14.879828539459606 15.543241263049978 15.543241263051623 
0.40625 0.40625 0.40625 -12.835628802038432 -12.584232031688716 -12.584232031682989 -12.107592121467501 -12.107592121465228 -11.94949055112601 -7.5393251667853916 -7.53932516678535 -7.447482410991848 -6.635365521601241 -6.578088380304158 -6.578088380304118 -2.5451894408625617 -2.4653881903960975 -1.4579990482169523 -1.457999048216897 -0.9997286572152616 -0.49520579245270824 -0.4952057924526852 -0.07994977225617363 0.22430738817287435 0.22430738817290347 0.49000443065301774 0.4900044306530794 8.179094483497176 8.179094503401975 8.336586479304845 8.405010226002345 8.405010234958793 8.573065807766856 10.662827204505115 10.66283314359015 10.730455507240858 10.7304573127257 10.92501455863663 11.014059566703247 11.759038818309657 11.943121304003418 11.943144712660583 12.462399439574032 12.462724474912363 12.65246152006744 13.369791125865303 13.533230797157158 14.74038357273551 14.833921681253385 15.106549298291155 15.330279089774624 
0.4375 0.4375 0.4375 -12.686640367101317 -12.527667539370858 -12.527667539364602 -12.20844394993235 -12.208443949927181 -12.091679276463674 -7.370450362873052 -7.37045036287304 -7.315899044264496 -6.768904769522931 -6.727341505636851 -6.727341505636846 -2.5399528596015792 -2.5165013176671778 -1.1824487222655646 -1.1824487222655407 -0.9420567643727867 -0.47035011248151715 -0.47035011248149683 -0.29045581097521417 0.13301584544401354 0.13301584544402206 0.2549796804722399 0.2549796804722525 8.61728119280765 8.617281270388144 8.753562441822536 8.757887996896036 8.757888019786257 8.917593043089928 10.26356384048156 10.263567152334376 10.33351445991158 10.333515243685264 10.530621107550498 10.59938380044058 11.89188654110017 11.984361857895006 11.984393338248365 12.401645527180822 12.402200660398718 12.49528706286426 13.711926869070926 13.809143634335967 14.685866896416405 14.776276649554156 14.94368346017293 15.130239957754517 
0.46875 0.46875 0.46875 -12.53723519159159 -12.462369975877687 -12.46236997587235 -12.301118080928305 -12.301118080920117 -12.236832896316558 -7.206540883741826 -7.206540883741757 -7.1803299335342565 -6.90561672739741 -6.883460014617996 -6.883460014617982 -2.5480169089748275 -2.545095174269381 -0.9138817280206862 -0.9138817280205784 -0.8289325971758967 -0.5139241383640453 -0.5139241383640384 -0.49079957615922587 0.06223359710124644 0.06223359710131955 0.0831076589793335 0.08310765897937289 9.053481719681404 9.05348201282987 9.119524494613195 9.119524552531761 9.16834851837327 9.257991211177568 9.874338806076246 9.87434047508046 9.916845924593115 9.91684625034885 10.153224172692852 10.180742658171035 12.034058823517674 12.070952315133642 12.070997054786607 12.301174597948641 12.301913777984538 12.338913786938678 14.01184044016676 14.037978880703657 14.713787059602105 14.781745399117042 14.80904518063984 14.952857232195637 
0.5 0.5 0.5 -12.38646140787057 -12.386461407870367 -12.386461407870359 -12.386068702124689 -12.386068702094393 -12.386068702094235 -7.043283023054156 -7.043283023054084 -7.043283023054056 -7.042583839275342 -7.042583839275294 -7.042583839274803 -2.5532331405027455 -2.5528341834164543 -0.6736194669288352 -0.6736194669286848 -0.6736194669286606 -0.6731928584619868 -0.673192858461964 -0.6731928584619438 0.029645289056204113 0.029645289056233523 0.030176628837081238 0.03017662883710196 9.458430269930634 9.458431978309596 9.458431978309607 9.459332431237037 9.459332431237067 9.45933243123708 9.521623282460112 9.52162328246015 9.522586626176114 9.522586626176146 9.913344676012159 9.914019041617632 12.183007478280185 12.183007478280217 12.183007478280233 12.184941232549203 12.18575147191064 12.185751471911395 14.14766952614805 14.148195723439896 14.808294466529347 14.808294466529393 14.808294466529402 14.809324934553661 
0.4642857142857143 0.5 0.4642857142857143 -12.50878259153656 -12.508776900440287 -12.383153389435913 -12.38276085790841 -12.259858505085326 -12.259852974934534 -7.2210117544984564 -7.221010163149213 -7.042463808824856 -7.041764114477119 -6.869312572751931 -6.86931037075823 -2.5475504448346307 -2.5471543673735466 -0.913110845421356 -0.9130981590802064 -0.6951648087978515 -0.6947892494755202 -0.4694845195751959 -0.46941690064117375 0.04333218320862435 0.04383312887608697 0.08902157181100591 0.08947940401080379 9.025897126429353 9.025927418510946 9.102478489774711 9.10268783510128 9.467314885139329 9.468217373610194 9.62066742733515 9.621384759591171 9.951848272257925 9.951942918192243 10.1738663281761 10.17409226819634 12.035805533716125 12.035914122764753 12.189061135947123 12.19099960618369 12.332187943865398 12.332294641353585 14.040111110615346 14.040741657430164 14.714835995802217 14.71493262711415 14.886688601989919 14.887385742301106 
0.4285714285714286 0.5 0.4285714285714286 -12.625177607718157 -12.625166184012949 -12.373180316786838 -12.372788290388314 -12.131266114361797 -12.131255361402726 -7.400234468853029 -7.400232112643225 -7.038875876929781 -7.038175824357781 -6.700514119068564 -6.700509168083969 -2.5309601962175665 -2.530573758598251 -1.1615399354786455 -1.1615363542729724 -0.7463079846519878 -0.7460349075450631 -0.3303890486495438 -0.3301824837989134 0.0950049761800164 0.09540818979373458 0.2507303688998763 0.25104322895656567 8.564247423901172 8.564250897611865 8.66432929614314 8.664477865726138 9.487481667433949 9.488391384024357 9.620824480214425 9.621648195500782 10.406374523577469 10.406446049158376 10.623923704239017 10.623973692506773 11.898113521512924 11.898320065590863 12.20798206998414 12.209928361742621 12.468627951072383 12.468817617533404 13.807101654856426 13.807872518063018 14.671960713695752 14.672179846032483 15.010755551714755 15.011348691348354 
0.39285714285714285 0.5 0.39285714285714285 -12.73645643452953 -12.736439419115548 -12.356859366589957 -12.356467914566496 -12.00045256254399 -12.000437218481236 -7.5822650290100775 -7.58226258295745 -7.034206401866558 -7.033502603411548 -6.538655457888 -6.5386473316272555 -2.5099825170246994 -2.509614821885606 -1.4052974671023812 -1.4052838748461705 -0.8028871846700679 -0.8027124911372159 -0.26153472694553015 -0.2611856408802154 0.19374557350578453 0.1940188779915561 0.47265677033549114 0.4728556223265853 8.102475097623877 8.102489534991303 8.230808233062836 8.230923623582747 9.519641393131925 9.520558399186015 9.602616715430461 9.603461660371856 10.847672543860044 10.847757460715215 11.09808889082514 11.098109210487687 11.77954392611506 11.77983888909017 12.234890120194562 12.236831486393612 12.582102959544768 12.58232538710656 13.539291831009258 13.540220227418029 14.677359034073325 14.677616078084894 15.163289345225873 15.163824346812218 
0.35714285714285715 0.5 0.35714285714285715 -12.84204162517186 -12.842019277418203 -12.335423794605234 -12.335033590905017 -11.868504345524888 -11.868485156897313 -7.765028627808308 -7.765026925063413 -7.028838113912303 -7.02813098281367 -6.386621969805532 -6.3866103127768845 -2.4943679472516287 -2.4940336046725866 -1.6283375425330988 -1.628297436947691 -0.851397817138469 -0.8513106695101508 -0.24053719752055394 -0.2401033412056231 0.33053653188714227 0.3307110196270053 0.7160127600495809 0.7161417084364308 7.640316982336576 7.6403345969546175 7.810809911338289 7.81090268883992 9.552640333600195 9.553545312820725 9.586388855068753 9.587258742148553 11.246389072789652 11.246494688250849 11.564826689965166 11.564906497477118 11.703901714984596 11.70420718222192 12.273326901170444 12.275200914714548 12.659124809659732 12.659251343190935 13.282301931576269 13.283485720666933 14.72824000324012 14.728467911294102 15.34009042257599 15.340569063773595 
0.32142857142857145 0.5 0.32142857142857145 -12.940374248978866 -12.940346994077892 -12.30976974350771 -12.309381222766316 -11.737515062717103 -11.737493132902541 -7.947175526792642 -7.947175487437651 -7.022296775637602 -7.021585440281087 -6.2438772435359935 -6.243861648478923 -2.503771771531342 -2.5034942293413907 -1.8134856412539466 -1.8134052639128122 -0.8871268384286544 -0.8871246092779006 -0.2420862691596834 -0.24161476525952733 0.49050920190499187 0.4906162937051885 0.9611952430902668 0.961281771186404 7.185638119659598 7.185653875198768 7.409628225306003 7.409703388326839 9.535788164903055 9.536647199769238 9.624317150629443 9.625242871331944 11.436051725687312 11.436244810010331 11.802731761174954 11.802995372883524 11.993045745551752 11.993242358425281 12.344069926572294 12.345624320980551 12.690688988992907 12.690748662581731 13.090472762036134 13.092030224949621 14.810917249959004 14.811041733171278 15.544778873420572 15.545164986407725 
0.2857142857142857 0.5 0.2857142857142857 -13.030269273722526 -13.030237515184286 -12.280472656907877 -12.280086106329083 -11.607350700326942 -11.607327200284686 -8.124516449400295 -8.124513848559916 -7.0127918903200515 -7.012077200089808 -6.1123033133605675 -6.1122835110148035 -2.559205663342989 -2.559004697199653 -1.9361569232463782 -1.9360257172114381 -0.9053860189682695 -0.9053019582553415 -0.24511637605093242 -0.24463202215007207 0.6668138659916905 0.6668710901643428 1.1967229209715968 1.1967836954951174 6.739797461156091 6.739807097973308 7.034122611867949 7.034183482025796 9.508337695121103 9.509190713429842 9.684897707609693 9.685840841090487 11.403281105043318 11.403639377925522 12.008338333057209 12.00952202273907 12.216451552081544 12.216838650816266 12.524314956855234 12.525033856478181 12.797196800230697 12.797300540860276 13.021545747789057 13.023207004201314 14.904466027162117 14.904503030800347 15.779817116291545 15.78009284504312 
0.25 0.5 0.25 -13.111280351722055 -13.111244464591708 -12.249058569177304 -12.248674356681304 -11.480939976337957 -11.480916380156508 -8.296373427977997 -8.296366997096754 -7.00508101070362 -7.0043608136682955 -5.9953585384668555 -5.995334434481564 -2.668333450505356 -2.668197806453502 -1.994909601384357 -1.9947467113624995 -0.9094590738846119 -0.9092868914526162 -0.24114669604356379 -0.24066193163633595 0.8500118200690693 0.8500285495193076 1.4161892898271924 1.4162342080077397 6.307647620538585 6.307647720534584 6.684859323689547 6.684908630562359 9.483333740477436 9.484184918775698 9.749840945436587 9.750798389159813 11.336200363292836 11.336556838876836 12.044888899364022 12.045632601761042 12.166599951417924 12.167160118300947 12.847678822068492 12.84810028307213 13.026958184647361 13.028350112192504 13.13548966439883 13.135625112064291 14.987993632665397 14.988218982148972 16.052853018954004 16.052999601872827 
0.2142857142857143 0.5 0.2142857142857143 -13.182799408542913 -13.182759920818778 -12.217092272692195 -12.216710508546674 -11.359789496800687 -11.35976730492219 -8.460935570971143 -8.4609244858558 -6.997162294390354 -6.996435545265364 -5.89160637448866 -5.891577684424456 -2.8059039732556808 -2.805804620631157 -2.0143204566996786 -2.014158553323448 -0.9046240323806275 -0.9043656024435527 -0.21995269989491384 -0.2194718300041106 1.036363663229049 1.036380485990416 1.6091797151351868 1.6092157870369874 5.893082076906932 5.893094037199621 6.363532255055552 6.363572983624876 9.46592895262309 9.466783380908533 9.816528652975812 9.817499612464223 11.257810122885328 11.258073680520138 11.883772516587188 11.883888092808322 12.18800239003052 12.189515419134313 12.994168629161644 12.995668784574113 13.276736156299783 13.276895392675234 13.515443985167293 13.5155068963672 15.046015991488057 15.046418002706487 16.364946519387463 16.36498752230187 
0.1785714285714286 0.5 0.1785714285714286 -13.244457738617687 -13.244415192696787 -12.186082180827272 -12.185703052818797 -11.245233106972606 -11.245213952686417 -8.612408297528173 -8.61239140735239 -6.988135137453334 -6.987402273173113 -5.799157710560274 -5.799124736309719 -2.9458497939604946 -2.9457684777559123 -2.01607695320242 -2.015934042930715 -0.8949539382924055 -0.8946202051701745 -0.1761248157562079 -0.17564498067979192 1.2240865614114156 1.2241308416764591 1.7759109230585681 1.7759423151080287 5.507967159665544 5.507992634543655 6.079280586627584 6.079316381370104 9.457662677606608 9.458525777195476 9.88076185674612 9.88174455523791 11.16292987200482 11.163025386721113 11.714799196160417 11.715170996667934 12.231189505119449 12.232854107140897 13.003205506111835 13.00472814996026 13.648199830910544 13.648238537035231 13.87967409504244 13.879714768943032 15.077159487163792 15.07770952708436 16.721536706666924 16.7215528000464 
0.1428571428571429 0.5 0.1428571428571429 -13.295464183261641 -13.29541908680919 -12.15799995301775 -12.157623474802115 -11.141234174855072 -11.141219198173605 -8.749413913924716 -8.749390515829571 -6.98223466968972 -6.981494932487137 -5.722839541798001 -5.722802374272065 -3.0714479651517217 -3.071375325831705 -2.0147862419714824 -2.0146661012827827 -0.8888831081574278 -0.8884908933456525 -0.11046236843654106 -0.1099771037512449 1.4057299932284633 1.405794019888197 1.9040032343761024 1.904031258006773 5.157556489083859 5.157595815144232 5.833482112065456 5.833516902652633 9.457592261416137 9.45847009984151 9.938450807840127 9.939443135362481 11.046544114676651 11.046619969633426 11.58716853846454 11.587727528112854 12.2869379876854 12.288648828859055 12.987286147242026 12.988757793876742 13.993231496104398 13.993238943976175 14.194032447858719 14.194053696647233 15.08417901641483 15.084847342456204 17.103891949452056 17.103903398082952 
0.10714285714285715 0.5 0.10714285714285715 -13.335529887406505 -13.335482850114616 -12.133911819953695 -12.133537598622329 -11.051370235726516 -11.051360319799556 -8.865681942681379 -8.865651734013737 -6.9746107640748365 -6.9738658751152665 -5.660845438513172 -5.660804800837716 -3.1755964444628244 -3.1755278891270775 -2.01249785821022 -2.0123972684189844 -0.888501727001333 -0.8880700919513786 -0.031881352570500315 -0.03138374814935626 1.5772586590079174 1.5773315997892854 1.9946639167353997 1.9946823947721402 4.85799648793777 4.858047168112444 5.633771396566795 5.633808956011787 9.46719403724717 9.468092891436656 9.989281083847601 9.990282220052437 10.922145036491402 10.92232373185846 11.503619122424693 11.504284876437056 12.356353066687214 12.358099506748042 12.954263427571906 12.95565410232046 14.295701021181356 14.295707095460601 14.449263904819631 14.449268263486262 15.075930807197143 15.076689030014844 17.479878789235084 17.479920281060195 
0.07142857142857145 0.5 0.07142857142857145 -13.364147086318553 -13.364098664737627 -12.115414146873297 -12.115041743879972 -10.98069237050783 -10.980687551220903 -8.954833193206191 -8.954796851419415 -6.967945830299699 -6.967196487104832 -5.615959904225754 -5.615916327141269 -3.252662020702737 -3.2525954097859384 -2.0103728242797505 -2.010286396607434 -0.8913460906163875 -0.8908896012298877 0.043168060087941364 0.04368041550139081 1.7294756167834315 1.7295400558785343 2.0442809703736233 2.044284431174575 4.625105096767697 4.625162705599867 5.487437015360124 5.48747936691036 9.482600948715469 9.483522993436795 10.029737141757593 10.030745077971211 10.811492860829633 10.811707007645301 11.452903253708508 11.453608503194054 12.43245205902409 12.434264644347389 12.908689867303723 12.909963145889572 14.530641438220664 14.530658012361474 14.636695023972763 14.636699397470922 15.062987364271091 15.063807405166575 17.809698384920704 17.809791057840165 
0.035714285714285754 0.5 0.035714285714285754 -13.381399811363472 -13.381350542403354 -12.103858120669596 -12.103486956166698 -10.934445600635845 -10.934444511192748 -9.011587755903502 -9.011546996783482 -6.963229970846586 -6.962477682823508 -5.58761239567825 -5.587567085213351 -3.2991975046934714 -3.2991319511728223 -2.009321773327537 -2.009244034125318 -0.8946723722702348 -0.8942030708784705 0.09674113441024625 0.09726423534983125 1.8464937823973713 1.846526328595946 2.0559101353925464 2.0559545715734164 4.475787362907333 4.4758476744532185 5.39936107748562 5.39940856803491 9.497465549188895 9.498407130180407 10.058412552093428 10.05942585587294 10.73526974152951 10.735486233022536 11.425788499908052 11.426501736484905 12.501826588390808 12.503755901637467 12.86128048750862 12.862396517620914 14.6849726300327 14.685005283695691 14.750425158422686 14.750429544604206 15.05048574257298 15.051337444960135 18.07727439261909 18.077360766808216 
0.0 0.5 0.0 -13.387160436907958 -13.387110873420326 -12.100131906708171 -12.099761436527462 -10.918856856414196 -10.918856535213104 -9.031203354023543 -9.031160979170945 -6.962077693269881 -6.961325154170156 -5.578084045312347 -5.578037952605481 -3.315266580730073 -3.3152014736416984 -2.0098402155647572 -2.0097653383380103 -0.8960606603549036 -0.8955869378164893 0.11533447407558974 0.1158621079329989 1.896928557250327 1.8969287245886888 2.0491546806511614 2.049234951173377 4.423013712474911 4.42307443777175 5.369349612977941 5.369398962182872 9.503342207854908 9.504291630394222 10.06865898030777 10.069674588723958 10.707742766427476 10.70795615009859 11.417221912099313 11.417935895585803 12.532145927519847 12.534162279962146 12.83802719752273 12.83904161303474 14.738075447600492 14.738117791219326 14.788529708040546 14.788541131662297 15.04438722849197 15.04524932403251 18.19666252420742 18.196734333053094 
