 4.31869408  4.31869408  4.31869408 90.         90.         90.        
C  0.         1.45864057 1.00269435
C  0.         2.86005351 1.00269435
C  0.         1.45864057 3.31599972
C  0.         2.86005351 3.31599972
C  1.00269435 0.         1.45864057
C  1.00269435 0.         2.86005351
C  3.31599972 0.         1.45864057
C  3.31599972 0.         2.86005351
C  1.45864057 1.00269435 0.        
C  2.86005351 1.00269435 0.        
C  1.45864057 3.31599972 0.        
C  2.86005351 3.31599972 0.        
-78.35878483
48 bands 
kx ky kz  bandenergy1 bandenergy2 bandenergy3 bandenergy4 bandenergy5 bandenergy6 bandenergy7 bandenergy8 bandenergy9 bandenergy10 bandenergy11 bandenergy12 bandenergy13 bandenergy14 bandenergy15 bandenergy16 bandenergy17 bandenergy18 bandenergy19 bandenergy20 bandenergy21 bandenergy22 bandenergy23 bandenergy24 bandenergy25 bandenergy26 bandenergy27 bandenergy28 bandenergy29 bandenergy30 bandenergy31 bandenergy32 bandenergy33 bandenergy34 bandenergy35 bandenergy36 bandenergy37 bandenergy38 bandenergy39 bandenergy40 bandenergy41 bandenergy42 bandenergy43 bandenergy44 bandenergy45 bandenergy46 bandenergy47 bandenergy48
0.0 0.0 0.0 -11.352972703200344 -5.981093785278012 -5.98109378527801 -5.114763214820394 -5.114763214820337 -5.114763214820323 -1.3203898992162235 -0.5562666490069536 -0.5562666490069222 -0.5562666490069168 0.8724028719065625 0.8724028719065852 0.8724028719110822 2.0950074435723685 2.0950074435724075 4.04337401893034 4.043374018930355 4.043374018930358 6.106374413134705 7.542832196628097 9.994954034309808 9.994954034309812 9.994954034326174 11.929616730276923 11.92961673027694 11.929616730276946 13.728252651999313 13.728252651999373 13.948213282764018 13.948213282764023 13.948213282764051 16.616603385126165 16.616603385126165 16.61660347754226 16.942643426814048 16.94264342681434 16.942643426814602 19.026154258861446 19.927148390067085 19.927148390067167 20.321499664609558 20.321499664609597 20.32150981288333 21.384835540119184 21.384835540119305 21.384835540119305 26.3517645151531 26.3517645151531 
0.0 0.0625 0.0 -11.331545670714064 -6.2539692205489334 -5.967875097583314 -5.099308759040332 -5.094557014302274 -4.863628787605758 -1.2833160940443904 -0.7442086220615066 -0.6210065625462398 -0.5677792002245591 0.7552200302271821 0.890095107950697 1.0628024724970546 2.0289679952485216 2.1803005454329862 4.051547944087596 4.065576950142324 4.212528001201248 5.99276479159518 7.621414834568877 9.93092911387902 9.933881608988685 10.145035663632935 11.763366540642943 11.978477585850824 11.983525145499495 13.527981214756704 13.714596768670742 13.913073438669663 13.933957800226677 14.121490937404381 16.492437413643376 16.557081933634826 16.625501220345864 16.857329006056766 16.934676924133942 16.952995806171078 19.062159939133696 19.676272497602472 19.90580135941643 20.251459860646495 20.268848776944974 20.311109084827862 20.486779239828454 21.449807665446304 21.460440245098738 26.23920086916943 26.383401547260977 
0.0 0.125 0.0 -11.26779214332575 -6.740830319597383 -5.929027363355433 -5.052914230412028 -5.032703309024649 -4.441401059941192 -1.2453887860265158 -1.1409302297845572 -0.6975532164892355 -0.6067478102299901 0.4795975240225829 0.9449749798855708 1.473241586246636 1.8517168219285383 2.3954497939859527 4.078508729895276 4.136249733492593 4.658035787459248 5.701322595028263 7.862036260409233 9.778304121955655 9.796607644722528 10.551580297224952 11.32292725936172 12.108861223656708 12.126753831177885 13.267707226848787 13.675255857909994 13.804259668150301 13.884364350796014 14.280335199132674 16.22836142409082 16.43239525171336 16.645748429505208 16.64764507197698 16.93499527542199 16.93721803070806 19.10881985679826 19.230248607253703 19.84378367378514 20.020838368930463 20.161332181257716 20.285401485163867 20.703485628370885 21.633071740357025 21.646504544543333 25.977542496727686 26.47565542418091 
0.0 0.1875 0.0 -11.163374987488423 -7.252557073314726 -5.868240435017063 -4.978823679982994 -4.930361264349714 -4.042166216996132 -1.590928323811876 -1.404979822069294 -0.69830822923676 -0.5214039266222883 0.1780548559854491 1.031984931917553 1.6045120025878878 1.937166831989725 2.6534854795543024 4.119476204753594 4.250910889831524 5.266626590920851 5.323474007124094 8.218466011593403 9.593807465571311 9.615811551898847 10.742707800852177 11.13243265994174 12.25303140127671 12.31651628198324 13.009320431295013 13.589865138228388 13.616389200235194 13.753492159420265 14.315336453954224 15.927824494403989 16.265383673033 16.367166184964876 16.684834485669132 16.856003450416928 16.980172241956094 18.684267726567036 19.039162482175673 19.749203075256744 20.07833967925224 20.160532069490475 20.238117594619663 20.87590439227357 21.875594251363772 21.909987949055726 25.627739684748054 26.61677450668246 
0.0 0.25 0.0 -11.022573473087913 -7.746411148335577 -5.791652425570271 -4.884738058548074 -4.789695041810167 -3.707791051872463 -2.0395015399221226 -1.676369789900434 -0.8773851663407558 -0.14101810368817314 -0.04080042919337063 1.1473759490377977 1.3353898812050609 2.3920678508827113 2.8798645596261268 4.161363391130616 4.383089162487495 4.921951623322837 5.96127569086762 8.634175907683733 9.425205009173775 9.426451982276072 10.144042849026555 11.819630291949343 12.325811396606868 12.507956995391801 12.748205438813967 13.406556917578166 13.433161678958053 13.468836302142732 14.241938957404194 15.699751282907293 16.07468742055205 16.07728577246864 16.732128764088888 16.734234833345795 17.101562585296485 18.06876902195709 18.98564067736611 19.64845331302418 20.04298519413244 20.15069238788084 20.431304686475052 21.00757502094943 22.113586764169526 22.25671380414685 25.209454751137642 26.7709913013188 
0.0 0.3125 0.0 -10.852681781097502 -8.199561470245971 -5.707840430621167 -4.78075349830686 -4.615416737358832 -3.4490526766653335 -2.4633541800791092 -1.9419960525749977 -1.12490286214791 -0.15346931980880754 0.30318413805134087 1.1091101161607004 1.2793338809594421 2.8047020342197926 3.0475808096294985 4.192955644472532 4.482283539312649 4.54215982606749 6.689861738235274 9.046785428849631 9.24556306574487 9.313658186871 9.651982020947502 12.24046613225054 12.499673916471068 12.572774516354926 12.67406424224168 13.034072879049107 13.194740462065617 13.287201124863806 14.122781528831718 15.598344545861837 15.813763849079589 15.884602530807237 16.578539941796404 16.754650433775716 17.285862067774218 17.411392089284796 19.01016473197862 19.545832884109316 20.02467313836252 20.058037496239425 20.687617941770206 21.100842572331743 22.351548170991304 22.651122714989807 24.762131155921086 26.91871294422416 
0.0 0.375 0.0 -10.669665728056337 -8.5883960000859 -5.629765805837885 -4.681991322891122 -4.416164574292465 -3.2688112951153276 -2.84501741971096 -2.1509273912895353 -1.363616163273328 -0.20259187399134698 0.5796352461599283 1.1069268024415864 1.4087953716826753 3.143819751095981 3.156144836075034 4.2010338887340986 4.22565233018801 4.491368676005839 7.401416282878411 9.067473874618717 9.214922584760933 9.263498780663936 9.51707337192198 12.014849116048737 12.284709342234118 12.50649336784784 12.820053794250654 12.919834738968238 13.295808169763532 13.35926787650748 14.008478045983825 15.606653676764592 15.615006021182968 15.713175278823753 16.40889390861143 16.50193924488422 16.972626511502245 17.495031527851204 19.083286961473696 19.45375313002267 19.882628846431576 20.109663056902473 20.857062003522202 21.16437355526541 22.588961978912533 23.065442674428912 24.32599070300657 27.04232539618548 
0.0 0.4375 0.0 -10.51042708105666 -8.872708526313504 -5.573520349550969 -4.609479498198792 -4.221519797218294 -3.1683049485868695 -3.1508764107417804 -2.276983625967845 -1.5321674470827218 -0.22252516326823824 0.5463266356718957 1.3877155306700115 1.5087860816600964 3.215158103574975 3.3778202926588476 4.010591224151442 4.1869971957047865 4.415209413024204 8.026772303715088 8.866241438449112 9.091298655807153 9.26008212840457 9.73434930046103 11.797769153446326 12.072088375219481 12.143738905719612 12.683857560119343 12.89874975145584 13.344217226301817 13.927449199896452 14.159924126884176 15.491143418957309 15.592917263954732 15.672146421982532 15.796780532591637 16.262997333995347 16.942104496215585 17.665743574060514 19.15681216961406 19.39325374005069 19.763118643411925 20.16000245389132 20.932253512818146 21.201613337747112 22.80921769968454 23.431444158377985 23.961957319076017 27.123432422092613 
0.0 0.5 0.0 -10.441654062839817 -8.98223623355508 -5.553035787647285 -4.5832311314905585 -4.124193173509051 -3.285449482918447 -3.1383281967782093 -2.318105270444067 -1.5926012291807246 -0.2277658482586928 0.5099439086569041 1.5294454694744535 1.5467836897964453 3.233412577442457 3.4648614362191723 3.9296145812452488 4.173080064178975 4.363550828688904 8.404600618651001 8.659531634016634 9.054831859596609 9.26252956637568 9.818088016348815 11.710723514869223 11.893041203208533 12.102163618137693 12.585355331960585 12.92689487556693 13.366789286946881 13.897108579889256 14.826187979695872 15.142259501127821 15.45050974908117 15.547542825951512 15.71274729132619 16.197432128189543 16.943107705903138 17.732755703663624 19.188616019602033 19.368612525203112 19.72222052457084 20.17878556464767 20.951959219396667 21.212463521509566 22.920955013320572 23.59103750050786 23.79721085572702 27.142483607704847 
0.0625 0.5 0.0 -10.418353226605337 -8.9680350227478 -5.723633451815673 -4.509067032407359 -4.104465586747375 -3.3117932000495607 -3.278165165666023 -2.1939252575922636 -1.4059902028385924 -0.2801345972811735 0.5190429413249552 1.3742604303737587 1.5383263961601084 3.313891824965493 3.3760212070268185 3.9791429919619574 4.388264113109537 4.390907907968471 8.238582505406434 8.548435931657195 9.14265954597905 9.343157202242052 9.81950476239405 11.726185085560772 11.938428727555843 12.181500638110995 12.481911740509501 12.975774621737505 13.35916269916633 13.809030014649386 14.685150634486238 15.134654919087138 15.471731345335765 15.659432761807608 15.70361628328432 16.172759539907457 16.706235398274874 17.89071979966224 19.136545289343182 19.144507677639673 19.90749953991345 20.037460445443248 21.056511093587023 21.17615847187136 23.077190480212764 23.642986157750283 23.88193803902006 27.04870485938737 
0.125 0.5 0.0 -10.349028126079627 -8.92677819446469 -6.112893583569479 -4.366474550887445 -4.046632245083999 -3.685232501190064 -3.2576493104067072 -1.9079249612826588 -0.9999195834816299 -0.3760471211724067 0.545715432033942 0.9723564552256416 1.5588789290649017 3.1776872680170274 3.512520247505176 4.066592929082497 4.476331917327892 4.916051756438191 7.901629810690688 8.227247916180826 9.257467965347436 9.575120128260103 9.824351493675943 11.771822938699469 12.105461925849252 12.129251047264358 12.35930946523698 13.1894358652372 13.331724341292798 13.547934611170643 14.388553241210854 15.1153994954422 15.454125676814314 15.70905993011253 15.790644844282182 16.097477814486336 16.2916280666161 18.138980034560454 18.759667330511263 19.021089411362038 19.735749266443815 20.165964075531214 21.087875152483925 21.24990601965799 23.485835147659202 23.77771369578348 24.134047641725452 26.831793596213096 
0.1875 0.5 0.0 -10.235155549113232 -8.862158119114694 -6.58190864243859 -4.208062025233562 -4.103003480175591 -3.9538272114553004 -3.2271402031695815 -1.6982264902599948 -0.5394836137922469 -0.31038956558824876 0.4937192435660485 0.588566539227379 1.593697160764427 2.9411295532096875 3.739935352185935 4.141408316765119 4.64400162768876 5.602377496748803 7.533464066773174 7.763906860639691 9.321208961849832 9.819829544067526 9.931175465602461 11.63876942864367 11.847261835490752 12.40251068870892 12.5365086676638 13.173367885549977 13.283245680061698 13.504572497356106 14.029147967026965 15.103545946667555 15.308892926411414 15.416476532020024 15.778801736792 15.985286205636768 16.298591620460666 18.316070410738053 18.3394902853853 18.91849648993518 19.391828321391735 20.402974962076545 20.994876086066192 21.44297466031389 23.9585715176071 24.03100307679334 24.521084343291836 26.56697094238412 
0.25 0.5 0.0 -10.077244907689417 -8.779798956464376 -7.066250781628713 -4.501433286842873 -4.031754078997668 -3.8314862474217253 -3.188743294700865 -1.7804555042242687 -0.10175952630676899 0.01720109432610209 0.1044572230056782 0.6478562391360742 1.6418606662047264 2.707442334446913 3.9220762970754235 4.20027092551307 4.906220808239466 6.367179234715463 7.187092951507708 7.210655257314434 9.36885034244519 9.800011693343217 10.370408422233888 11.140159608183934 11.950354682245765 12.394027460936313 12.792608095745042 13.000408123567434 13.199806974982218 13.614580939870569 13.83178999904699 14.795717450205949 15.077792854988983 15.115144006947038 15.837687658206072 15.889807179259513 16.517467164232343 17.844080649092742 18.44948418096924 18.889835526401257 19.034012186829067 20.611341243803793 20.93652341938552 21.632727072050653 24.160162510769588 24.603663188850586 24.982538726881376 26.25573004206517 
0.3125 0.5 0.0 -9.879484700905504 -8.68964959707459 -7.534440434863475 -4.849174279518568 -3.830292140862162 -3.689851623791195 -3.148424619651149 -2.046705148877603 -0.4156919725958297 0.2523748649242333 0.7284355735561697 0.7362966417068874 1.7026908959131404 2.4970337494217514 4.014580168795212 4.2422181543552275 5.215953730894779 6.619943275220446 6.884840747831103 7.160275811943607 9.45012984961263 9.74311991486268 10.722658390078367 10.855144219239998 11.857491863392562 12.074409218865679 13.070879734311056 13.105999213899294 13.13418752339568 13.236824597839995 14.100927253005107 14.217360044167219 14.811549505519038 15.168813860608118 15.628548102430452 16.06280045588949 16.743601601453992 17.360726436623608 18.46722549884887 18.67286988782867 18.944516390467594 20.793251163267247 20.94546119001285 21.81633476389696 24.365102418072887 25.106901410127467 25.43617707229258 25.930817614244926 
0.375 0.5 0.0 -9.65081437158683 -8.605351538345401 -7.961801660447105 -5.121837196161172 -3.6002384946672055 -3.5482765859472254 -3.113780985579283 -2.3655895441498664 -0.7721841658876843 0.4725897958674211 0.8394431425363984 1.429456171592537 1.76977319581245 2.3312086213643437 4.0071418023020975 4.273582574883802 5.472963229270039 6.098718474992912 6.656924941119584 7.934258447205194 9.606316263326283 9.63301459933723 10.456677005225252 11.267594122543835 11.350159573118571 12.212840531015384 12.498814099377928 12.884661497008146 13.285437964031747 13.682779081368691 13.779705475911586 14.247537400281011 14.600475266167946 15.282349389474065 15.357452180687448 16.289860121381274 16.896861686123323 16.947588398397922 18.320799620865486 18.42671383779802 19.05332420892891 20.923193409224073 20.993654481914813 21.98493289768742 24.571453753813156 25.42852241816267 25.613009794551395 25.838339685820316 
0.4375 0.5 0.0 -9.421127647010467 -8.544125736197133 -8.314242360329244 -5.298646636847418 -3.4372334932304254 -3.3472655172713877 -3.0904246802338884 -2.685162149386424 -1.0154717076154662 0.568200493062686 0.9448820419142897 1.825665537420653 2.0550344596629793 2.2242713796133935 3.8757345029476746 4.288710809287167 5.4440884474362665 5.920278472079679 6.514909271382096 8.581219142673763 9.504047799756213 9.862108308875374 10.332995344299684 10.714840767068349 11.797764382193176 11.910382929620113 12.335540945120801 12.63760733668839 13.387255294578527 13.499419893940571 14.099806455484874 14.2281490683727 14.536043729613649 15.041148222569548 15.422733463785947 16.51398370763943 16.525965883952075 17.08885368296552 18.013190606951476 18.355090315702892 19.158015691509583 21.00353392074155 21.046490234470003 22.10588556359784 24.78743985134378 25.307835164221046 25.44152325803564 26.224947721533066 
0.5 0.5 0.0 -9.300019185368251 -8.52159840182766 -8.476886655464797 -5.360262195812614 -3.394994530362629 -3.1555151997625313 -3.082591274775189 -2.9016762362210162 -1.102755041824633 0.5932178257724381 0.9852940023082214 1.8477453814060127 2.186725935002772 2.3577083965191843 3.7476409324324003 4.289214398340079 5.3410714724954484 5.950733629495717 6.464848160135011 8.866662027616918 9.443011108132675 10.173388485582512 10.29622423708748 10.299050482296678 11.63318223268367 12.063939984853736 12.389251866561992 12.436831138699093 13.395743331116257 13.41730452235879 14.189147190132463 14.348555115416737 14.534145114538408 14.820737085925387 15.511228442666512 16.33749601093964 16.642735628930907 17.144002427641794 17.87798891571978 18.321116149414564 19.20045503191247 21.026458529688973 21.06615417677029 22.149186368573808 24.99463610488387 25.067158783203887 25.391285375675395 26.643003184856095 
0.46153846153846156 0.46153846153846156 0.0 -9.399923637318178 -8.48680513003174 -8.39872572073038 -5.3123776960587366 -3.5001359668094265 -3.2589108394119286 -2.9824302825419107 -2.79999204561085 -1.0783338651468914 0.5946518369020778 0.920448478532377 1.8197697511904654 2.224122644581822 2.257927126922345 3.827774424585246 4.257366481177524 5.2077478863476685 5.94112185821248 6.650534734369585 8.748944978020155 9.45416497262162 9.925407115242637 10.291754079853828 10.650860023945429 11.565331966083559 12.08381839429972 12.373320350349397 12.599600977287936 13.414564551440245 13.435978444584858 14.119654763578504 14.244438846322572 14.527604259667788 14.92647423868479 15.463200275450825 16.432160291891464 16.63101323287471 17.140565852123746 17.959340214772407 18.34346840673377 19.204350796686864 20.90031720519131 21.164580858650197 22.10503040030498 24.786275460665447 25.145632696315673 25.42494887361703 26.377328912896743 
0.4230769230769231 0.4230769230769231 0.0 -9.617646807011276 -8.429912152609269 -8.198228045652499 -5.171563955015626 -3.68998286091 -3.433213889914731 -2.80821733807116 -2.632833768066733 -1.0064054609650905 0.5183978292154191 0.8139653412121283 1.703213873862578 2.0757534498992496 2.3302695242675786 3.9381712773698796 4.1557653971391515 4.993430498016606 5.912600891651132 7.0500930485108215 8.435231664792848 9.424744814043448 9.796007481647552 10.282845986479789 11.131723470740615 11.391485849525091 12.09050837413271 12.44303259217718 12.911774518071649 13.464657271944256 13.46881365500521 13.782887135983808 14.214827729535406 14.517776252235636 15.1067799407114 15.377030631981457 16.610785469448306 16.657136271176366 17.14581214922204 18.159090162519213 18.393731514536835 19.215118625758663 20.731434483003934 21.242366906448872 21.99651399825633 24.467700628574974 25.197394635032715 25.393623109215874 26.064388535816807 
0.3846153846153846 0.3846153846153846 0.0 -9.86923793507365 -8.340669316926794 -7.966328924681998 -4.946385722242437 -3.893872659860232 -3.6155912613621966 -2.624126311466245 -2.464268829907191 -0.8938025520980103 0.2112334560391264 0.8431127817432125 1.4633336713893712 1.9472728972354725 2.4917786438254357 3.8868252674739785 4.000753976810811 4.883227203369389 5.890383653369576 7.50310209801029 8.00035331542953 9.314764757917954 9.870806324122228 10.301280759334523 11.182929561698733 11.663464176540385 12.005391713642576 12.597172675899618 13.261009850107927 13.287262714693117 13.539705348882736 13.587047999614423 14.167523119178238 14.557253618696935 15.288300320499753 15.327487910966028 16.597932406643075 16.927601072759725 17.1939736580006 18.38147359271156 18.430776092681004 19.238046349688453 20.56074326099143 21.273946849355188 21.874098988685873 24.132215952962785 25.085915879959458 25.257322511609996 25.8774377130218 
0.34615384615384615 0.34615384615384615 0.0 -10.122490796971544 -8.216743709101053 -7.731250575937006 -4.651877333704265 -4.097156873526597 -3.7918663952642686 -2.433601626256055 -2.308767761549234 -0.7463355540723715 -0.21024840784939597 0.9397014004755154 1.1575600510500652 1.8553361976847407 2.681039625775828 3.675437926214523 3.830825374675608 4.834195711475105 5.89874755053196 7.504581001747001 7.9364505982856794 9.20866658268222 10.046800567340881 10.389416944192902 10.975718237726259 11.843856614322542 12.218393910297008 12.784117557647447 12.81898207087162 13.539997820777527 13.614771996081533 13.725270977739553 14.081852685171405 14.67289099791482 15.379138256574123 15.475085155339482 16.591638199076755 17.155313238403664 17.361071640560926 18.431667714368633 18.545531714865756 19.300980382262708 20.418203994415013 21.27070673202683 21.766063708627968 23.794058500299105 24.648589261475337 25.34418993835898 25.669515944083656 
0.3076923076923077 0.3076923076923077 0.0 -10.363336493690557 -8.05942660093558 -7.49904016089256 -4.335341437474954 -4.291385485958223 -3.931225677109472 -2.2353450987283763 -2.1863398530690437 -0.6436598125878571 -0.5702024950118523 0.8257507814689159 1.0552050233811319 1.7747254309013376 2.8060346852813454 3.411758131030563 3.739150274686175 4.736735593160307 5.911555679297364 6.987337307852875 8.305594840534296 9.141710794956477 10.258040342756633 10.563175794515345 10.77928219495044 11.635720848642046 12.425416013751287 12.77371223038091 12.979591323283039 13.489471425867128 13.644198691979804 13.983959326366694 14.128494572412098 14.852821984216883 15.548279132200898 15.665976674240891 16.5820334260549 17.322645473461886 17.621159064476934 18.397778295781595 18.612487517455815 19.424863512104025 20.32894702813598 21.23555854270935 21.647567917312525 23.452489237925384 24.17664038196683 25.442197207308944 25.452992295777424 
0.2692307692307692 0.2692307692307692 0.0 -10.585113195706931 -7.867363482857652 -7.268906160728894 -4.471682334938039 -4.244378757990972 -3.8200565250027068 -2.1377264001187344 -2.0249404695342177 -0.9949104454698207 -0.3713588266176959 0.4834594984566065 1.159140773361601 1.721940521468967 2.730563566752264 3.1565585486898113 3.8641587704693277 4.584849293893039 5.864373982650304 6.4720388331949765 8.592203089518623 9.114107398656518 10.446975756693195 10.605746227816915 10.798713695351319 11.405197098622633 12.255559202093384 13.150759196200465 13.212689843115543 13.355684506574836 13.692480022826581 13.920545133920088 14.540297195792615 15.08149446561671 15.805861457642436 15.87220089164859 16.567922363751237 17.47348978448676 17.84717082918361 18.425144534291267 18.624784775646962 19.589516714902377 20.300907252320677 21.167735344934762 21.46875525881825 23.107801222886494 23.698453984704575 25.237428166651597 25.576281393435636 
0.23076923076923073 0.23076923076923073 0.0 -10.782675376191884 -7.642576060388259 -7.0404874269267195 -4.634589185026034 -4.377019251674368 -3.5436873217443785 -2.183573398015449 -1.8022412543856234 -1.1595941182922673 -0.15656942428549184 0.14283980120229306 1.2083244420306676 1.72169340517125 2.4852344205442662 2.9262196322415144 4.168954303268438 4.409566294145467 5.7067115046432795 5.973930963756406 8.763477784633798 9.093175993261445 10.446348530737932 10.597057037603822 11.05541665332041 11.156234952236643 12.360949036686042 13.062360919167755 13.393570563708572 13.40734910332854 13.733721712859785 14.030410723563016 14.945035119778828 15.342915317953116 16.080160329208017 16.087906226763092 16.550164142849976 17.469561987798475 18.067349089772424 18.614900343414124 18.644382478983843 19.754902984003873 20.30999357955931 21.076776003535468 21.19821449927024 22.76488172150762 23.218661884845822 24.982319498904417 25.711869083645645 
0.1923076923076923 0.1923076923076923 0.0 -10.953549289352528 -7.385357378511192 -6.812536379982005 -4.777129927745291 -4.5307945495828505 -3.487253857545497 -2.1309827167876634 -1.5665815500798053 -1.156479104708399 -0.17334080415844616 0.0679544675479293 1.1887680361407833 1.7852232673884747 2.1696589419658627 2.7219038305943646 4.244345430723794 4.535479043748157 5.443170577104784 5.518800450135712 8.6695782665736 9.205193572905236 10.308506460187761 10.796062987214812 10.905081687454592 11.313115657898884 12.65409397542592 12.807388842691402 13.428136341352555 13.546724486407898 13.736159869959755 14.260720918763129 15.335336604275405 15.637823360534282 16.293798386516766 16.35299127059618 16.543714077351115 17.308063110841218 18.378329905081888 18.711787618875036 18.887658064794287 19.896048190048024 20.34043161364061 20.850373295391357 20.968097893645098 22.43377781785698 22.761391413860498 24.537380450202196 25.847197894363696 
0.15384615384615385 0.15384615384615385 0.0 -11.095672122544073 -7.098395040891789 -6.588248417323676 -4.896315146906315 -4.6832664847690975 -3.7420075984454684 -1.8308750204843132 -1.3190567224929108 -1.1000799849145317 -0.43386054095393667 0.29448162858407534 1.1293016289152875 1.8322750444162619 1.8731461349670875 2.5410725243305956 4.119149302922164 4.79922438993777 5.101996522041245 5.234194106556342 8.383994959990218 9.416932653130175 10.196196193976194 10.656453036580348 11.074596598415491 11.546694551826224 12.53874850284325 12.984109209005608 13.41751049121007 13.685189404148806 13.776486412031245 14.390895104772136 15.70427465613593 15.940543152624084 16.503885565398924 16.57268963938531 16.574253660264333 17.113459529144126 18.745674787439704 18.84139082176336 19.17521206607181 19.992799981860934 20.372121928154655 20.48978071596924 20.850396238183457 22.1204394904564 22.340166720682802 23.864882456536353 25.980159697463325 
0.11538461538461536 0.11538461538461536 0.0 -11.207412384233436 -6.7855917941011 -6.373814664174589 -4.9910106280632265 -4.830004286901304 -4.1361223647322705 -1.4305935152934497 -1.0809927010711646 -1.0671291829573002 -0.5819036499824383 0.5104484331089703 1.0554374771496844 1.498633437711901 1.9563248681991103 2.378222573583454 4.048541976069193 4.588377309450058 4.732255159523152 5.463969317457403 8.064607967673052 9.634688096407599 10.107578494327834 10.418197547466722 11.38685112841547 11.72980544762208 12.292914072031362 13.266552414927121 13.429504588973847 13.799126932332767 13.856187892181467 14.389118704201557 16.03882463181419 16.20020155670622 16.657021584295077 16.706054970694048 16.716516939469543 16.95735611989824 19.00803884535792 19.117284475137428 19.44724108834989 19.99678059963037 20.26409151105452 20.38932803245757 20.722571591583215 21.836105388828916 21.97144896640246 23.175338054477518 26.108349477707225 
0.07692307692307687 0.07692307692307687 0.0 -11.288029313692304 -6.457018816497912 -6.182233058351202 -5.0595966306259745 -4.965295781449148 -4.554740285925837 -1.2288773399431423 -0.9597484527367631 -0.8274567681916377 -0.599779775493605 0.695337505171926 0.9756134995473019 1.1951576912395565 2.0250360114090764 2.236068752499026 4.028855668958632 4.3073920702123205 4.38840476728037 5.78626324581229 7.789211618866544 9.820372582440019 10.044668207714913 10.20485677334844 11.669343507593645 11.848446724928722 12.097289082093802 13.46080032331501 13.513478473910153 13.881870658882752 13.929074025037597 14.275000316771917 16.32267397041206 16.398772820665126 16.702604813477297 16.786414930886068 16.850885512979257 16.925285102690655 19.10119241720069 19.46922669470988 19.680338627490965 19.954103232136482 20.25822345704632 20.378132588251784 20.582288969688044 21.600147538355248 21.6684052504513 22.372890605405868 26.223420268324062 
0.038461538461538436 0.038461538461538436 0.0 -11.336700523219946 -6.145209582383512 -6.037801928431485 -5.100999668794759 -5.0716871808003035 -4.9295846984240095 -1.2907683523617148 -0.6745680739611887 -0.6362204887012357 -0.5715769906507244 0.8243639459851365 0.903242385937145 0.9639657890527028 2.0743434569744785 2.131626575030793 4.034396379651626 4.112204761019925 4.1373450961029965 6.018907896029923 7.603006403524402 9.9457149978097 10.005562045807105 10.04909031971331 11.860215273441808 11.90934701295605 11.970159456557374 13.603634656809655 13.657910291072684 13.930108310166023 13.954103750601188 14.089418552733493 16.531036752429177 16.54698429530378 16.6385843032005 16.896795286971496 16.922562501014855 16.94323106488143 19.048484179395057 19.767425377847086 19.85447649713461 20.143786298977272 20.298368380494498 20.344520527886218 20.42537143826371 21.440036638324003 21.459312325817372 21.709041113754164 26.313012416957257 
0.0 0.0 0.0 -11.352972703200344 -5.981093785278012 -5.98109378527801 -5.114763214820394 -5.114763214820337 -5.114763214820323 -1.3203898992162235 -0.5562666490069536 -0.5562666490069222 -0.5562666490069168 0.8724028719065625 0.8724028719065852 0.8724028719110822 2.0950074435723685 2.0950074435724075 4.04337401893034 4.043374018930355 4.043374018930358 6.106374413134705 7.542832196628097 9.994954034309808 9.994954034309812 9.994954034326174 11.929616730276923 11.92961673027694 11.929616730276946 13.728252651999313 13.728252651999373 13.948213282764018 13.948213282764023 13.948213282764051 16.616603385126165 16.616603385126165 16.61660347754226 16.942643426814048 16.94264342681434 16.942643426814602 19.026154258861446 19.927148390067085 19.927148390067167 20.321499664609558 20.321499664609597 20.32150981288333 21.384835540119184 21.384835540119305 21.384835540119305 26.3517645151531 26.3517645151531 
0.03125 0.03125 0.03125 -11.336847286064236 -6.092184104590658 -6.092184104585041 -5.137430732989913 -4.981791369499793 -4.981791369496374 -1.290905734467514 -0.6508873485706298 -0.6508873485699885 -0.5800434915085597 0.8562863713945061 0.9186839533252646 0.9186839533291226 2.103828024244599 2.10382802424463 4.039106860187081 4.122208394942358 4.12220839494239 6.020727987120845 7.603982646174938 9.986671721330378 9.986671721347681 10.030216035150758 11.897665699144511 11.897665699265312 11.947102834767756 13.633464664826874 13.633464665123622 13.880838205434642 14.045365111451018 14.045365111691604 16.540246094304713 16.54024618246297 16.64070964140209 16.90565594084525 16.92949500062233 16.929495022628736 19.048878382237397 19.811594865312934 19.811595130478814 20.14007178644139 20.296592521094794 20.388426476198653 20.388436641270946 21.45341813865778 21.45341919202229 21.694760547818596 26.35202701621056 
0.0625 0.0625 0.0625 -11.288597380772671 -6.320071433774956 -6.32007143374842 -5.2019652059155055 -4.688232427314403 -4.68823242730662 -1.2165499330602576 -0.89177206536667 -0.8917720653640618 -0.6436717973714228 0.8197763844382485 1.031319629981756 1.031319629985423 2.13484580738388 2.134845807383966 4.0350845695190465 4.34375218681776 4.343752186817876 5.785299483569826 7.785054827695531 9.965962557551073 9.965962557573325 10.123741957609987 11.802488319947953 11.802488320094835 12.009672774467807 13.521969155180551 13.521969155844827 13.697798044569339 14.163083839855142 14.163083841499544 16.368861201815253 16.368861265940772 16.694960519260203 16.817951373664986 16.86783592364026 16.867835954273456 19.099401157404163 19.572244940262554 19.572245096385448 19.945453313609853 20.236634046780292 20.496330491303198 20.49634212331026 21.646415880907664 21.646420582321177 22.325984587039663 26.354346712589578 
0.09375 0.09375 0.09375 -11.208536823315155 -6.5680343759557145 -6.568034375909965 -5.2999845164109285 -4.338772120669167 -4.338772120663181 -1.2079522074436133 -1.2079522074372502 -1.1846793301655427 -0.6786722298631477 0.7893260132536154 1.1692238795541263 1.169223879557648 2.190829352747395 2.1908293527474436 4.025757086755405 4.67047964947306 4.670479649473086 5.448738878297593 8.061584950601096 9.94114774413029 9.94114774415903 10.23114763972121 11.644974001506396 11.644974001699204 12.116579354126289 13.438530171309608 13.466140779727981 13.466140781740021 14.19248537222682 14.19248537479871 16.177735738319342 16.177735778252693 16.610485855229282 16.734508063563645 16.73450808857246 16.835666442231126 18.993908288526452 19.280386940155857 19.280387025388713 19.963176154497873 20.231450755986508 20.591351283799565 20.591363813602587 21.928981784580536 21.92899436542235 23.111722535486873 26.344153932904625 
0.125 0.125 0.125 -11.097286991680756 -6.805779721040215 -6.805779720986678 -5.421229556289552 -3.9805918104851994 -3.9805918104763753 -1.5362802703315266 -1.5362802703189367 -1.3358810389583948 -0.5616719192278934 0.7841955088306672 1.3160693098201326 1.316069309823328 2.2728655426330326 2.272865542633111 3.998106427294653 5.057677076488637 5.057677076488694 5.069284653522485 8.39261122511136 9.912968314715314 9.912968314759144 10.315750226572225 11.448698774032485 11.448698774219425 12.25378750166352 13.153739383302954 13.449933759546466 13.449933764252288 14.096802524583785 14.096802527684346 15.980684442451654 15.980684463642447 16.425214713633288 16.582912033499024 16.582912044020258 16.90399809840928 18.799618781851333 18.961490358925623 18.961490447006554 19.880783746106193 20.516075588171322 20.665267716731957 20.665281733789886 22.26922972499755 22.269278497349006 23.766685875113403 26.316680930470067 
0.15625 0.15625 0.15625 -10.954555517060612 -7.023117751246573 -7.023117751184962 -5.5554228937534305 -3.6633834000043457 -3.6633833999913956 -1.8074108358981336 -1.8074108358771215 -1.6342222919213245 -0.3301427931647613 0.8168290177120345 1.4675325476655199 1.4675325476684133 2.3872982528678954 2.387298252868187 3.906654160967584 4.740392351334009 5.458970763047397 5.458970763047467 8.742388675884298 9.889029921873583 9.889029921944912 10.363965761223714 11.252267910632952 11.252267910778036 12.35450087084408 12.952182275545288 13.406800083250557 13.406800089723902 13.924924450850108 13.92492445120731 15.740725117199899 15.740725124865548 16.20049022530261 16.497197997695952 16.497198001681642 16.96076346143057 18.629049025251597 18.629419053610455 18.629419187257437 19.741367574159856 20.715694379265692 20.715711128137418 20.958810436281205 22.653973926828613 22.654166877590583 24.452445878887936 26.273008674425597 
0.1875 0.1875 0.1875 -10.781460851293385 -7.216665244206576 -7.216665244145063 -5.695244841071328 -3.483767270254273 -3.4837672702329163 -2.0092228863279864 -1.9152954582613346 -1.91529545823649 -0.05052412205085924 0.8822177110413245 1.6214938667007934 1.621493866703264 2.5344655118140893 2.5344655118143358 3.667246706128414 4.56608488825944 5.8278217292797025 5.82782172927976 9.068240655735156 9.871714291040394 9.871714291094657 10.37088149979958 11.089315377142174 11.089315377213039 12.294116574784312 12.980168116946366 13.209660711134557 13.209660713583009 13.806724190837098 13.806724193964133 15.445414040785474 15.445414046849892 15.948217442458905 16.503086066755294 16.503086073890113 16.994821739671675 18.28631894582998 18.286319123302878 18.514503753355175 19.61127150135049 20.72682795923548 20.72684159927623 21.423590079377043 23.067783999385608 23.068143588081153 24.969578424062316 26.220053106493292 
0.21875 0.21875 0.21875 -10.579223256638608 -7.385096221766083 -7.385096221735934 -5.836424285945023 -3.5301330603448053 -3.5301330603072993 -2.4261429199603746 -1.7661943915155223 -1.7661943914973388 0.24196980542654398 0.9697580811819037 1.7745748587900791 1.7745748587920849 2.7169050159813457 2.7169050159820807 3.31276647396517 4.543319029234809 6.115849545676702 6.115849545677443 9.331253223618004 9.856664470794975 9.856664470896717 10.311380534442607 10.98047912124576 10.980479121302073 12.18574948589328 12.876694225230844 12.876694227269066 13.165997994590997 13.729046968532833 13.729046974243357 15.162510792727653 15.162510805796861 15.66819955809124 16.55121277069932 16.551212788098137 16.976923778975962 17.942127853207577 17.94212806278829 18.464087673131015 19.519168620801487 20.690633619817145 20.690647101421682 21.832610447832437 23.492652471626414 23.494391050517205 25.266032973173296 26.17414034409661 
0.25 0.25 0.25 -10.347997560092317 -7.528041699997551 -7.528041699991582 -5.976825646107976 -3.7386244674880356 -3.7386244674299443 -2.8627844086208953 -1.416776777234807 -1.416776777221724 0.5301221405624946 1.0700687912418496 1.924392494788227 1.9243924947895468 2.93507918907009 2.935079189071073 2.935189723651311 4.601773262174925 6.290640461925569 6.29064046192669 9.500479207843817 9.831392631894717 9.83139263198509 10.173325869384218 10.933726875676804 10.933726875743094 12.191697196886924 12.539115480763927 12.539115481696841 13.403148956951785 13.586416609782887 13.5864166127363 14.96406594570937 14.964065966232107 15.362268742885101 16.61210411416314 16.612104143457028 16.90533242679663 17.617609489326323 17.61760966936336 18.466554614168963 19.48353528212522 20.598367443761283 20.598375533770415 22.1420658961423 23.918130081851096 23.92331908206824 25.458067151976994 26.16745968568693 
0.28125 0.28125 0.28125 -10.090198139948424 -7.646739349262144 -7.646739349243457 -6.116975379316789 -4.005940658626536 -4.005940658560883 -3.303576189793217 -0.9740502073585078 -0.9740502073500554 0.79685833989708 1.1610403398143838 2.06714096315912 2.0671409631598907 2.599537388926232 3.186725820643489 3.1867258206444915 4.703736289499217 6.336844482074517 6.336844482076151 9.527795672114793 9.764956235914532 9.764956235981122 10.01184338702218 10.899789595338614 10.899789595482773 12.27534304863123 12.275343049102384 12.32845248848031 13.393558060207033 13.393558061653545 13.655902652198446 14.861697186287156 14.861697207429607 15.035958758569171 16.66161958440036 16.661619615050807 16.796573360452978 17.328906603370424 17.328906739777352 18.484460000620928 19.484741380625536 20.44283646420545 20.442841376928342 22.341289340281854 24.315355554115484 24.329506892545737 25.665246905005098 26.21759904090799 
0.3125 0.3125 0.3125 -9.806982910305386 -7.742228846574941 -7.7422288465749105 -6.260360928327487 -4.276976348053451 -4.27697634805334 -3.7331136868049346 -0.49208980181790646 -0.4920898018178857 1.0184793108485217 1.2210351138003417 2.1976349495817913 2.19763494958182 2.3556159511035477 3.4685329323948024 3.4685329323948135 4.836811158522897 6.269540707820805 6.269540707820898 9.340306100153771 9.615125508027846 9.615125508027846 9.969723102724153 10.844051643422198 10.844051643422228 12.072332100692545 12.072332100692572 12.55170182169596 13.304347658556118 13.30434765855614 13.898761689515867 14.720218601676192 14.795458720559779 14.795458720559788 16.672839920872978 16.684629628592226 16.68462962859225 17.10837595027542 17.108375950275487 18.486438303707157 19.462301392298365 20.223791305283445 20.223791305283463 22.481623519107117 24.666360805263956 24.666360805267153 26.345845535399572 26.345845535405804 
0.34375 0.34375 0.34375 -9.500564403751346 -7.816311242630598 -7.816311242630594 -6.415702800568843 -4.528612068450768 -4.528612068450763 -4.135539902320511 0.0023091742856619617 0.0023091742856831705 1.0861880834449964 1.312087634532017 2.2429909272363338 2.3118506151517635 2.3118506151518017 3.7712274752512136 3.771227475251247 4.99299622425495 6.123416069889098 6.12341606988911 9.028820278242208 9.353978688005311 9.353978688005315 10.01807562589385 10.78715392272394 10.78715392272395 11.834193395198573 11.834193395198605 12.803588445762387 13.45447991861413 13.454479918614146 14.008753756511089 14.547564222422006 14.721016018151348 14.721016018151357 16.564115220239405 16.666349596373486 16.666349596373493 16.979041316541075 16.97904131654109 18.469622596217235 19.34132915801472 19.948617727098444 19.948617727098455 22.637468839220798 24.953570174630364 24.95357017463323 26.546999444867296 26.546999444868636 
0.375 0.375 0.375 -9.174897855556358 -7.871024222890325 -7.871024222870415 -6.592871235701119 -4.747469910947818 -4.747469910891753 -4.4915310604399945 0.4895556489168874 0.4895556489192632 0.9809169875875705 1.468074271269946 2.2425219708651905 2.402640087862157 2.402640087862901 4.080540410946353 4.080540410949413 5.163240428484072 5.939286158716065 5.939286158722624 8.696570110073418 9.006216443029906 9.006216443034456 10.099916153993762 10.742624604141282 10.742624604280904 11.57726027756322 11.57726027763478 13.01228260393002 13.796970467008425 13.796970467279237 13.869955890863524 14.620874391533302 14.620874392928268 14.678729732242825 16.485844058497957 16.62160163599755 16.62160166073931 16.935286698123004 16.935286753434994 18.430559975653154 19.10592777169444 19.628727249318935 19.628727713937206 22.832804155907095 25.16292440125048 25.1782207148865 25.217350242851506 26.79755706973767 
0.40625 0.40625 0.40625 -8.834344500569934 -7.909503343160076 -7.9095033431134105 -6.805193809330199 -4.925965849989917 -4.925965849947209 -4.7840806100512205 0.8400029073788503 0.9478248286940175 0.9478248286958083 1.6042113944715772 2.29185891264404 2.456063875998128 2.456063875998512 4.3676294824495905 4.36762948245367 5.334255267626739 5.7601242753230295 5.760124275329941 8.384223885803136 8.622899976525472 8.622899976526826 10.199865177091734 10.67284325475978 10.672843254805057 11.389446418798551 11.389446418940913 13.032097828910791 13.816268956853452 14.16714297629962 14.16714297697891 14.552641880445886 14.552641880957632 14.89452244890213 16.446195509443342 16.584489459342482 16.584489489137265 16.921778171375628 16.921778199678307 18.333118065432956 18.834993517324136 19.2821764306441 19.282176609053202 23.02122911158384 25.20669958503341 25.347420946334427 25.368458441431322 27.055420732198183 
0.4375 0.4375 0.4375 -8.487626831846965 -7.934413584430831 -7.93441358438233 -7.058058080508115 -5.058243678326098 -5.058243678320905 -4.997897382294257 0.7154853690594584 1.3525565130262593 1.352556513026999 1.7066527874181086 2.345585511427856 2.464790871968574 2.464790871968619 4.583550903645821 4.583550903653097 5.4862037794736755 5.643033854110146 5.643033854114424 8.12662252497023 8.262037559273786 8.262037559274917 10.304742055406853 10.56227423324887 10.562274233261967 11.309638516271031 11.309638516354283 12.861783186986525 13.946800035069957 14.2470598810618 14.2470598811418 14.772321987588766 14.772321989344853 15.065591055118523 16.45516323617558 16.560041303093175 16.56004134200308 16.915631722581097 16.915631729101083 18.114091911472144 18.669446374927116 18.95094866978793 18.950948792641633 23.15511358298756 25.34823225659282 25.466275242378813 25.472220655994622 27.287899941488792 
0.46875 0.46875 0.46875 -8.154490092386276 -7.947833430085761 -7.947833430036427 -7.335728112793527 -5.1390907741866645 -5.139090774176965 -5.12449183918132 0.6350874635670253 1.6633725060049633 1.6633725060050202 1.7710131555239483 2.383064465915348 2.4293516348400708 2.4293516348401147 4.690772100953263 4.690772100961775 5.594125679439182 5.621662492250477 5.6216624922522955 7.950907986947377 7.991432283816389 7.991432283816683 10.390658553782051 10.463050739990432 10.463050739993255 11.297712529569168 11.297712529587654 12.691805626279162 14.094894201456142 14.182477700668368 14.182477700682881 15.079504231399856 15.079504233218918 15.170909774923627 16.502449726051175 16.54338710618334 16.543387128726803 16.91552904368985 16.915529046095607 17.863552368729916 18.615868773579095 18.701330806026682 18.701330885005685 23.228063747122434 25.49823200646942 25.538513757685852 25.53909566103689 27.482683250531732 
0.5 0.5 0.5 -7.9522046067624155 -7.952204606762369 -7.952204606762292 -7.5199026668827695 -5.166450792111511 -5.166450792111484 -5.166450792111475 0.6075933006409447 1.7929119238079625 1.7929119238080127 1.7929119238080442 2.3968084664195937 2.396808466419598 2.396808466419607 4.713524391137899 4.7135243911445786 5.6347990095258 5.634799009525842 5.634799009525851 7.88876707357301 7.888767073573023 7.888767073573049 10.42451257941545 10.424512579415508 10.424512579415557 11.299689067692706 11.299689067692773 12.624637704071704 14.153318486265434 14.153318486265434 14.153318486265446 15.204173391693246 15.204173391693303 15.204173391693324 16.533254552584758 16.53325455258479 16.533254552584793 16.91500234169443 16.91500234446778 17.75309385425091 18.603243554495034 18.60324355449508 18.603243554495094 23.248750649409306 25.561988285771324 25.56198828577136 25.561988285771392 27.585602773419264 
0.4642857142857143 0.5 0.4642857142857143 -8.12531087559284 -7.971143998742921 -7.936983731804326 -7.351022425015567 -5.15299049749886 -5.140670538003089 -5.121710937185248 0.631565517814051 1.6528264395947747 1.7316052348328308 1.7453810533785583 2.3858275499718995 2.419412588302914 2.434249158329517 4.661258405800162 4.7316487319274145 5.521274865279957 5.6129551004320275 5.709595506369175 7.880964099018954 7.995033555565195 8.020056200652466 10.390904883058953 10.455824085624062 10.464772270971924 11.287266386738997 11.30775396529975 12.68350588994822 14.111629407806298 14.160087351086931 14.188429049553282 15.066672007676594 15.130918565715335 15.170186556998585 16.464610409097183 16.5425257174601 16.581696297790245 16.870421303598157 16.959577666699655 17.850856280181198 18.620214420830496 18.653981184177063 18.71682785985572 23.231016149385226 25.499964950364465 25.54246672613252 25.5468606429072 27.471985762301394 
0.4285714285714286 0.5 0.4285714285714286 -8.412934315488219 -8.024863178828213 -7.891374788246855 -7.075290057764989 -5.112245822521598 -5.065748670761601 -4.987007732243278 0.7043148773342882 1.3156967679392069 1.581543680780126 1.6090837140419627 2.3555863151754433 2.432101523254856 2.5155369393984826 4.52790093283233 4.735132470719269 5.2385878582069845 5.632795291607745 5.901856861810846 7.863279834761958 8.26185463620482 8.36931342362946 10.304057236927239 10.53168012889538 10.583306442822566 11.265557567103134 11.340825365833535 12.838977098468511 14.004134608473857 14.179131794223872 14.279677857351865 14.72881374810029 14.948390214021252 15.073543283482078 16.303014077542016 16.565367831731347 16.703563156021062 16.76475766581045 17.059136654224684 18.094159895523525 18.66984228368561 18.795949147502103 19.006181027687127 23.174420445594574 25.334018426144695 25.487249181206277 25.51119824242708 27.279672101369993 
0.39285714285714285 0.5 0.39285714285714285 -8.708347862834705 -8.107422314480484 -7.816003925775352 -6.802443297138251 -5.045647401001929 -4.948778147516176 -4.765651749835269 0.8107671936459837 0.8737414582528477 1.3810417310941046 1.3914912029253252 2.308156323924466 2.391573353498452 2.594314010542857 4.333648967352383 4.677028844479987 4.875435306709714 5.774988554329056 6.155996095873268 7.840916492844418 8.58077341747352 8.836580893528163 10.190425663136613 10.597886771889742 10.771191741795526 11.255972174011116 11.420959272460117 13.035606247339981 13.864991330988255 14.141633413479195 14.357908199776237 14.37761100991789 14.73111900427401 14.929879458323057 16.118774012036496 16.59311322044205 16.638278981992944 16.851603929163275 17.154200001388556 18.386735099506822 18.75106657444437 19.005508879726218 19.379445695261325 23.066272711938133 25.11192605243097 25.401007921014244 25.477321578904803 27.029603413135064 
0.35714285714285715 0.5 0.35714285714285715 -8.991745565063084 -8.20963120776543 -7.71072821876392 -6.546168305973726 -4.953171697048414 -4.797173812988604 -4.464553300746055 0.37787690476921265 0.910281763919118 1.1069998703717914 1.1881052216282662 2.251046354106429 2.3077784048172187 2.6422728187874402 4.098562862572487 4.5033178774360225 4.602528085800465 5.997191183200448 6.444992882105022 7.833315534003016 8.881805297943966 9.338765084415172 10.08994643782375 10.600119655982402 11.018249161944484 11.28036807568358 11.593632065818127 13.19307486012643 13.724459202356103 13.805270768672072 14.283157984107302 14.374444852920963 14.605053897637335 14.775258230108154 15.990830013033575 16.47742716788487 16.66605623476518 17.008318974111276 17.2253718555856 18.65866638748311 18.8541522069663 19.26071444514313 19.774590152390292 22.903018036437405 24.89090547197122 25.294499495007596 25.468023011594394 26.72447551571535 
0.32142857142857145 0.5 0.32142857142857145 -9.256427421368217 -8.322671218444558 -7.575808247963397 -6.304851190563321 -4.835495832985881 -4.620766464128443 -4.098443225095284 -0.14141718829335598 0.7705114269706953 0.7827716531944405 1.2139309589817977 2.194834320765514 2.198932658756437 2.630241025456173 3.8538085609030404 4.174286852514365 4.540197093632099 6.226457146060624 6.746236535164231 7.838154195917853 9.115531504406473 9.6718603232353 10.166160824739302 10.52994993493982 11.307573297529053 11.360278679341913 11.852771273472959 13.20804903897585 13.50632705607055 13.573017003167143 14.082057731018178 14.47603879377036 14.527154476736369 14.678711375015197 15.973661002364054 16.319893914438794 16.757813059878444 17.165549168808592 17.273496203998246 18.869763068290325 18.973860277284018 19.519125291580476 20.150804747560557 22.691243125352052 24.879519963773348 25.42015197349709 26.361728358379317 26.737891395309163 
0.2857142857142857 0.5 0.2857142857142857 -9.498243751400123 -8.438512201897312 -7.411414185393891 -6.069226932436949 -4.69324953808133 -4.42413573152953 -3.6890775822237707 -0.6596045828736404 0.3990805794521844 0.5078533500744529 1.3610042279860861 2.0720700465938795 2.175837002600615 2.530310720161605 3.6269511217134993 3.9421671287314304 4.491308942589968 6.402371262513852 7.052627133875864 7.870545509218328 9.257133277790382 9.633423022184866 10.4030218855149 10.582511085475494 11.525711877629398 11.625406498655947 12.16563011292166 13.110544673145696 13.33308980558005 13.381020464782983 13.898663963780528 14.416932604461723 14.469039160761113 14.802702078230237 16.058725048849936 16.165130674899995 16.87494157499387 17.32244084686967 17.343083008633542 19.01604013219038 19.100954445583373 19.74658471198593 20.486254345935432 22.451349423213053 24.778496788795795 25.343279133140513 25.975774165959024 26.584214135409976 
0.25 0.5 0.25 -9.715414076173294 -8.551863117109662 -7.218662312168968 -5.833825508080837 -4.5283459881864925 -4.215249389511488 -3.2712304577747022 -1.1521685541983697 0.0059945935822368086 0.19954281192830972 1.4611389131076964 1.9481501712814426 2.196301782603171 2.36207232643639 3.424504460037752 3.821017248989883 4.450014972688056 6.472894811591026 7.3515878354185915 7.916646533888648 9.311941737415035 9.514204379440882 10.234357328802348 11.013933976488852 11.76878442126792 11.947061132196376 12.487983482882298 13.055797177725399 13.143785865179996 13.2332508713046 13.697347065115533 14.365595546802648 14.428750317106603 15.016886830212302 16.014064086516523 16.170534926775314 16.973909353023064 17.400025691059454 17.545876746665314 19.098811642644744 19.22595315280634 19.91030844865417 20.755145077414006 22.197414033853264 24.66612978767849 25.165681566367866 25.57390839698764 26.5231163067099 
0.2142857142857143 0.5 0.2142857142857143 -9.905643633794124 -8.657627245409751 -6.998567840145695 -5.593611383803717 -4.343356662365047 -4.000511483769565 -2.918117503995122 -1.5563630917319367 -0.38807328692135573 -0.12315118003227297 1.455086522598075 1.8334512591221743 2.0439628324072263 2.4237114794046533 3.257250446083948 3.786957924046076 4.4140140052749395 6.3879084335038145 7.638394431315192 7.980119626550384 9.30932517862994 9.430012012480471 10.041693786993756 11.368380940187409 12.051926525771673 12.250899045572528 12.731983476000314 12.858133516658677 12.949260992109686 13.458421226546472 13.458613169287432 14.411446046369491 14.413626091483637 15.21874115677747 15.87933059413757 16.25915698007404 17.009435782600555 17.54900802632903 17.79040219097345 19.13416178529712 19.348960675204445 20.00965397492349 20.96273940532256 21.946544897862502 24.456824733955276 24.894701285866503 25.175694422443744 26.5521537267669 
0.1785714285714286 0.5 0.1785714285714286 -10.06823607561518 -8.752152369389979 -6.753295276949763 -5.34785519535843 -4.141652839664122 -3.786308975695363 -2.8290867488040115 -1.7042188466184762 -0.7485984791726475 -0.4498949357475604 1.334217270307258 1.7335268905120653 1.8371993239603717 2.6427525169530046 3.1299155046512226 3.7987649304919615 4.382080683368028 6.13196871505601 7.907857745681058 8.056761331366785 9.277933890686766 9.422226645174863 9.843037892581703 11.66070758985194 12.298810473390951 12.447341651364658 12.649123142492247 12.680406206274094 12.955499178196797 13.35505342674293 13.862878079923666 14.434906256733232 14.523492261166792 15.375224161647171 15.765835495286492 16.307402002740194 16.986908378760944 17.728845189181694 18.06754603992513 19.141499874674135 19.472819311791294 20.060084178891874 21.096870220295312 21.708695120586633 24.152460222332166 24.578414011883435 24.802183017357528 26.64052415942142 
0.1428571428571429 0.5 0.1428571428571429 -10.201749359706865 -8.832363583694505 -6.485079781349649 -5.100684131582113 -3.9273801700738344 -3.5813888299542023 -3.0881505668674767 -1.6344698753377511 -0.9514133619085178 -0.7703930314300033 1.1251661583516692 1.654859976557268 1.702143502735647 2.890109288776319 3.050860341290367 3.829836410665143 4.3545906484242645 5.741852616737143 8.143304827080758 8.154187206028604 9.236619453887226 9.487846292187381 9.655642194086195 11.925093039092948 12.273297240752566 12.299587259206735 12.696133358288328 12.784318680160334 12.807957900688626 13.526557922177375 14.277673965812285 14.568700087577099 14.666097604286842 15.474586375318724 15.682572916004766 16.321012673487598 16.941110209592836 17.87709898318947 18.366020157093054 19.148296626420017 19.61399993042761 20.065945143284743 21.17562145534431 21.495001500364168 23.80831888409722 24.266592689166963 24.46743813180937 26.76349719024242 
0.10714285714285715 0.5 0.10714285714285715 -10.306567408122552 -8.89705430020971 -6.201144502806053 -4.8646186884031195 -3.711821062894816 -3.46278495089103 -3.399462202515683 -1.7823062394992386 -1.0732208541363777 -0.7976700435654032 0.8920121609380048 1.5983642572163723 1.6204114472867388 3.02780022386462 3.1188804341183127 3.8652816269775596 4.327610210151165 5.277500309172904 8.230913534968122 8.361109124885864 9.1886465659335 9.486990532243283 9.592574417805638 12.043463272158949 12.11676150416544 12.209308672570689 12.489696734949792 12.88255298321919 12.99801034687364 13.70452640135338 14.49872009076514 14.820071904574958 14.934680025152568 15.500438983581814 15.637433663785632 16.301666595336656 16.894228518180903 17.93239862762221 18.658834719164155 19.16732185591422 19.781667709935377 20.020728505265467 21.200009946645928 21.309982404015827 23.46617754395582 23.987812174364922 24.187313104483117 26.89685398176902 
0.07142857142857145 0.5 0.07142857142857145 -10.381407623615084 -8.94405290978563 -5.91510818493858 -4.667499050010422 -3.81949441424604 -3.5091977451363854 -3.2548300198134044 -2.0381119711603812 -1.3339913747994232 -0.5177421581679904 0.691936723058707 1.5650281805890758 1.569543015413427 3.071574011849635 3.304927119594342 3.8988474401807722 4.303972884733853 4.8140089118425005 8.314607422721725 8.52247894201776 9.137098020855008 9.35972460752787 9.705097997698317 11.876953363918984 11.990817306464097 12.288365042707486 12.402354305990379 12.919086812056348 13.191777826600077 13.821724192186531 14.659217326745997 14.973452580611609 15.313945041754158 15.484027645732255 15.620603637919656 16.26569686610331 16.879732555065377 17.891061177994523 18.931992954347752 19.208703224473584 19.932636909569766 19.96068409864044 21.12443599835414 21.224685422601073 23.181713015847503 23.773578469511314 23.97495951131985 27.03790118427185 
0.035714285714285754 0.5 0.035714285714285754 -10.426459249675037 -8.97245074686235 -5.665811888952839 -4.57308638561614 -4.061212293542244 -3.3501722527827145 -3.16528515713962 -2.2403453450044157 -1.5211710867097639 -0.3047362733652764 0.5580241301932511 1.5407278056789762 1.5506775488543914 3.169352902518961 3.425407492159775 3.924568254454988 4.258202807554766 4.457542582495696 8.380223755659703 8.62644446235306 9.08176765755254 9.287582535215336 9.789498904616181 11.754749103848644 11.917440218047958 12.152678535698582 12.540393428615701 12.927493595132043 13.325081680808097 13.881642809580516 14.785559444873218 15.097146155833956 15.439421705035228 15.562508783351863 15.639791407319384 16.22227477275805 16.913943429390653 17.79293055938559 19.13528253991831 19.287540924255755 19.80890636066076 20.115129851655354 21.00369634871738 21.218569249867663 22.991089085609676 23.63892625745562 23.843579557993657 27.126403639444096 
0.0 0.5 0.0 -10.441654062839817 -8.98223623355508 -5.553035787647285 -4.5832311314905585 -4.124193173509051 -3.285449482918447 -3.1383281967782093 -2.318105270444067 -1.5926012291807246 -0.2277658482586928 0.5099439086569041 1.5294454694744535 1.5467836897964453 3.233412577442457 3.4648614362191723 3.9296145812452488 4.173080064178975 4.363550828688904 8.404600618651001 8.659531634016634 9.054831859596609 9.26252956637568 9.818088016348815 11.710723514869223 11.893041203208533 12.102163618137693 12.585355331960585 12.92689487556693 13.366789286946881 13.897108579889256 14.826187979695872 15.142259501127821 15.45050974908117 15.547542825951512 15.71274729132619 16.197432128189543 16.943107705903138 17.732755703663624 19.188616019602033 19.368612525203112 19.72222052457084 20.17878556464767 20.951959219396667 21.212463521509566 22.920955013320572 23.59103750050786 23.79721085572702 27.142483607704847 
