 4.68957497  4.68957497  4.68957497 90.         90.         90.        
C  0. 0. 0.
C  0.97025656 0.97025656 0.97025656
C  3.7193184  3.7193184  0.97025656
C  3.7193184  0.97025656 3.7193184 
C  0.97025656 3.7193184  3.7193184 
C  1.82588096 1.82588096 1.82588096
C  2.86369401 2.86369401 1.82588096
C  2.86369401 1.82588096 2.86369401
C  1.82588096 2.86369401 2.86369401
C  4.01528895 0.         2.34478748
C  0.67428602 0.         2.34478748
C  2.34478748 4.01528895 0.        
C  2.34478748 0.67428602 0.        
C  0.         2.34478748 4.01528895
C  0.         2.34478748 0.67428602
-103.12433734
60 bands 
kx ky kz  bandenergy1 bandenergy2 bandenergy3 bandenergy4 bandenergy5 bandenergy6 bandenergy7 bandenergy8 bandenergy9 bandenergy10 bandenergy11 bandenergy12 bandenergy13 bandenergy14 bandenergy15 bandenergy16 bandenergy17 bandenergy18 bandenergy19 bandenergy20 bandenergy21 bandenergy22 bandenergy23 bandenergy24 bandenergy25 bandenergy26 bandenergy27 bandenergy28 bandenergy29 bandenergy30 bandenergy31 bandenergy32 bandenergy33 bandenergy34 bandenergy35 bandenergy36 bandenergy37 bandenergy38 bandenergy39 bandenergy40 bandenergy41 bandenergy42 bandenergy43 bandenergy44 bandenergy45 bandenergy46 bandenergy47 bandenergy48 bandenergy49 bandenergy50 bandenergy51 bandenergy52 bandenergy53 bandenergy54 bandenergy55 bandenergy56 bandenergy57 bandenergy58 bandenergy59 bandenergy60
0.0 0.0 0.0 -12.973226237665678 -10.219221118897194 -6.494418383563016 -6.494418383563 -6.494418383562979 -6.101610137366605 -6.101610137366584 -3.5733033192386157 -1.3953315698600148 -1.395331569859975 -1.3953315698599735 -0.5401289147445131 1.0097069683047977 1.0097069683048063 1.009706968304816 1.8506438152324942 1.8506438152325266 1.8506438152325346 3.0823660648026605 3.082366064802684 3.683430495526163 3.6834304955261663 3.6834304955261996 6.821951025858823 6.821951025858831 6.821951025858836 8.598787702422207 9.561005267412249 9.561005267412284 10.55236584406943 10.55236584406946 10.552365844069465 11.895349666499001 12.755294293891753 12.755294293891756 12.755294293891776 14.425499972076318 14.42549997207637 14.704885084979292 14.704885084979304 14.70488508497933 17.631109228871715 17.631109228871736 17.63110922887176 19.311731275442202 19.311731275442327 19.311731275442682 19.714646213906565 20.040456362503477 20.04045636250387 20.04045636250473 20.652103141838396 20.652103141838683 20.65210314183937 21.699084766594666 21.699084766595252 25.06116888027505 25.06116888030959 25.061168880380926 25.465592216557486 
0.0 0.0625 0.0 -12.968462822819196 -10.215452864544508 -6.726174858387486 -6.499768148165824 -6.47969483051599 -6.09817930790499 -5.8540187705498985 -3.609123692638227 -1.4064372705399049 -1.4004046585223848 -1.3887788476095602 -0.5355056312271466 0.8747057226503071 0.9359947840222405 0.9777854011429663 1.8564344953440637 1.8853913070922885 1.96451387339916 3.116655412421088 3.1817236614323 3.668642207999149 3.6909422292961915 3.7013131242355897 6.793486016356453 6.820930015202163 6.9694031801120016 8.566865732484901 9.49202143664666 9.542011709753528 10.469284582706301 10.49870450488047 10.645966736872818 11.942320138971695 12.638150441172241 12.750060150653319 12.757463395734455 14.370238191033785 14.452289918638263 14.568033560591983 14.707979680449727 14.74007262140264 17.567046125440736 17.59984117887015 17.742018816654383 19.30792910065419 19.31549433210626 19.38416194075306 19.711891110087592 19.97689701110709 20.05728130096597 20.059549578420548 20.537148688639714 20.621504095446973 20.74987718880869 21.673973581687058 21.846624171895545 24.72693549256936 24.79687896480344 25.096066410694984 25.28922531306369 
0.0 0.125 0.0 -12.954394300632352 -10.204544130412241 -7.060757663125005 -6.496312887765493 -6.456345831446778 -6.087670347262907 -5.46914039016901 -3.703259818533538 -1.4297546077902754 -1.4256512492138755 -1.401474847904206 -0.495561240198584 0.6841479625687312 0.7542705250621683 0.829645778118171 1.8763158342131743 1.929596302753947 2.1871015151970603 3.2093597742032594 3.433837625369006 3.661765737707368 3.731189264307399 3.773319910160135 6.823933256653689 6.8829423363316655 7.215516717081717 8.46867537951922 9.298543698932454 9.484970138844089 10.381148349997765 10.39351849477979 10.758597777363688 12.07054809725949 12.41973563033201 12.630625374794368 12.772131498838649 14.242574076071083 14.334979792968143 14.517114622842064 14.5796602357075 14.808643712533033 17.514077582297414 17.57130583095671 17.879355471362235 19.311835737967414 19.338056120703964 19.53454695150097 19.697631091920574 19.880265114482313 20.089378926314424 20.11544355789405 20.309295733251048 20.626643465436917 20.913644543917652 21.628837314685487 22.166901449844744 24.245272978814327 24.371768683903177 24.998227323924265 25.02693447986308 
0.0 0.1875 0.0 -12.932650771601882 -10.187710860545877 -7.376851782711729 -6.48500134611318 -6.425735073852674 -6.071098144666382 -5.068516209714735 -3.828850178322996 -1.4880855232156958 -1.4746734131201304 -1.4617418967140803 -0.3769865942861966 0.5261649619497428 0.5328813812026753 0.6706631508233183 1.8901030540802672 1.8983158136496212 2.372701038454132 3.3300919573638614 3.701336105405577 3.7131107950659765 3.8930557623956266 3.9324257999695544 6.836525258569437 7.069820312110975 7.533965744924178 8.28981164520467 9.02011526846486 9.37942924419759 10.259102597651907 10.314241446675478 10.895754566791227 12.128529415069684 12.255060860704326 12.413988392915076 12.808582699797157 14.04229379633521 14.087669051856079 14.352466321434227 14.58755330935294 14.878902953498999 17.387712966525424 17.636759628718966 18.026128454993003 19.304406668312932 19.367633373543608 19.604296688361824 19.659993384620126 19.818808769595186 20.10122247989969 20.20077210930065 20.23438212957307 20.65021236066955 21.09796676885878 21.62337208532644 22.532663388098225 23.843407272377075 24.28493126741295 24.801055417359155 25.446654294134554 
0.0 0.25 0.0 -12.906708069900871 -10.1668208685611 -7.655650773873933 -6.469028108034984 -6.39192775216829 -6.051697044800905 -4.673738658588024 -3.9609907226441923 -1.6620164941243099 -1.5491860918442253 -1.5063602375325609 -0.18776997326146644 0.31692609676099737 0.4190334340562401 0.5552092654819872 1.7593753163122634 1.8976711194394502 2.4390106090855546 3.453680604058355 3.8710222804705157 3.873486415373164 4.161844230427326 4.244364839185419 6.855225345697639 7.322405871296043 7.894922110707902 8.028677968351356 8.70786608625545 9.215539943835056 10.16810573373348 10.20852839042926 11.047037794842831 11.803642498421267 12.126696602441168 12.442007934736848 12.885214360816509 13.726962818781795 13.937118033574903 14.069079441603336 14.635920458367327 14.91683382983958 17.23987975437957 17.73665971958646 18.158475387169627 19.197677721130813 19.381415537055183 19.534951481612307 19.63394652147144 19.803114831413694 20.008134681851534 20.280517205888504 20.487149515370593 20.70108815359759 21.27834860706568 21.68330358761138 22.838336357167048 23.54006594372204 24.034378115007215 24.752775350567465 25.499402918528236 
0.0 0.3125 0.0 -12.880439444266676 -10.144821092982397 -7.887604632251772 -6.451611216615347 -6.359053689100484 -6.031825862052704 -4.309590397429376 -4.065396390141148 -1.8954705488336385 -1.6371337098951801 -1.5571655536109077 -0.0022818351809159774 0.1728101759362835 0.34749404289249847 0.5208618958870341 1.5731393651035146 1.8568027766645547 2.4012172356274966 3.5889160187252593 4.048363167250657 4.104848843791098 4.409273251134104 4.620957606230232 6.869432580939815 7.613353615078642 7.726797395283573 8.270812313839665 8.410576995865018 9.008291670710836 10.047005417130906 10.114813236463089 11.189450272359506 11.49139408471853 11.824211635714283 12.518198612802564 13.082997322523278 13.423102876841977 13.773656511219741 13.82450940636944 14.642199849760319 14.909262842795599 17.097770280533442 17.848657492027627 18.26061465921465 18.98292090680585 19.3664965952532 19.430181655782693 19.678637468508448 19.81001212778584 19.988013647653524 20.356670696889243 20.656549855034108 20.848643719646606 21.45198091782032 21.81109304604744 22.96923480536674 23.29766478891685 23.82912374536925 24.687681521936575 25.54792170879979 
0.0 0.375 0.0 -12.857405851078733 -10.124748474025662 -8.061708498348139 -6.435563950304404 -6.330647647775349 -6.0147684734336275 -4.2143001014857475 -3.9035212641505947 -2.1512757189698077 -1.7174148413615091 -1.603776977019467 -0.05900524339973236 0.29844613174372897 0.3186575671569956 0.5668925706382847 1.3692873794865152 1.7737100085752033 2.330010752625858 3.7511829460723516 4.196336030903599 4.341302031471331 4.6299102226040505 4.955020660287196 6.86076900928126 7.462264937636587 7.918237063701487 8.164724784132256 8.634249881259384 8.799424205087172 9.82184574766076 10.087706471483019 11.10843964538238 11.395685971076194 11.613603868578908 12.483376414705734 13.170381313422428 13.388310727406113 13.508487279549426 13.773540287733473 14.579237284980314 14.880010272310304 16.98402582600455 17.957482869099277 18.32921973491131 18.767812283760485 19.32155752507704 19.346084945742753 19.745506423141162 19.83352324888212 19.99942947320719 20.42147605476914 20.72543455579175 21.027921026064583 21.643413346902097 21.98813346968613 22.906374129845105 23.116954354125006 23.59046583462055 24.613807609922237 25.59009558361594 
0.0 0.4375 0.0 -12.841606811241359 -10.110428351220529 -8.170241987878953 -6.424359219665645 -6.311382208460303 -6.002707865377013 -4.264930369184585 -3.624032266885907 -2.384415340077167 -1.7735823418766068 -1.6361254277101522 -0.14225641618316792 0.27288241152009196 0.4990845272780553 0.6584308616652366 1.1857230213657952 1.6806917560245753 2.271368184028922 3.9173941254334164 4.270794000163775 4.509483435050811 4.780090474703232 5.194099415519443 6.828911123130582 7.294034525269765 7.99820305408241 8.1918628060388 8.641851400251845 8.930500664297227 9.578114641311634 10.077178607484473 10.85470577488062 11.38695095337873 11.61141649742895 12.426468791546078 12.997407607109578 13.313956122350765 13.646664208039473 13.841122302635014 14.404709287052361 14.864600532222482 16.914246351211435 18.039955531058805 18.362601530710428 18.618685814006927 19.24883781022168 19.319738669982385 19.800841275944784 19.858156800077605 20.01280623757734 20.466412220854348 20.77166892189673 21.120896789486203 21.819548001173295 22.18597881924162 22.755388742418486 22.9939113884231 23.39491462819516 24.546066933039114 25.587948279401918 
0.0 0.5 0.0 -12.836176775611472 -10.105419033170275 -8.207287747516345 -6.420637147144318 -6.304803294878298 -5.9990186210369165 -4.284809187979428 -3.4977466780670423 -2.493782082442756 -1.7946411168122742 -1.648699183527674 -0.17226995719483734 0.2632541123617754 0.5735023834884616 0.7158302155082639 1.0946647048662985 1.6356304939226343 2.24766896056356 3.9971950023680525 4.277521069864016 4.569686626074209 4.8329180050663805 5.279421378927407 6.809671688424786 7.238228289330731 7.940173341397125 8.317276478699805 8.581661483206558 9.053594305020257 9.456508943250391 10.073441702862977 10.736521578980547 11.363624049361684 11.649886320808935 12.400761602359408 12.933850860088782 13.23962889499812 13.683434069238963 14.072908167105767 14.186523824668802 14.86196445801588 16.889763428437124 18.071812984810133 18.367954571926024 18.56333839754079 19.219656192009587 19.308631565660317 19.816873552422688 19.86561180186441 20.016294890630206 20.48135774791461 20.786663544210672 21.144908533891027 21.89277299594912 22.30751770382475 22.6424791695575 22.947119657111486 23.324484713700453 24.52444972692651 25.452017561810354 
0.0625 0.5 0.0 -12.833488662419892 -10.088028147170485 -8.216767075732752 -6.582409801285816 -6.293729281739267 -5.864841307111789 -4.276288345486436 -3.5112842831962676 -2.5505768473401416 -1.7143466423331337 -1.6636973437070295 -0.11074307742037416 0.20336732981800296 0.4887340509292206 0.6309331326173708 1.3055567117978615 1.678496719490093 2.2661735408746297 4.030915531961667 4.206244820768223 4.5301667059114905 4.801610760797759 5.323463622583375 6.873780639669259 7.265032866456949 7.932331299789809 8.222053446686893 8.612899426983807 9.084840762944747 9.400846672487704 10.084377341700211 10.744921474664093 11.410766104055448 11.610753554585072 12.359259676080748 12.919434305644476 13.195958911156243 13.763256078022497 14.092339001494327 14.129511338923109 14.87411985128517 16.91718792311478 18.05389458523907 18.42271411586378 18.567235127169 19.198039563559348 19.34802345528196 19.806657426584472 19.858440920713825 20.02972714241477 20.452113108616448 20.7539660537728 21.094949969025645 21.856558629309085 22.163833810831466 22.609182960985724 22.991370720923644 23.387536768444242 24.07510009856747 24.582087150054974 
0.125 0.5 0.0 -12.826243767983522 -10.036475418512723 -8.244579457951023 -6.878879826206514 -6.2622603736431985 -5.647799480331289 -4.252258355136577 -3.552112746060673 -2.700561535255699 -1.6976712235928908 -1.4938278537391751 -0.06449827437663137 0.0523818139566113 0.4207906235825658 0.5625323744393488 1.6760494432316395 1.763393952082326 2.309551915605109 3.973140648371422 4.1222296869967545 4.495329669824363 4.716011076720218 5.38434290331708 7.048592050185495 7.341011159654261 7.907894752194347 8.036618010462082 8.668583067088575 9.09246237801276 9.251979037635396 10.134078405680556 10.764515549926072 11.473601077049105 11.56766996695255 12.249132595276079 12.87276739044158 13.119678185178769 13.86971979984582 13.929082623861083 14.201886803500042 14.936211034613743 17.000637007261417 17.98135845081619 18.55748902628776 18.59501710060565 19.133093086532195 19.361399481253766 19.76702786539496 19.879641178312042 20.104837745041912 20.37321536377637 20.667276040993798 20.934525639747168 21.754221072179845 21.88207523795114 22.507611594533884 23.06356974532423 23.52025813011122 23.682555268482766 24.728888181930174 
0.1875 0.5 0.0 -12.815414995391187 -9.95195445287034 -8.285437998846733 -7.206878970915476 -6.214970209726917 -5.432863010135826 -4.214068926920342 -3.6145453103600125 -2.912582168351994 -1.7263446818929158 -1.1658568638759996 -0.3779188784832699 0.12351825847948913 0.32036267119660156 0.7438929879457616 1.8451072850460215 2.0717892468991024 2.3601377376364976 3.629170823224581 4.228663340221943 4.470306038351675 4.624974676044395 5.397127163155311 7.2933456401318395 7.459968121914646 7.82412774196833 7.9154681622767376 8.734891132547487 9.011974929416446 9.056070468640645 10.216410090006706 10.780556736330302 11.324987439384696 11.770185417405509 12.109077828414373 12.795926830150643 13.048007719409034 13.596899690985756 13.918168518461385 14.412293434274082 15.048841541669468 17.1451126373891 17.881597493558324 18.55206634750825 18.710546944939505 19.05864311176687 19.365444900869562 19.701560526463005 19.91107557600471 20.258845541609904 20.316689033249222 20.56037296016112 20.684495432361604 21.604685359643096 21.60773123725478 22.35016011851839 23.144766674703536 23.422564038308032 23.676098115031042 24.853062675902517 
0.25 0.5 0.0 -12.802518920191128 -9.836689339295186 -8.332505392869846 -7.539554465614016 -6.157450719933265 -5.224718972576293 -4.1649812035407425 -3.6905852996030455 -3.157648625413166 -1.7301886994842048 -0.7958514222554197 -0.6256842018453452 -0.14589333441606966 0.5925915160218679 0.9668284421741481 1.9116062672709793 2.4008522673041366 2.462542680194332 3.2330364803022524 4.2132334102815765 4.415915965856906 4.663322503607477 5.3499021707283605 7.489227258070786 7.607162293206249 7.693796941308749 7.982416451036931 8.761365658200416 8.865176815155255 8.914951221579866 10.286305730366575 10.763520683969155 11.149326876774214 11.983225760125553 12.033916250327577 12.681122342535474 13.01700355383711 13.204351410902136 13.946876506715043 14.638151225355028 15.155988664170298 17.338484925445805 17.794491106029632 18.37651282216719 18.731715941195585 19.10421195444552 19.44959350351675 19.616430739231408 19.960885671047954 20.133553407874803 20.40958491227058 20.469889801613412 20.58528309085106 21.373160347521786 21.441652278206053 22.1623021313295 23.183970860084383 23.24044881914939 23.84272324862492 24.923161562467026 
0.3125 0.5 0.0 -12.789665559948416 -9.695240419506542 -8.379190320376509 -7.861018526263798 -6.099009033052037 -5.0184684921111735 -4.1138850342326645 -3.7703786248618933 -3.4154314951395883 -1.7039661228753906 -0.9465873440609791 -0.4172748901657361 -0.25694793361583895 0.8860399831831881 1.1978771902206464 1.9580828256245957 2.4315363838119275 2.727036331495111 2.902351266392934 4.054906932839053 4.323322390170557 4.831671305409217 5.238183231812821 7.479249278998392 7.6338459105423535 7.763906709415195 8.257504103465168 8.619566163560245 8.716598132017547 8.966926394781183 10.320471673925383 10.68523018414257 10.961182491799383 11.90584763467502 12.228863993782467 12.523108754065474 12.906252790523356 13.054777653070008 13.94859257404366 14.834262860591076 15.200547114124344 17.555313556768184 17.72804836841053 18.15195770884671 18.61752006805907 19.246031632865463 19.519402545285764 19.54428217471706 20.01729229941882 20.058861354871585 20.157020117501872 20.42486650967326 20.79157413990069 21.173991069063817 21.30512321233361 21.980690697620126 22.97142811071706 23.34264596109362 24.002490856051914 24.95434159236729 
0.375 0.5 0.0 -12.778524208891666 -9.538138991371657 -8.418061732899517 -8.150766146565644 -6.04682745110148 -4.81141085627969 -4.0719448674451115 -3.83971947772592 -3.6617144428044073 -1.646930055705185 -1.1377947189417186 -0.6568284404100027 0.24815150873268985 1.161308769547332 1.4098121941573694 1.9737372232188855 2.3242083683589123 2.4675246033802423 3.1545336775334936 3.8688703617404636 4.232740116191173 5.0136168743976475 5.081565031297639 7.410217203529521 7.607779427157943 7.9178619245626285 8.395781765261024 8.627322029241908 8.67592120095945 9.053086257348369 10.33382844553555 10.559646206050255 10.765608901696966 11.895457762274804 12.086332986669111 12.368545993623998 12.986044183312556 13.15238036057376 13.912847635761318 14.98916848791436 15.173225347018148 17.67070056117875 17.759970187463487 17.97452965950346 18.5024518853005 19.306653682966612 19.486712869779492 19.618833486173976 19.937015830708443 19.96576327082817 20.186865599225673 20.453672015994158 20.84015913204956 21.020077851183682 21.22589590414306 21.88028749042429 22.79032273942541 23.445236667469718 24.140476497833806 24.963656545590723 
0.4375 0.5 0.0 -12.771144631960015 -9.39299261592525 -8.44391824942684 -8.377774081048434 -6.011519703961236 -4.618142005093455 -4.074255026625545 -3.888436361929165 -3.8506082723178863 -1.5788154527986464 -1.2623207575820685 -0.8398324220892937 0.7696207204105306 1.3777880796684137 1.540346848621346 1.8713971590101104 1.9509037272098813 2.511694922252524 3.334820705146534 3.714541846797851 4.215881779309774 4.907005317662218 5.145847422175196 7.358147660063916 7.606575762959898 8.042119118463848 8.259736909868536 8.57746912444017 9.002770051687774 9.11941187682045 10.341978231262008 10.43640864080885 10.579126057283828 11.837335121263155 11.930609537461372 12.23359623786602 13.208491639685004 13.26809003355417 13.846889086946911 15.084676457786541 15.099928631602237 17.61938267975048 17.873536363536246 17.912228298812824 18.423821718368263 19.245417862733976 19.535912100214702 19.66000983442446 19.85398325579105 19.895614264034062 20.341031743466573 20.524252285212544 20.749641081643514 20.915933306373304 21.13758746984473 21.89100124661162 22.66957802816147 23.524010477882445 24.246861836185555 24.95345146023263 
0.5 0.5 0.0 -12.767799600412319 -9.325472701550952 -8.471995918507274 -8.452470177454787 -5.9972453220182915 -4.511766468012559 -4.120848180279808 -3.904464869415488 -3.9035709027734797 -1.5395360996565246 -1.303356029738161 -0.9114159704741575 1.255719180693352 1.298170014191171 1.469628756260614 1.7114049250550971 1.931146474625237 2.5397328328802904 3.384400693228201 3.656097813373071 4.249637479983414 4.816652623373345 5.198794508333895 7.342293464144435 7.615467658957823 8.096397994090726 8.204933679035996 8.562974569194296 9.146089323707718 9.159206932023446 10.345367880390633 10.391473799164997 10.497115157691344 11.737129282069043 11.966267584625927 12.171631282955646 13.313967257429878 13.330818004552293 13.809750519162494 15.060094332686802 15.121401639319167 17.604882936779585 17.847696480728892 17.97769460338269 18.401127392727595 19.215641350280656 19.552737481151617 19.676781358611233 19.834280871919816 19.88365612560432 20.475570610732017 20.56582569838261 20.642211129812623 20.8845142354906 21.092545107619575 21.91827843289313 22.637071820779187 23.562607519642153 24.292304666749217 24.94994826966933 
0.46153846153846156 0.46153846153846156 0.0 -12.770513037003152 -9.377922181165486 -8.450793761245944 -8.394404798245088 -6.01086296288402 -4.581447795880856 -4.095811830916425 -3.9516091058320333 -3.802977439828748 -1.5879969403107852 -1.2480076736585193 -0.8726631013480931 0.9330676324221373 1.3802255473856735 1.4398490179026617 1.702224184054607 2.1095819910293727 2.4813103070429268 3.407791771491072 3.664146775497124 4.22661645363984 4.869852357945398 5.168695701784624 7.357507393037906 7.608925504771049 8.069361397425732 8.210843600801269 8.5294655103394 9.084928961703744 9.156309749871381 10.323624367934919 10.389606791233163 10.575910342242718 11.74062044218613 12.02857404722495 12.211828603645053 13.153650408641614 13.398121643375768 13.820665580320393 15.062090815461856 15.110195006974859 17.5938970150538 17.836290944898277 17.969639780002254 18.403164854627235 19.213331540513952 19.531398644922575 19.680444686646094 19.834857482868347 19.881461479607367 20.442326211178884 20.560577707663946 20.68117576204921 20.910404529242655 21.123539859897075 21.90706632039017 22.622993977984052 23.54966461387691 24.317407291988946 24.960743239695596 
0.4230769230769231 0.4230769230769231 0.0 -12.77624227220268 -9.498615612478632 -8.408312348589895 -8.232667026499886 -6.0452547763249935 -4.708153554818629 -4.086642733227307 -3.990936643089555 -3.5995971143986427 -1.6485611041777337 -1.1650667680373246 -0.7377100261749945 0.5637764290261456 1.1375928917620308 1.377073664369866 1.8501010795722257 2.2967952236618525 2.453007136838697 3.4140478354148547 3.7281004738677406 4.197004512909419 4.985591075767304 5.10265704740254 7.415849203086316 7.605132271252288 8.01825407941489 8.238781171800273 8.418775390321798 8.916371310877599 9.20917562741204 10.30336015845902 10.434023848079407 10.72916479885644 11.809228858501573 12.107109012789339 12.373678716694538 12.95037074173802 13.416985255272364 13.85121870614369 15.047974356566002 15.09407871037843 17.572700971587555 17.792116687534083 18.0171263472443 18.422900390799594 19.214752874871277 19.496813091430354 19.716700393969486 19.835366100114204 19.88841272829122 20.428980838931615 20.560590491110148 20.72767244028309 20.98472740872553 21.22614626561826 21.905594828222327 22.61389728609046 23.534848605905157 24.405642646982034 25.01086907667141 
0.3846153846153846 0.3846153846153846 0.0 -12.786869576072188 -9.638593546586005 -8.339718380172306 -8.026420723792782 -6.099229932180692 -4.832340364727521 -4.116677884670991 -4.036169921654012 -3.3323126919045816 -1.6784270378620199 -1.1128694398793713 -0.5220540317935611 0.20682522877824866 0.8677337650756611 1.2884814238312967 1.8192134326236782 2.3303492712458085 2.609063629301402 3.444640890250457 3.752158059162643 4.2047323348233565 4.9539129524826615 5.136038381447012 7.5122449511495235 7.617246188537465 7.966521727088683 8.243520037446201 8.26477260818204 8.707759008384816 9.297689073328307 10.284754423805252 10.51230463368237 10.891076531859136 11.925699007815272 12.15324660753025 12.589359577898295 12.80790270650273 13.41834629672307 13.880218310306015 14.960900699257877 15.079947809195087 17.51307368344227 17.739591170741047 18.125080266937797 18.452932961072232 19.19901108630759 19.481563895578105 19.76778795538728 19.81016219046934 19.913035310057925 20.4296098219846 20.574797658424576 20.752501284061726 21.05458715223462 21.3291309540744 21.963060020811188 22.602875044625474 23.521436689482424 24.56157893201248 25.095299427913123 
0.34615384615384615 0.34615384615384615 0.0 -12.801422466743581 -9.77255602942644 -8.244413558526931 -7.807762384464055 -6.164742947876299 -4.942311903967397 -4.181566416030136 -4.076622534661347 -3.0342304263985813 -1.6712905468564265 -1.0859039320193709 -0.2747530853260768 -0.10165985249747755 0.644167131250409 1.1765291833191656 1.6627548289559366 2.3149405491876824 2.7800266936910503 3.539990907842673 3.6850095158239395 4.234185198495471 4.798530303760935 5.204591547153815 7.605868702726388 7.651329467936904 7.92949204690453 8.122247188344573 8.245580042132108 8.52531340455836 9.405040734242553 10.256607950897289 10.607563488136789 11.05899231341584 11.976895272252165 12.225522375134634 12.737352923263852 12.867044148808153 13.458120993488185 13.903280054970914 14.806253717514048 15.06697063180409 17.445672766508842 17.7010107706531 18.26064875864802 18.498343563647676 19.169640299342447 19.4925811191443 19.757203293120813 19.822189687011065 19.99061688564945 20.431025286542994 20.580175169597783 20.756695316034 21.12056858121008 21.37485884289265 22.119417686276716 22.596414598279388 23.521163503959848 24.74132121707295 25.00612398655847 
0.3076923076923077 0.3076923076923077 0.0 -12.820629678423153 -9.890176715107577 -8.122438827426981 -7.593286623721361 -6.233899293876696 -5.044755712783477 -4.286830936876806 -4.098435708806984 -2.7231574151203897 -1.6324497319982134 -1.0861311664783364 -0.38744004421278155 0.003496786143768017 0.5147774527691922 1.0571503116085597 1.469422210065033 2.2590848463974993 2.927638395802105 3.538962923511735 3.6653663926457334 4.225381419614461 4.608003626652798 5.197550700604914 7.501493786718399 7.741455040529761 7.984306899210531 8.089196127163325 8.188040389506535 8.455189033146787 9.517764659083564 10.221528223847523 10.69340390813025 11.249889244283663 11.955503301804509 12.328253942295564 12.882557077039351 13.014093958623711 13.559877297945745 13.919004022553393 14.61825613475154 15.048071625147108 17.415150487939517 17.665495917543304 18.35171928051842 18.58350377117783 19.14622402370214 19.518651341824903 19.720428943150935 19.84804551617805 20.092037774675706 20.433060116072934 20.55356565979687 20.7171921266092 21.209043269537624 21.37194021822493 22.341627757735928 22.609487306640297 23.537463217368323 24.641401810439973 24.878654456934722 
0.2692307692307692 0.2692307692307692 0.0 -12.843428188799388 -9.987553961718591 -7.97506369794589 -7.394665092022247 -6.2993830795040395 -5.1509962120202735 -4.434395867667717 -4.092817415392055 -2.414270551790181 -1.5758521476519114 -1.1157908100905574 -0.5671805581141421 0.16564212478232174 0.5319424449347799 0.9637997184881245 1.2812367875518098 2.1983577459958155 3.008825618356466 3.4261368239323167 3.71586546527099 4.158465648684472 4.389946207358361 5.0918697457342805 7.318989687239326 7.795327259914607 7.8908388529861355 8.08908878096528 8.34069095721563 8.512825526679016 9.635589732161268 10.200401430699765 10.752704432159591 11.467490858327855 11.954601872457468 12.410289470708053 13.020616458858719 13.166854565537882 13.678339408998795 13.953158055409636 14.468836335020011 15.01872047284674 17.426487170003128 17.63454630042519 18.33785116336755 18.725442620934693 19.152397640789264 19.55569689213507 19.707813726100348 19.8665409716672 20.169696122816493 20.421563026191677 20.48139811929938 20.646743142571577 21.2824549398659 21.36823018339248 22.56203600264213 22.679984850759656 23.567405074839524 24.523256870862433 24.937852352257757 
0.23076923076923073 0.23076923076923073 0.0 -12.868583158945695 -10.064120157206496 -7.802509541390902 -7.217387685676642 -6.355714542543781 -5.270284911305796 -4.622274394639413 -4.054116209459524 -2.125169103229314 -1.519958165794309 -1.169099541476059 -0.6482219223995698 0.24310992123005912 0.5564957877386553 1.0200404153361646 1.1348296293781404 2.1491987729191764 2.9501621302458627 3.396575634708504 3.7219932560373246 4.045827077923151 4.159663476407562 4.884529314362205 7.151622120561501 7.634516423740805 7.88295436532085 8.07080285616818 8.542744657307535 8.719598703563689 9.767193106774657 10.221643981502401 10.782749325367208 11.698254769134882 12.013564647357805 12.465819600625803 13.014596660033375 13.344484881422428 13.818124844124869 14.054993311736323 14.408444229393648 14.97380933104523 17.459130083781954 17.613076846191532 18.256482807928517 18.88082266520418 19.190622006474424 19.58365410217084 19.749257616288695 19.884552130688338 20.194059900044017 20.337989848989057 20.420481114341268 20.587706200840255 21.19514905403829 21.494769471545073 22.649781161031548 22.876859897897358 23.63544849867097 24.537944314825282 24.957524396580897 
0.1923076923076923 0.1923076923076923 0.0 -12.894640261355722 -10.121467904286424 -7.606255391380502 -7.06135121269005 -6.4010757709758 -5.407183801992279 -4.848047534562744 -3.9825001702020058 -1.8696375945244383 -1.481965574801698 -1.2322561680736972 -0.6266868665177275 0.31610317721889764 0.48943231960002886 1.0341591755447 1.2458587565285155 2.110216335158633 2.7749874655588482 3.4319275765754194 3.689676748670631 3.9028596716522417 3.9455451194307423 4.589495677012709 7.0168763473241205 7.421850662132362 7.775540195520596 8.12541083947982 8.771176239082406 8.96900693265607 9.918698749640743 10.28058838379976 10.784958748931443 11.913244111554794 12.151247323332875 12.475308563723782 12.863823251886215 13.571023607853688 14.013095377804826 14.198050551856031 14.415004131933738 14.9117607440272 17.492962745079765 17.596785962200713 18.147312901032848 19.03495281220832 19.248232560242027 19.586390082349574 19.827855490890837 19.913508780112686 20.151211433409188 20.201931721363934 20.398630407297315 20.53441992093672 21.07187190539542 21.62607095641382 22.609715528266356 23.12749430317121 23.760544801800872 24.621949043786167 24.958037681870678 
0.15384615384615385 0.15384615384615385 0.0 -12.919568243354835 -10.16219608564382 -7.387966005572881 -6.921269483697877 -6.435946857276463 -5.561527153617717 -5.103983470250465 -3.8843915580136708 -1.662466662774446 -1.4565888383620922 -1.2916053424097658 -0.5573857282494035 0.35003310984687575 0.5319995839873995 0.9890840022895989 1.48198738725694 2.0756344648573526 2.5590278265874162 3.4479703735402456 3.6201140740122733 3.7339912431066997 3.815902907805547 4.250446404936036 6.910194048655102 7.227075932994929 7.556419502023604 8.261486782399446 9.0055731743664 9.187605830011648 10.08106047117524 10.358006706248808 10.763973728728622 12.11132982704027 12.331303217645207 12.392802250563102 12.756627759677531 13.823175618098212 14.205685641707106 14.348420581644545 14.453835624272775 14.840539899532967 17.52404440121333 17.57588956160583 18.034802199073805 19.163553335682547 19.325759065521364 19.570944968060303 19.853359502546223 19.911034108428865 20.090564293143153 20.169375497159542 20.309665998779863 20.54235769860346 20.95721640064825 21.719226046176885 22.462501116681747 23.415609770798078 23.94329978233371 24.73248674978494 24.990179988926812 
0.11538461538461536 0.11538461538461536 0.0 -12.941498926944945 -10.189672573264726 -7.15078339324826 -6.790796050469204 -6.461767557606299 -5.726880277811036 -5.380494977674074 -3.7753308291146546 -1.5145677123311478 -1.4358872393644802 -1.3381697543295032 -0.5216138049093184 0.4396731278038097 0.6751787509729321 0.9778032825714554 1.6725976743238777 2.0351274829278703 2.3325964788216242 3.3720333172786026 3.4891442780395425 3.6706250926997295 3.741010789714618 3.9384645273314303 6.830151299288519 7.060484119662214 7.318604344791197 8.400485688615081 9.22236782208331 9.353571126845862 10.234659546929436 10.432408183126677 10.727794945997205 12.190277399994445 12.320013639126795 12.540897231724635 12.73686157682478 14.071431608535658 14.347876615044779 14.475146553475703 14.517481585024806 14.777860947001635 17.53511699757758 17.575791696474717 17.926740568513694 19.23858046965925 19.406861898101138 19.526674393661924 19.764836196605533 19.901209866754826 20.0590240863947 20.190183239476255 20.28071696987586 20.58693737339321 20.85479500399545 21.755675903085 22.23540199360941 23.75457410507232 24.197244722343644 24.860052662204556 25.25200013839744 
0.07692307692307687 0.07692307692307687 0.0 -12.958845378694871 -10.206953293974752 -6.899392170445722 -6.6650478723422575 -6.480014817711045 -5.89200427374783 -5.666890150750741 -3.6744472897273575 -1.4324729437589758 -1.4177294671530956 -1.3708721234626724 -0.5286147106833408 0.6388111782635466 0.8367742264842244 0.9861825537382446 1.787830593379173 1.973914861846872 2.115320323589694 3.2298714117679537 3.3160877404723137 3.6646469286345087 3.7047731687041074 3.753404425184413 6.78045554422471 6.93049334556206 7.101111260957725 8.508522556794132 9.399332953119945 9.468210148100031 10.36252476333852 10.49202784384519 10.677145043583836 12.035493043866719 12.507361049488383 12.682574891743764 12.741719537714662 14.273875141954617 14.415814596896269 14.54446592259434 14.609093629979332 14.750652889004611 17.53262191476655 17.600648128176235 17.818680056507812 19.2767457782087 19.390799106402287 19.449586688079382 19.708983731501892 19.937163738429362 20.039223815660847 20.10485616181259 20.432849570381258 20.624284486318352 20.765266730707094 21.742666535805103 21.98743018558752 24.207446813403298 24.51718309916666 25.06911251590367 25.282505033656648 
0.038461538461538436 0.038461538461538436 0.0 -12.969599738912985 -10.216209356260286 -6.6485239657461435 -6.550986234217452 -6.490530895318101 -6.034765187952316 -5.940242847766653 -3.600638993394319 -1.4021703051951462 -1.4012465181701945 -1.3885864069048952 -0.5378360045259144 0.8696457426068946 0.975530261940949 1.002746558395765 1.8383458373360622 1.8918795168651368 1.9376687669855366 3.12163308576827 3.146969573414709 3.672615107882483 3.6917260378355454 3.6937417658267155 6.774188769230416 6.84973957664235 6.931793787613893 8.575150041957723 9.518076679574175 9.537274904765185 10.46743368693667 10.534743436450002 10.620108165106204 11.931553843936321 12.664861069144916 12.748210476186735 12.761580504213669 14.393740765032852 14.428281643380831 14.623870425451985 14.679641109470396 14.745021381743642 17.565049571466453 17.6224961319023 17.719068793318364 19.30153678085108 19.329559867155204 19.358365683344758 19.712346138356377 19.997083994027925 20.038543748688326 20.06503676758933 20.57125309352132 20.644484525595786 20.69902980953459 21.71336924149887 21.783059058019703 24.739121980773763 24.85623100773971 25.140114494024974 25.33891301721101 
0.0 0.0 0.0 -12.973226237665678 -10.219221118897194 -6.494418383563016 -6.494418383563 -6.494418383562979 -6.101610137366605 -6.101610137366584 -3.5733033192386157 -1.3953315698600148 -1.395331569859975 -1.3953315698599735 -0.5401289147445131 1.0097069683047977 1.0097069683048063 1.009706968304816 1.8506438152324942 1.8506438152325266 1.8506438152325346 3.0823660648026605 3.082366064802684 3.683430495526163 3.6834304955261663 3.6834304955261996 6.821951025858823 6.821951025858831 6.821951025858836 8.598787702422207 9.561005267412249 9.561005267412284 10.55236584406943 10.55236584406946 10.552365844069465 11.895349666499001 12.755294293891753 12.755294293891756 12.755294293891776 14.425499972076318 14.42549997207637 14.704885084979292 14.704885084979304 14.70488508497933 17.631109228871715 17.631109228871736 17.63110922887176 19.311731275442202 19.311731275442327 19.311731275442682 19.714646213906565 20.040456362503477 20.04045636250387 20.04045636250473 20.652103141838396 20.652103141838683 20.65210314183937 21.699084766594666 21.699084766595252 25.06116888027505 25.06116888030959 25.061168880380926 25.465592216557486 
0.03125 0.03125 0.03125 -12.96965300947742 -10.216198816532152 -6.610614758142808 -6.597371955265056 -6.487317381729281 -5.987379462877378 -5.982974989097477 -3.6004544318653213 -1.4050249345653276 -1.397114781836559 -1.3902825599023019 -0.537931542909515 0.8667366403337851 0.964652889726777 1.0185698319607603 1.8369875499639359 1.8949541716519143 1.933156828902552 3.1299814203212257 3.138469843792069 3.6746090249777215 3.6909294944280275 3.694557791361848 6.771030165205622 6.858055038467338 6.925258806273792 8.57617530205307 9.52693978481595 9.529459373036254 10.465249522236755 10.542974922113126 10.614072670950684 11.931424356335443 12.667030600481297 12.746397750635099 12.762044048638348 14.400146536810908 14.419229510217871 14.642660663018033 14.660740651943684 14.74562593636232 17.563188239650202 17.627046650096272 17.71639415604161 19.303509246956683 19.327520149841277 19.357423544689592 19.711837656604672 19.99999796862466 20.035418415307166 20.065113697671944 20.57637307158584 20.668568049838612 20.66951416581272 21.7453817601236 21.750853237313304 24.719789517268506 24.87483007736784 25.15932375517422 25.328321952280085 
0.0625 0.0625 0.0625 -12.958840863620216 -10.206637996580216 -6.807049100122538 -6.787392916619769 -6.467960594224483 -5.779457256922009 -5.763023902574919 -3.672720875818106 -1.4389658682235853 -1.398339309017723 -1.3798749032547926 -0.5287150267834323 0.6330643946545834 0.8028958025283757 1.044957942791903 1.8002525082684961 1.9944925176907722 2.063048323163687 3.2431365436721973 3.3092311234392056 3.6858174211320667 3.698043347701102 3.738095303566445 6.773429044872345 6.959868286823767 7.077123190111205 8.511342893196323 9.427231177858731 9.44549224338062 10.356730315969228 10.522041492886107 10.648263804043609 12.036513222261672 12.516384519292725 12.690472279573607 12.732694897444789 14.28834691397531 14.410669365000722 14.535503884404193 14.637557436872124 14.735257398683329 17.528482402156616 17.619944633460342 17.807233848927737 19.27168292539281 19.39311308655101 19.457572389730846 19.703179053231903 19.937204977035993 20.045443925641468 20.097668793327088 20.486733727285483 20.624228555277167 20.702197491586563 21.849967241726855 21.887108775201437 24.17031669653273 24.570072432831758 25.124202294267363 25.244074409887936 
0.09375 0.09375 0.09375 -12.94189207941621 -10.188543426015887 -7.007597780959277 -6.984305146027043 -6.44383958805876 -5.5599549608097005 -5.526336894698984 -3.7717866569666203 -1.522712586331036 -1.4029838019255512 -1.3646329704531486 -0.5058746212815575 0.40198701642115037 0.6221944152647506 1.086110349964697 1.7515801319146695 2.0781899407456965 2.155644672849204 3.341869605351373 3.5110715382450177 3.7700232165170418 3.771204306296845 3.821846949698275 6.823349302220438 7.108674269359356 7.266566663658188 8.407778297554596 9.268307878346818 9.319310162211607 10.21815432604066 10.481764100228304 10.647685840259907 12.200383370808082 12.332313145606363 12.552076339982497 12.723138419198754 14.11715391948612 14.3434064958646 14.365348561409105 14.678448268023258 14.702687000612753 17.534755539731975 17.60424994434962 17.889919029887526 19.191907787339208 19.46000178334075 19.564687440445308 19.690600581255897 19.867720409462706 20.10049521435815 20.160264071557837 20.4167856657145 20.549628192528807 20.715080926425284 21.948382993375176 22.053900065653714 23.726638027956525 24.273527228456476 24.91881954336807 25.217874252404926 
0.125 0.125 0.125 -12.919897241412784 -10.158474772117602 -7.19728451705368 -7.171512065399374 -6.426180896063259 -5.350886790473061 -5.297213929060889 -3.8716477914431886 -1.6771349682761938 -1.4143207089605052 -1.3425279570323219 -0.459915175275784 0.2249909433002158 0.4722930108411149 1.1391711483398046 1.706941874309503 2.1319337933552913 2.2054712867231343 3.374104542079193 3.559110005868616 3.9415805979737017 3.961222169069403 4.05471122086606 6.914871641722871 7.28336544928098 7.481055566394407 8.284023518131917 9.06473829210059 9.162737383148434 10.046875819432936 10.411064615268483 10.620315340374306 12.154136349187688 12.369658445618983 12.38189112898724 12.75555618786287 13.937204403513608 14.111840525015918 14.234986852209204 14.722571602106616 14.73451961148564 17.573342852657742 17.58662829987981 17.952834920426387 19.060001130236518 19.48973956347218 19.56989801066973 19.683762611519434 19.893489256082614 20.18723479162479 20.233103495695758 20.37790323057203 20.50053741440504 20.70080647036341 21.98553862739847 22.188557920154953 23.381507716710278 24.069798766808514 24.70503919731768 24.804254934737042 
0.15625 0.15625 0.15625 -12.894613175091287 -10.112696265797755 -7.371815738778499 -7.344915947428648 -6.428967500505334 -5.166477894054241 -5.090695580101092 -3.948922491562444 -1.9086774742442925 -1.4249430570228954 -1.306052532659315 -0.3898476753286123 0.1246967764277632 0.37934362543309813 1.1988368578717983 1.689503957472455 2.1568697402539434 2.2249304111090646 3.3742178298328467 3.5439374337151763 4.077587539472688 4.187406252244104 4.4065971303089695 7.040450136498901 7.459566343823874 7.702256116460086 8.170318156348728 8.827722882782302 8.97985008364604 9.841582222578081 10.298772181541217 10.579567482062597 12.009158990054857 12.168632940276618 12.46057911135234 12.926832647959724 13.775951163928408 13.878704699785242 14.040237026285048 14.792328072479085 14.797378401839936 17.565402907090593 17.62591287870045 17.988913653738827 18.89139614623888 19.46294042579857 19.47363186590523 19.666809513934847 20.003160424977086 20.207189499293747 20.26593085544866 20.35896828521386 20.57618381288834 20.686497210373915 21.930891844859673 22.245477943325728 23.111352778862752 23.94129323063546 24.489556774537398 24.735220055360475 
0.1875 0.1875 0.1875 -12.867861230453721 -10.047382180151802 -7.529499072692724 -7.502694003585183 -6.465387534155231 -5.0200777985952385 -4.922703746534309 -3.983755061875812 -2.2096333196776947 -1.4216507330350852 -1.2485220168847986 -0.2968700139346338 0.10447133565011814 0.3506096850102982 1.258632817057722 1.713805125346688 2.15699323126623 2.2216987759664586 3.3679083794101934 3.5211080036138895 4.200294856886083 4.394297206263139 4.726125847997098 7.194621965036712 7.603440753426922 7.901034325241891 8.110786680577045 8.571970327211181 8.781246303396463 9.614057015868493 10.153675022245435 10.540697288317427 11.918820980869015 11.983480468626443 12.418491888771362 13.169483001193106 13.642450097031237 13.735606426045866 13.825832501806211 14.84362475651959 14.90222545065185 17.534638707664065 17.668219834888312 17.993279867776856 18.70101498232927 19.31875692902683 19.422984117273874 19.612810283871752 20.08483483763837 20.109730613358614 20.316940619794376 20.361907126226807 20.710389958300393 20.71474920769291 21.793389801469306 22.19888108162819 22.87501621288693 23.87491801269673 24.286391464587563 24.69122429302989 
0.21875 0.21875 0.21875 -12.841232456576085 -9.959113638407986 -7.669618344013977 -7.643379310152386 -6.5404786893317866 -4.920388129606478 -4.806981027943693 -3.966645497814103 -2.5617052931030138 -1.3737669993615422 -1.1499669201750464 -0.18562066476518066 0.1553500724602038 0.38501639596091436 1.3213972741411126 1.7834990633584862 2.139712687259106 2.2041217620681897 3.3635459416825353 3.498555459860228 4.269653180872591 4.552347240618765 4.96151516796959 7.371589057707578 7.679495070607579 8.016322006554718 8.144185707115959 8.312045467132478 8.610933396432662 9.3992013716688 10.000304458419045 10.520689128131288 11.85985891307252 11.896058555222352 12.308474174822257 13.224408070883555 13.53777254922541 13.624077599289471 13.892540060477526 14.887631473331265 15.027016039642346 17.498687492694234 17.683265401433854 17.974087168757418 18.506193897218935 19.156304241349357 19.349143186055002 19.515229475004382 20.00635594375937 20.08596050209041 20.36189912469417 20.38049507098428 20.776207388099003 20.812294855683536 21.626445307753897 22.04866061048287 22.63188022672397 23.854537934503917 24.10164227745561 24.63996490225572 
0.25 0.25 0.25 -12.816241868539844 -9.845695612787617 -7.791873280241606 -7.766940743811513 -6.6523737310566755 -4.870961081178264 -4.750640266337301 -3.9001900346675074 -2.9448834256041114 -1.2607449874763106 -1.0002000938567706 -0.06548844290561874 0.26238495830731273 0.47356980341324795 1.3940017511272387 1.8915388878457278 2.1098400990146384 2.175346113467907 3.3552155288940106 3.473884996245843 4.26279347339902 4.644246143552815 5.075529090064062 7.537323303230341 7.697741458023993 7.947542586739488 8.068843095408514 8.232533322561371 8.551032381187813 9.243443348210098 9.882312032751893 10.521764383141116 11.83762133711664 11.940874373922684 12.163322727831865 13.157493488168694 13.450609761099734 13.45672261953101 14.24503231676339 14.922600300843012 15.162956816918177 17.453543859865245 17.66198097818891 17.94170095092159 18.319897752380843 18.973401614890687 19.253510286241454 19.39327516519979 19.9118270497015 20.00307727379516 20.374448488777315 20.406987672544577 20.835626973955062 20.843762000985805 21.489206361741953 21.82884211605488 22.355271410497057 23.852836129495344 23.9265026191977 24.573975426067516 
0.28125 0.28125 0.28125 -12.794203725116915 -9.70584183063188 -7.896166647184688 -7.873438017741934 -6.793821366561029 -4.867460859921573 -4.750555106827743 -3.79944297517266 -3.3404329640968293 -1.0749893698799136 -0.7963411198955692 0.0617627453090244 0.4116901537864398 0.6064973971342694 1.4814069352530332 2.0251541095343826 2.070596118107873 2.1362260860066598 3.335702921726913 3.4397780267501052 4.178086343369604 4.663566973358717 5.054881551936282 7.5829309492357835 7.658938172059341 7.727686469714773 7.914085499724742 8.308250098320666 8.559331847895768 9.205756873875119 9.849387847249783 10.54846192075579 11.932279636598148 12.026847531114452 12.051176483752279 13.104290736260563 13.311126747850604 13.394041447859653 14.615634665918945 14.950454759315988 15.300514112522423 17.396462202690653 17.606179033711026 17.907960516086195 18.15770682451753 18.770947126728093 19.134622481166065 19.264023914115405 19.82530795683812 19.855835707201138 20.313551410966262 20.439088036193123 20.755531678907722 20.898286365787413 21.406033952643487 21.593320573939756 22.041501550164135 23.74715952157797 23.850599311563595 24.48793882193092 
0.3125 0.3125 0.3125 -12.775221895249112 -9.539746396686963 -7.983646280698736 -7.963108324610166 -6.955299792341566 -4.898485999052626 -4.793218587313104 -3.76348821578242 -3.6413535615080463 -0.8222618320535133 -0.5424202884515524 0.19558494499308232 0.5937350906411658 0.7752941312420323 1.583408694966603 2.0290609236926405 2.0930685607379376 2.174376677024191 3.2933614286134563 3.387898000862878 4.037105809396015 4.616475885687719 4.916959894903278 7.423676899362838 7.46822250209578 7.531692889350862 7.914081454206319 8.35029256883237 8.542336908637644 9.31036427999577 9.927797302927122 10.60717038734213 11.957272836275742 12.124589640727674 12.21849768226891 13.073688008353798 13.207084276781424 13.3447750266471 14.952111731441018 14.985276097559602 15.438593730658386 17.33877558879158 17.523631490041936 17.876190355781702 18.02570087642271 18.562924959249 19.006901076846635 19.1365127211332 19.670009804384048 19.731293436912527 20.21646219406103 20.448295285525028 20.589651353052275 20.923266894355606 21.363773398304335 21.381573617824497 21.706932056144034 23.57916152669125 23.83106370706225 24.384468777214675 
0.34375 0.34375 0.34375 -12.759919126539966 -9.349206000779619 -8.055253096269793 -8.037332758620636 -7.1311649095895415 -4.950605141890718 -4.8618667921948076 -4.115755615194946 -3.527629050845015 -0.5188465125724078 -0.2525123301511906 0.3347936609696622 0.7976774638438887 0.9660604319401823 1.689205423347032 1.984002297828908 2.045219275872468 2.324533574137434 3.218137337160101 3.3058712277018527 3.8758246561113125 4.507897740297462 4.693108392345816 7.204274143226999 7.215549811477279 7.305639966414627 7.937865152774476 8.354777954265963 8.480256064665165 9.517562259595191 10.080851534721381 10.686401809986153 11.996048227654988 12.369326308422565 12.42814089961228 13.05894480995288 13.13605117101211 13.304161135627655 15.03587346006057 15.222677918932762 15.56258017635948 17.286040432677066 17.42340544141331 17.841524170258726 17.913488316409477 18.362233866808637 18.884160439530316 18.994421376391518 19.46255330713815 19.592446091917726 20.112487913511618 20.40719714744886 20.431014654678794 20.864241503774657 21.1797887233393 21.32062530421825 21.41410390433903 23.460256386509645 23.784998051549127 24.260213720247336 
0.375 0.375 0.375 -12.7481638693606 -9.136865237927147 -8.111244048744112 -8.096227982611005 -7.316951727877902 -5.009727192968303 -4.939460623315401 -4.4516077768997375 -3.40044606479034 -0.17959397052222204 0.06127019850184985 0.4798622575840228 1.0175116667577855 1.172553143158937 1.7815885254403956 1.9376743908520069 1.99491309525813 2.457059033176056 3.1091014835559987 3.187644845528977 3.736868727951079 4.353835720180116 4.425784073356264 6.9961987428866275 6.997649852891063 7.0186652323446825 7.964312172900797 8.320522014882531 8.397020143170982 9.76656140250517 10.251944791592775 10.759361175625495 12.157909757176157 12.62719149095061 12.659852512673314 13.056014944036395 13.10103371192508 13.273574860534728 15.121736310498608 15.42403637736982 15.667700149279739 17.250709736941037 17.315891944961862 17.795199348692158 17.81709031602438 18.190770066279082 18.787006140961054 18.823040070798687 19.265796481210618 19.39457455810101 20.027598389669382 20.28152984019002 20.40303382158791 20.68292494980957 20.970503443034094 21.230568274713452 21.244118610831205 23.427745801878487 23.724636234172088 24.13231008247487 
0.40625 0.40625 0.40625 -12.74007051284963 -8.90743759938706 -8.153030887697652 -8.14150904320353 -7.51289775511377 -5.065535470678358 -5.013767118018602 -4.735927175437821 -3.2904584805948107 0.17248642531272157 0.3746818571828644 0.6270029005199659 1.2401004055981721 1.377451404787901 1.837690138724322 1.8875667154692064 1.9392818095978603 2.543825334660547 2.967484871554006 3.0283959691574456 3.6690331126846005 4.157807417560701 4.168799091165254 6.713683422279108 6.819153886960016 6.82243650253797 7.996059851648013 8.260137723290182 8.312775019826528 10.012046323212413 10.397509444354403 10.79534534968922 12.413825950628375 12.857729512667662 12.875591516489802 13.05789968976123 13.104011567448394 13.248788420551167 15.245914234292734 15.560712239699454 15.74237228821918 17.20965652834653 17.225032955241637 17.710888883704577 17.72456723194493 18.05891564927438 18.609038503894418 18.69713011351252 19.125728597383738 19.187613105124804 19.97113303751005 20.223528034804527 20.332319071862102 20.514991815475717 20.747053599312817 21.103924075963487 21.110341227746773 23.481446058484707 23.667749656310455 24.002696337413827 
0.4375 0.4375 0.4375 -12.73417559399671 -8.666659969435166 -8.181425995961186 -8.173626048546659 -7.7207089952529175 -5.1090970025859646 -5.075051071274847 -4.953067247214407 -3.2054142087857946 0.5105428967684336 0.6615436048507932 0.7710728436445806 1.4537666171924795 1.5600693141424944 1.8323214806245063 1.8403205073807323 1.8788513503997055 2.5843047058720603 2.8109118708094423 2.841869315579819 3.685446949698194 3.9370876637810004 3.9852447838944323 6.438505904657034 6.691993041990911 6.693883826632614 8.03697821005015 8.194898561267678 8.239749104938205 10.235052699093142 10.503687271641187 10.77926837065759 12.696522443735985 13.005415741304562 13.02628574149987 13.065364556848712 13.176415822292576 13.244395266023961 15.406664700774998 15.645801056419208 15.787119077245281 17.129937688844944 17.211457860394 17.561252054430568 17.633686039700883 18.001107178934813 18.388803659505015 18.551529200405206 19.07199543730076 19.080723193048417 19.952527255724142 20.1993318183529 20.215047809470523 20.48414966473762 20.53566609051531 20.923511188136487 20.988107951374637 23.578022015129235 23.640536858032462 23.88434016377666 
0.46875 0.46875 0.46875 -12.730654653368346 -8.421254771824646 -8.197259850871406 -8.19331263004684 -7.941783204991667 -5.134284568962111 -5.117372214618966 -5.090523244561441 -3.151910231809756 0.7902922178397491 0.874488329695888 0.8865922319324944 1.6352576691526757 1.680256152509383 1.777202773233821 1.8067256187476461 1.82468153963851 2.5997075192369166 2.6700703013636953 2.67332932589611 3.740060340697947 3.8005954026428044 3.8388228217680367 6.240930402682867 6.616280707711519 6.616583323231038 8.082369388877321 8.14662298165113 8.179509467091748 10.42911068575557 10.56770102877835 10.708501902748184 12.920025432546456 13.049465085586744 13.071630640777407 13.084760621512425 13.280357596306269 13.288103211923081 15.573685231879649 15.694243285138153 15.782420385328743 17.11475021896727 17.202598378061886 17.367194158990866 17.555416211731842 18.03981671417299 18.22338359744879 18.349837037357812 19.078445670653394 19.078565415733383 19.98393901809906 20.103014690229386 20.18514045010107 20.428253335701786 20.50729976717349 20.712562981416703 20.893678797676603 23.65248238139029 23.666991321811132 23.782689033642658 
0.5 0.5 0.5 -12.728834141563556 -8.200717453367034 -8.200717453367021 -8.200717453366993 -8.151985842804011 -5.1367353230225 -5.136735323022487 -5.136735323022465 -3.133561150798361 0.9341593307713271 0.9341593307713322 0.934159330771366 1.710871932547055 1.7108719325470945 1.7858085022693424 1.7858085022693488 1.785808502269356 2.605192579081923 2.605192579081931 2.605192579081935 3.7711125919152138 3.771112591915221 3.771112591915247 6.168789919775392 6.592953065185331 6.592953065185353 8.130790541936674 8.13079054193669 8.130790541936713 10.592357284796218 10.592357284796218 10.59235728479623 13.00673606628598 13.077792337772683 13.077792337772712 13.077792337772735 13.322912451188905 13.322912451188941 15.710467744894613 15.71046774489462 15.71046774489462 17.20282779250649 17.202827792506596 17.202827792506614 17.52527639876472 18.1666422304312 18.166642230431204 18.166642230431215 19.09371392633257 19.09371392633259 20.075140442994403 20.075140442994446 20.075140442994478 20.52624628686219 20.526246286862204 20.526246286862268 20.858290283812963 23.706661272973296 23.70666127297492 23.70666127297632 
0.4642857142857143 0.5 0.4642857142857143 -12.730280324113336 -8.401374987636713 -8.208635748216958 -8.189385924604842 -7.953860224197241 -5.136427729778399 -5.111138022958246 -5.102908103411356 -3.149528176778576 0.807086526648463 0.8853478242507288 0.8888661707610511 1.6539681630888832 1.684058139911887 1.7660740962252026 1.802429699169672 1.8289573498134806 2.6007151331463287 2.6572686610031937 2.670428076040905 3.7575879590412415 3.779017781664119 3.8356502205288425 6.23225041836215 6.608558537908822 6.619027840073747 8.085728505326362 8.144451308519956 8.177433488679126 10.440906591292126 10.573756749446346 10.702081865463166 12.93541342122604 13.045970985128552 13.068289046420768 13.092677277707992 13.274820219048875 13.30412147414539 15.586056775162378 15.691456728869165 15.78330855090159 17.111373226812823 17.21452372414065 17.352486440807397 17.552822713044215 18.047698527021478 18.212840143579335 18.33989734920152 19.060433529832554 19.10100050834685 19.984994909914814 20.10233935207511 20.184541689138587 20.424281332029402 20.51544847610991 20.697001470289422 20.890885952362797 23.65010437196318 23.68217103765455 23.774446399444187 
0.4285714285714286 0.5 0.4285714285714286 -12.733419714478964 -8.621642299597232 -8.22959595623536 -8.154895082252851 -7.738223218508575 -5.127181218905071 -5.0413841947343405 -5.002885442808187 -3.19641796513369 0.5482060916091598 0.71021858152874 0.7708629676312674 1.4894935428025902 1.6073062537922842 1.7309929311574004 1.8594797913870287 1.921802690718214 2.5876743362736523 2.783217926277868 2.823428380919369 3.73610025437861 3.8310776380274723 3.99779065620059 6.408950387288108 6.659918301178822 6.69955076122571 8.043315744456661 8.180026484556294 8.238925824957338 10.25917648436693 10.52417621173676 10.770420187872089 12.761094785769744 12.965398926498565 13.003946507357092 13.113603810580232 13.176425165133441 13.270441033585103 15.427866484977171 15.637675347798004 15.803193179050636 17.09017547943849 17.250862281202128 17.536090579036284 17.63059090300424 18.005561765365172 18.33741999104765 18.550147680543798 18.994212925614466 19.148594971124503 19.939537984709578 20.14591195901382 20.289736266696277 20.45633227369714 20.52138898858731 20.88350729715405 20.981959410385485 23.613794884983836 23.625245714936636 23.86395961940225 
0.39285714285714285 0.5 0.39285714285714285 -12.737902037670153 -8.835293280074906 -8.258202256923164 -8.097440234935284 -7.530908156687961 -5.113014183191637 -4.928591525493535 -4.844084325892301 -3.270986040181783 0.22070427336668125 0.47162993825794136 0.6316105795917362 1.2733481692283537 1.484866666098131 1.653924030157752 1.8939877240951115 2.0833856209961206 2.56562770282624 2.928291776971766 2.996672890219553 3.7354496631805323 3.9217083946202 4.233778728907558 6.663198885256535 6.748228718184551 6.834515242359598 8.007937414691225 8.224862990999439 8.32057570843576 10.049398138250531 10.450504178711094 10.791426150674903 12.537460255487643 12.814252624405974 12.84644614329021 13.055410300082453 13.152343328713341 13.286007287566674 15.251835979671297 15.558234101696922 15.786746953305355 17.111849584311273 17.300534312104578 17.68599778030864 17.77117180661101 18.044763580134376 18.488112502142727 18.77675648202731 18.94907077643567 19.280242069877552 19.93814016376346 20.177132898980197 20.42486633823581 20.481421968895397 20.676246242481174 21.01306072699841 21.131976307280002 23.557322673765796 23.609880439767306 23.975681992155078 
0.35714285714285715 0.5 0.35714285714285715 -12.744596512141397 -9.039561617717762 -8.28887938207718 -8.017734853110257 -7.335597378377157 -5.098302950056977 -4.779944215398725 -4.6377924171266205 -3.3716594735387027 -0.1345229161010389 0.21888873835808717 0.48180607157376315 1.0201842435632285 1.3385206115500599 1.5379263648222854 1.9091189904175314 2.2504235399981702 2.5392541547306715 3.0422265721283055 3.1623306111203355 3.7754610587547197 4.040166273733773 4.5006772345409845 6.8582983044277 6.9579721953968 7.012033440893223 7.983934715828121 8.266030004900312 8.40691964955833 9.810435544301159 10.35832807874306 10.768098949261065 12.310659260413198 12.564265075818499 12.70659142874797 12.891355573012762 13.197045034174815 13.33424370492746 15.059964339729715 15.447168866663231 15.745372709666732 17.140900588370226 17.35312873829685 17.783082321671884 17.958663103630577 18.13478036703134 18.615349869537113 18.94193762422182 19.014315566412332 19.497925249073383 19.964326036732498 20.240921886744463 20.49371395679658 20.60143616616196 20.902975631990344 21.05412891326881 21.303619595064724 23.511014203972366 23.633342864662822 24.0995795335799 
0.32142857142857145 0.5 0.32142857142857145 -12.753516900551602 -9.230743827008311 -8.314795054321287 -7.91569869981282 -7.15328339305641 -5.087341668083964 -4.601883436725759 -4.39207803123864 -3.491299859682288 -0.4856104293182424 -0.019034494884525636 0.32621013270668875 0.7620807230948777 1.1892462135392123 1.390065530723085 1.9122512729350194 2.3311259315642014 2.5769044453546526 3.1062881041189 3.331605281497285 3.85493986902051 4.178790265355956 4.770018979614246 6.997655712946342 7.209686108616731 7.247515897705669 7.987049978460723 8.30036071649077 8.472486593741511 9.563917431287628 10.259967867155307 10.725944838970436 12.118153368761618 12.30738330846248 12.577623519192317 12.697533903741613 13.24742942021739 13.392414320220182 14.86366082739801 15.309809058669494 15.684109435296701 17.16425172712225 17.41796260048606 17.87688524934464 18.111705910929537 18.280079246498065 18.727613746598287 19.019716950834635 19.216951939755074 19.753450074559087 20.008824714249762 20.35839388946053 20.541879405996184 20.795670867353497 21.01530949919059 21.163717525068677 21.465759666134847 23.508877473927534 23.688870344662465 24.234448361104867 
0.2857142857142857 0.5 0.2857142857142857 -12.764170740169433 -9.40677080960164 -8.331899775762459 -7.792584103356411 -6.985857761693089 -5.087825519058443 -4.40796499949907 -4.122021734180685 -3.622163349546836 -0.8136650149798633 -0.23520703312445687 0.15282035342935404 0.5388446949188002 1.0423699286913837 1.2165440173505697 1.9029356521648353 2.283605902291463 2.685272029021036 3.1655369957590804 3.50380775326901 3.9476563616251497 4.321462572520297 5.012607046477323 7.152466467305207 7.399765747880655 7.483226417123157 8.030481633638795 8.318531847904003 8.487149881209238 9.35395238153656 10.162455080407938 10.705373965794804 11.938176241653107 12.107717746052279 12.441832914140049 12.522434226864666 13.278580609392224 13.46359244803279 14.666278958527093 15.149675527666519 15.598659875398305 17.17448507306573 17.50071604434884 17.962210838921983 18.21799236212828 18.473975530275208 18.851606611121767 19.13020702420076 19.39267692162685 19.981988732195465 20.079623740007154 20.525368434970822 20.58339423878569 20.925079628258903 21.019827077750584 21.405625277895567 21.639865001715844 23.546119811449948 23.74631704973454 24.382908206529013 
0.25 0.5 0.25 -12.77608564903199 -9.56574873081457 -8.337595945352469 -7.648961229018278 -6.834275394891104 -5.107319712828689 -4.209916274346136 -3.86972899911193 -3.7265401814449524 -1.106485021113618 -0.440359180822511 -0.031094181093984707 0.38655444979337633 0.8992843648633847 1.0309788624156577 1.8764680866200154 2.198289111019288 2.7349344619787965 3.282349860372668 3.675190293503552 4.034135400971918 4.448535948867717 5.209957325350953 7.30939057633289 7.541841142066181 7.616910842987344 8.103431018259373 8.293573946754188 8.482163189530539 9.238911787007947 10.08031148042214 10.737863733017026 11.719122512639652 12.007509678803574 12.28327683259732 12.43150844680044 13.276348821562397 13.559757729675379 14.477917684106785 14.964446882504923 15.489087353759679 17.16900877079962 17.601640621435994 18.025076492325656 18.33196719787469 18.664723143275847 18.995428768818492 19.251685723966343 19.52836565191917 20.09038903814746 20.246419666278555 20.56068746879513 20.72956114350923 20.83846031201425 21.264597738169474 21.59553372326364 21.863598939512368 23.601477050754575 23.77054376617395 24.561140029795514 
0.2142857142857143 0.5 0.2142857142857143 -12.78816631498209 -9.705936635384475 -8.330537975516219 -7.485645483895627 -6.6997980441097535 -5.154001915443085 -4.02340942281696 -3.9149568028570685 -3.521405526181583 -1.3453288336534537 -0.6613389156169033 -0.16290506187589265 0.30545145945316854 0.7409172651437063 0.8683157594672596 1.8297656147499184 2.108141646200922 2.7049635113434567 3.4643814947917253 3.838260184836954 4.119280086881177 4.546374865928351 5.350048830148358 7.432790885831822 7.632195306792021 7.641893781687097 8.063965009630895 8.294704155193916 8.5723233047706 9.232324646394762 10.03319093843274 10.83212602776194 11.508691173386753 11.878484043744566 12.259355201156572 12.38253328176819 13.248379394841608 13.68950954472761 14.306751448079119 14.76701561795775 15.358983616878058 17.151770127725882 17.71506682876254 18.065683719237747 18.475371797483444 18.82914711782895 19.14508374095177 19.37567597478575 19.634396440686746 20.163878662384366 20.396971922278865 20.47725604394892 20.80942976195442 20.959736297387973 21.517588477632245 21.754009807938015 22.119933433264972 23.63428116249834 23.754979687166152 24.77442819608174 
0.1785714285714286 0.5 0.1785714285714286 -12.800674857524301 -9.826313526936351 -8.313269484666433 -7.305106399364324 -6.58667792060408 -5.236786100775008 -4.041099445049473 -3.8491481231824896 -3.248966613867433 -1.5267899976749835 -0.9094189096053331 -0.20349887680520953 0.2750319685374855 0.5467933712109198 0.7548689154833547 1.7562587470446263 2.015229027851407 2.6254798835614492 3.6679697034888785 3.968244918892139 4.217940937237596 4.595570416292165 5.424655884032857 7.405649884302324 7.610191815278602 7.733670502590714 7.948219291765846 8.359794841976607 8.72100730158234 9.279641748753379 10.014432684527998 10.96616354360247 11.329340757302417 11.705620694355712 12.352024543049803 12.373129311185355 13.204815000027887 13.836517089462136 14.147727444409558 14.568408237267874 15.207144145321523 17.1120359304817 17.82769396415454 18.08608821679119 18.63591241870409 18.947007991947846 19.249768947538897 19.491270781387296 19.73891974693461 20.21344779831487 20.28112744677999 20.601649149673477 20.80954949862198 21.19337216763999 21.74524887099774 21.913877670391834 22.370304338402928 23.592276846430853 23.721748410870415 25.006239603580127 
0.1428571428571429 0.5 0.1428571428571429 -12.812144758147523 -9.92590851373779 -8.287782334004593 -7.108725428212229 -6.496341067491049 -5.357421597787648 -4.1379735041436705 -3.715101956728104 -2.9983093555443316 -1.6448041710280645 -1.1549387532318887 -0.1561564978714932 0.26575720765794963 0.37007462758304155 0.6825715811198199 1.6552727825158442 1.9204021438523815 2.5258432247874616 3.865897274370071 4.043403562787586 4.347566074602969 4.60624097776454 5.442459686663451 7.260084112384729 7.522111297002915 7.838406921628403 7.944558020348223 8.42057205578821 8.872147424029764 9.343216222316753 10.011007252310117 11.08239521552414 11.219133603469476 11.566240065128913 12.350454156023087 12.537611067973193 13.163909551725702 13.981720864863625 14.02061718878795 14.390770470424393 15.052410468168334 17.060087658103114 17.938017350210874 18.099345189306558 18.803234411240222 18.99296052969009 19.30147764855343 19.602606820673817 19.844016973464097 20.088237073436094 20.319438225302207 20.722538812047723 20.839486894958835 21.415887228917978 21.914427534243902 22.110721383710384 22.60842829876306 23.500677829891696 23.666844642108703 25.264707308837327 
0.10714285714285715 0.5 0.10714285714285715 -12.821922323503742 -10.004005816200344 -8.258833109400717 -6.900846114968613 -6.430799901606468 -5.51324914140213 -4.209822104760005 -3.6146224023124196 -2.787010146901215 -1.7104497041781332 -1.3726288116164154 -0.05076383646201887 0.14259204201783593 0.359020232824908 0.6530898154269643 1.5218045166174115 1.8237020120378575 2.4250310364551213 4.013571379969207 4.094751793096498 4.468241780683062 4.61805600435196 5.416114469373905 7.093127826565273 7.412116240623191 7.89175601357878 8.047170772866586 8.483664738428502 8.985322029435453 9.395376440403908 10.015064209438501 10.991021822592673 11.319941460279374 11.491831296612702 12.363494272476652 12.713894698913592 13.140900558169367 13.883848808077063 14.127849845220526 14.252355125076356 14.920026572686528 17.000221970462782 18.03958107693339 18.114284767206506 18.91302205585426 18.985624478452635 19.33293936922946 19.700925577847304 19.876260084199263 20.013819931619125 20.384891059522474 20.778014201133967 20.930517580778716 21.609544862770957 22.04494368892985 22.31766457441797 22.828352094430393 23.419154462999252 23.578054266056824 25.352165725651165 
0.07142857142857145 0.5 0.07142857142857145 -12.829492046949477 -10.060105845667557 -8.232247466823877 -6.688514503149794 -6.3869646497996495 -5.696376338897539 -4.254879943815454 -3.547310444812782 -2.627863918461261 -1.7438769636367453 -1.5385814007508514 -0.04247265368844397 0.132934366316294 0.4086151151663262 0.6745199878122492 1.3538874653707356 1.7336359282388285 2.336224685610756 4.030312881884059 4.197925842129467 4.516716456193562 4.703870804633565 5.362288050471802 6.9468038923798145 7.321194205292972 7.919174184857062 8.171885400005355 8.541063810416068 9.044503434938632 9.430448061592546 10.033390409107808 10.866597031370937 11.378012376543484 11.532288139073955 12.382379766715927 12.852677034361708 13.153822111727273 13.78589359819668 14.139660548264867 14.210104505722555 14.853612675948744 16.94491984594014 18.082373016197916 18.18316799121331 18.799913844049303 19.103989951802628 19.339838427312156 19.77364529479667 19.849288373282985 20.021178788652296 20.438707422926367 20.791291880025437 21.040676362912183 21.76147770707005 22.164309499391024 22.48764718440956 22.965124257095145 23.419866844032494 23.510420169447674 25.123962402465516 
0.035714285714285754 0.5 0.035714285714285754 -12.834242817497032 -10.093975869960754 -8.213700035711126 -6.497058192189356 -6.351820338266803 -5.885853209439839 -4.2777462606594305 -3.509417930156891 -2.52782597173661 -1.7745607454142307 -1.6274052055634565 -0.13556348020610334 0.23473435521705305 0.4929772491296472 0.7147782606309342 1.1805464864651405 1.6642420718813302 2.2726905493920366 4.009052954352185 4.261931035975702 4.551354180062676 4.7974244768824335 5.30622989091089 6.846316174752291 7.260872213195766 7.935947681378754 8.275266428206102 8.574550503178498 9.057817775959716 9.450393005567784 10.060404571065657 10.77280593811301 11.369986141573028 11.61847284316011 12.396941429694822 12.920720650038497 13.206436290851283 13.713938845593258 14.091347977738893 14.200436065856778 14.853425042018461 16.904805482071943 18.077773445741165 18.295295070624757 18.653186605714275 19.19077500057214 19.322582674594734 19.806655160477774 19.859915354845324 20.021286136941978 20.470681615901164 20.790658218686247 21.12068147764029 21.859778639957057 22.265309795295813 22.601577494122054 22.966636150236685 23.36054589240777 23.82559291524082 24.898552177887886 
0.0 0.5 0.0 -12.836176775611472 -10.105419033170275 -8.207287747516345 -6.420637147144318 -6.304803294878298 -5.9990186210369165 -4.284809187979428 -3.4977466780670423 -2.493782082442756 -1.7946411168122742 -1.648699183527674 -0.17226995719483734 0.2632541123617754 0.5735023834884616 0.7158302155082639 1.0946647048662985 1.6356304939226343 2.24766896056356 3.9971950023680525 4.277521069864016 4.569686626074209 4.8329180050663805 5.279421378927407 6.809671688424786 7.238228289330731 7.940173341397125 8.317276478699805 8.581661483206558 9.053594305020257 9.456508943250391 10.073441702862977 10.736521578980547 11.363624049361684 11.649886320808935 12.400761602359408 12.933850860088782 13.23962889499812 13.683434069238963 14.072908167105767 14.186523824668802 14.86196445801588 16.889763428437124 18.071812984810133 18.367954571926024 18.56333839754079 19.219656192009587 19.308631565660317 19.816873552422688 19.86561180186441 20.016294890630206 20.48135774791461 20.786663544210672 21.144908533891027 21.89277299594912 22.30751770382475 22.6424791695575 22.947119657111486 23.324484713700453 24.52444972692651 25.452017561810354 
