 4.68957541  4.68957541  4.68957541 90.         90.         90.        
C  0. 0. 0.
C  0.97025656 0.97025656 0.97025656
C  3.71931885 3.71931885 0.97025656
C  3.71931885 0.97025656 3.71931885
C  0.97025656 3.71931885 3.71931885
C  1.82588113 1.82588113 1.82588113
C  2.86369428 2.86369428 1.82588113
C  2.86369428 1.82588113 2.86369428
C  1.82588113 2.86369428 2.86369428
C  4.01528943 2.34478771 0.        
C  0.67428598 2.34478771 0.        
C  0.         4.01528943 2.34478771
C  0.         0.67428598 2.34478771
C  2.34478771 0.         4.01528943
C  2.34478771 0.         0.67428598
-103.12433735
60 bands 
kx ky kz  bandenergy1 bandenergy2 bandenergy3 bandenergy4 bandenergy5 bandenergy6 bandenergy7 bandenergy8 bandenergy9 bandenergy10 bandenergy11 bandenergy12 bandenergy13 bandenergy14 bandenergy15 bandenergy16 bandenergy17 bandenergy18 bandenergy19 bandenergy20 bandenergy21 bandenergy22 bandenergy23 bandenergy24 bandenergy25 bandenergy26 bandenergy27 bandenergy28 bandenergy29 bandenergy30 bandenergy31 bandenergy32 bandenergy33 bandenergy34 bandenergy35 bandenergy36 bandenergy37 bandenergy38 bandenergy39 bandenergy40 bandenergy41 bandenergy42 bandenergy43 bandenergy44 bandenergy45 bandenergy46 bandenergy47 bandenergy48 bandenergy49 bandenergy50 bandenergy51 bandenergy52 bandenergy53 bandenergy54 bandenergy55 bandenergy56 bandenergy57 bandenergy58 bandenergy59 bandenergy60
0.0 0.0 0.0 -12.973226369074098 -10.21922303562784 -6.494419380399684 -6.494419380399676 -6.494419380399639 -6.101613450797491 -6.1016134507974735 -3.573305698197714 -1.3953339471882513 -1.3953339471882322 -1.3953339471882236 -0.540133632399727 1.009705013794698 1.0097050137946997 1.0097050137947117 1.8506419712098703 1.850641971209884 1.85064197120989 3.0823640294767873 3.0823640294768553 3.683427642911955 3.6834276429119637 3.6834276429119646 6.821946996226757 6.821946996226778 6.821946996226813 8.598784002855767 9.561000794965139 9.561000794965148 10.552360390393158 10.552360390393185 10.552360390393185 11.895343656321401 12.755291136261963 12.755291136261985 12.755291136261986 14.4254937117397 14.42549371173974 14.704879023307399 14.704879023307418 14.704879023307432 17.631103455693136 17.631103455693147 17.631103455693175 19.311723468928037 19.311723468928164 19.31172346892834 19.714639756446317 20.04044892581247 20.040448925812754 20.040448925813443 20.652096974030574 20.652096974030894 20.652096974031345 21.6990787854843 21.69907878548495 25.06116668078045 25.06116668081877 25.06116668088795 25.465584072542544 
0.0 0.0625 0.0 -12.968462954223439 -10.21545478126003 -6.726176443191006 -6.499769149546788 -6.4796958255165285 -6.098182628250577 -5.854021499699024 -3.6091260841871637 -1.4064396400320596 -1.4004070342974317 -1.3887811899738394 -0.5355103293995159 0.8747038347582947 0.9359928932928114 0.9777834520050939 1.8564326300823493 1.885389369879933 1.9645120220608858 3.116653375405734 3.18172155034671 3.668639348828918 3.6909393221381452 3.7013102722709217 6.793481993189862 6.82092598580397 6.969399131748398 8.566862002019699 9.492016974305153 9.542007232984846 10.469279155490916 10.498699117050664 10.645961265773714 11.942314153719076 12.638147269381914 12.750056967934775 12.757460191968782 14.37023200236448 14.452283740381295 14.56802761202605 14.70797353119837 14.740066501600019 17.56704037383477 17.599835378589884 17.742013037418694 19.307921262753872 19.31548651452449 19.38415405008698 19.71188474387908 19.976889598631775 20.057274024044965 20.059542123619426 20.537142567024336 20.62149793638797 20.749870918349014 21.67396758082369 21.846618088969535 24.726932753703448 24.7968761063012 25.096063608336877 25.289217289166277 
0.0 0.125 0.0 -12.954394431503689 -10.204546047290478 -7.060759431825451 -6.496313895872389 -6.456346827033105 -6.0876736850985305 -5.469142944719826 -3.7032622352105005 -1.4297569613153078 -1.4256536071264982 -1.4014771961458647 -0.49556578047203276 0.6841461241438551 0.7542687772131181 0.8296438851327622 1.8763139060318188 1.9295942525988472 2.187099592111163 3.2093577262385304 3.4338353214039277 3.6617628754973346 3.7311862343491145 3.773317072341469 6.823929232671479 6.882938313515507 7.21551263037377 8.468671558341718 9.298539282133198 9.48496565697994 10.381143156261485 10.393513106904022 10.758592304757675 12.070542203576245 12.419732419178144 12.630622132045973 12.77212816165847 14.242568023036975 14.334973979554025 14.51710863272225 14.57965405514402 14.808637520715674 17.514071710965062 17.571300105450472 17.87934968727838 19.31182785200488 19.338048214074167 19.53453884161496 19.69762495162886 19.880258043300742 20.089371762830357 20.11543615456232 20.309289556898047 20.626637290191255 20.913638183705945 21.62883124882385 22.16689517312004 24.245268925413377 24.371764283741356 24.99822366191506 25.026926834559422 
0.0 0.1875 0.0 -12.932650901104335 -10.18771277762371 -7.376853596101611 -6.485002362365935 -6.425736071518233 -6.071101508573822 -5.068518733751745 -3.828852609987968 -1.488088043053974 -1.4746757279805778 -1.4617442192323047 -0.37699072542848283 0.5261631277682836 0.5328797845579757 0.6706613135366506 1.8901009004944074 1.898313771542925 2.372699023714141 3.3300898334733926 3.7013332905902003 3.7131079457798255 3.8930528762828307 3.932422981886002 6.836521248678935 7.069816292514343 7.533961601375457 8.289807679538264 9.020110964015185 9.379424773807878 10.259097664590351 10.314236108904622 10.895749120601765 12.128526149302498 12.255055205026057 12.413985055583877 12.808579091702507 14.042288132277719 14.087663174908638 14.35246016772899 14.587547480674333 14.8788967598348 17.387707003648305 17.636753906971297 18.02612264190489 19.304399012754534 19.36762533260686 19.604288380368846 19.659987359518098 19.818802270376455 20.10121641760818 20.20076442315837 20.234374871721048 20.650206174874253 21.097960394228114 21.62336590656216 22.532656875819452 23.843402167344284 24.28492715981208 24.801050024383425 25.446647834873158 
0.0 0.25 0.0 -12.906708198160967 -10.166822785448668 -7.655652596316373 -6.4690291336809285 -6.391928754230471 -6.051700440757553 -4.673741203753647 -3.9609931389572157 -1.662019238587936 -1.549188348150836 -1.5063625254558237 -0.18777355196997852 0.31692459268484224 0.41903155641342227 0.5552074677422613 1.759373092511484 1.897668898981066 2.4390084931008444 3.4536782679705533 3.871019453740901 3.8734832586661785 4.161841416271566 4.244361987342443 6.85522136378963 7.322401869169805 7.894917887526024 8.028673846597197 8.707861951396138 9.215535536724044 10.168101025880704 10.208523104768467 11.047032421245115 11.803639168809312 12.126693134308104 12.442002972867012 12.885210026113914 13.726957304975109 13.937112355884468 14.069073347669947 14.635914687214902 14.916827720643731 17.239873702900702 17.736653973994493 18.158469494283043 19.197671129910116 19.381407361893366 19.534943458984312 19.63393973666649 19.803108520110147 20.00812838520658 20.280509580755478 20.487142137857138 20.701081910762756 21.27834226285242 21.683297264050907 22.83832956821928 23.540060594977508 24.03437333253097 24.752769699345926 25.499395799967704 
0.0 0.3125 0.0 -12.880439571564663 -10.144823009140282 -7.887606455406589 -6.451612251794362 -6.359054696416212 -6.031829291343764 -4.309593092292631 -4.065398643868193 -1.8954734803245386 -1.6371358996696839 -1.5571678019267836 -0.0022842339832060093 0.1728081077407662 0.3474921245706338 0.5208600955363889 1.5731371034562143 1.856800308710288 2.4012150462664894 3.5889134072897364 4.048359896339477 4.104846008477447 4.409270419367001 4.620954579212523 6.869428665112343 7.6133496701233785 7.726793187772554 8.270807983606606 8.410573002028423 9.008287384209847 10.047000161344176 10.114808670159286 11.189445235898315 11.491390512120944 11.824207985555319 12.518194632650584 13.082991962867045 13.423097489484794 13.773650469996262 13.824503928557341 14.642194008009076 14.909256899505477 17.097764166256308 17.848651711098448 18.260608625671416 18.982915185964657 19.36648839827939 19.430173977108026 19.678629943560544 19.810005812666887 19.988007306284814 20.356663068587746 20.656543033481565 20.8486368633647 21.451974537238947 21.811086594366127 22.969227959205845 23.297659252912407 23.829117995467726 24.687676081341042 25.547913564840208 
0.0 0.375 0.0 -12.857405977046794 -10.124750388607625 -8.061710319463355 -6.435564993347694 -6.330648659833745 -6.014771931644385 -4.214302803706882 -3.903523452160202 -2.151278812783394 -1.7174169729604347 -1.6037791871541585 -0.059006482254892 0.2984441928750692 0.3186549188389688 0.5668907420346377 1.369285095270986 1.7737072149693578 2.3300085319828954 3.7511801097670125 4.196332617207015 4.341299156228489 4.629907368398157 4.955017450985666 6.860765217614493 7.462260751504859 7.918233259232617 8.164720835047143 8.634245412034725 8.799420066339426 9.82184044874093 10.087701976942519 11.108436341518042 11.395681125390743 11.613599778685955 12.483372820487867 13.170376019202415 13.388304947420442 13.508481261581391 13.773534965976083 14.579231300566724 14.880004542878423 16.984019677396855 17.957477069451713 18.329213520651393 18.767806972991615 19.32155004033786 19.346076923152918 19.745498569890096 19.833516867810967 19.99942313131864 20.421468406446753 20.72542796323508 21.027914092726853 21.643406764524126 21.98812689740085 22.90636750537764 23.116948708883413 23.590459603192485 24.61380284990016 25.5900861573872 
0.0 0.4375 0.0 -12.84160693616002 -10.110430264007624 -8.170243807418657 -6.424360267930383 -6.311383223614174 -6.0027113434495 -4.264932979079637 -3.6240344189564966 -2.3844186149023106 -1.7735844344176257 -1.6361276097408815 -0.14225755465797427 0.2728804586438944 0.4990822826807804 0.6584290386832459 1.1857206993585805 1.680688612245595 2.2713659558137644 3.9173911818713583 4.270790406282894 4.5094805143051735 4.780087603138071 5.194096067868292 6.828907466400794 7.294030433968528 7.998199061525466 8.191859268957826 8.641847385838206 8.930496024021954 9.578109152156255 10.077174147514445 10.854702722462159 11.38694691443531 11.61141149001815 12.426465313533994 12.997402360995082 13.313950094086575 13.646658637522767 13.84111670873077 14.404703244584539 14.864594923051117 16.914240191723607 18.039949750422245 18.36259511965954 18.61868070444807 19.248830671618077 19.319730601483375 19.800833279272243 19.858150361920714 20.012799902805785 20.466404542274404 20.77166234038176 21.120890041793068 21.819541132388174 22.18597206757037 22.755382386845653 22.993905754232955 23.3949083974352 24.546062964583896 25.587935996165122 
0.0 0.5 0.0 -12.836176900353571 -10.105420945460567 -8.207289566755405 -6.420638197515792 -6.304804311469564 -5.999022106962346 -4.284811781640555 -3.497748734410973 -2.4937854851888344 -1.7946431977839215 -1.6487013578235257 -0.17227107289135718 0.2632521513465125 0.573500349482097 0.7158284334126601 1.094662327744863 1.635627164577387 2.247666729106606 3.997192067608013 4.277517348518977 4.569683684206836 4.832915126653116 5.279417975480347 6.809668084677254 7.238224259731825 7.940169316912553 8.317273155678798 8.581657516182162 9.05358955716113 9.456503268724482 10.073437251096621 10.736518609280413 11.363620150933658 11.6498811934434 12.400758153621437 12.9338456246941 13.239622852232984 13.68342876291937 14.072902267529381 14.186517807241316 14.861958876836965 16.88975726500736 18.07180723069327 18.367948057528682 18.56333334610023 19.219649144647928 19.308623517616983 19.81686549699514 19.865605340519068 20.016288563320828 20.48135005516332 20.786656949624273 21.14490187177835 21.89276598239191 22.307510696426114 22.642473094142645 22.947114049750823 23.324478500662085 24.524445689563258 25.452008572922637 
0.0625 0.5 0.0 -12.833451262425516 -10.08799514635538 -8.21797033745829 -6.503857112533809 -6.405915005141976 -5.828576312219115 -4.273116229544606 -3.5198970605425033 -2.5395129993042147 -1.8049681840761835 -1.5807708858081155 -0.12483290076717839 0.21402923242994376 0.4604583881741673 0.8101937788113123 1.109226602684054 1.6744993497340679 2.3027688566022406 4.001503979777136 4.293352212565984 4.556046848781237 4.757831210626548 5.307564854851398 6.8568789040071305 7.278395196181466 7.930920498403652 8.290955181610292 8.5252254994984 9.028652681117872 9.490233120330288 10.027136103641686 10.833003371537302 11.332458237873686 11.592980709981532 12.42679964315467 12.90204188458693 13.195631239817732 13.685480217409001 14.114956336962724 14.266105265825146 14.823586102048008 16.909965072878613 18.1038944084194 18.17559302709962 18.751245147143027 19.152146162196992 19.297364242274313 19.796638409622023 19.858258970271162 20.018634598914176 20.47763432378665 20.829023870809657 21.112258014951742 21.834675560438523 22.327979984557537 22.547795971619752 22.92793273013667 23.371240458707494 23.51857573807994 24.93724725494797 
0.125 0.5 0.0 -12.826256074556975 -10.036390784787278 -8.248424406416689 -6.8239710335816 -6.36392363979406 -5.589823008701107 -4.240999955377984 -3.5832656287917715 -2.666747078554681 -1.8296178948220039 -1.3937966307109413 -0.05903608049483958 0.13520012248685212 0.28249390445062583 0.9376829424698805 1.1652978530132279 1.7593843860244383 2.445817830548522 4.012410190726951 4.283329319543475 4.507246268891541 4.632032035730774 5.344107206116481 6.9924242191595845 7.384172897592362 7.9062774133933305 8.202289506720636 8.380044489665222 8.976495138404456 9.566036921362373 9.940403636176873 11.056595494425222 11.2170490988784 11.469413523678044 12.467034750939508 12.75847574636078 13.187344746401717 13.690472358762909 14.229994318661662 14.310150065719442 14.809442893500657 16.975844028963085 17.928654944414628 18.181627036074698 18.931078428524515 19.02543156199412 19.23914897209956 19.7730276020171 19.83042960576671 20.012320765540654 20.466864364044564 20.92317532073011 21.02510765885613 21.713192601891976 22.306824546048063 22.330794712275658 22.73273538294919 23.445805832975463 23.50220286511959 25.181629944755915 
0.1875 0.5 0.0 -12.815393481546327 -9.951623891411472 -8.293267186112859 -7.16554628264115 -6.300358023938142 -5.364879798641459 -4.193678979648331 -3.6804654826163454 -2.8522349708856782 -1.8477482232908837 -1.1309750848855888 -0.22577261606550322 0.11972777555091532 0.28788719077814456 1.0666451701418243 1.2734629931975463 1.8465612526924748 2.639540499422197 4.027277747897194 4.088592772865154 4.418845380441002 4.6546246080412 5.347852847400639 7.20231802210387 7.526602169385033 7.881612840219098 8.059504627789469 8.20509184437442 8.94715735922851 9.614404639091019 9.891824148404016 11.006973348244722 11.32040812304555 11.347037680577891 12.467545942700902 12.580404068814152 13.229038381254604 13.700928590240427 14.100961838428029 14.395937042179337 14.95267845859387 17.089932350868807 17.73375846837841 18.268844541287166 18.72258882330453 19.143310176283958 19.194862200084422 19.755586536455294 19.83732794020029 19.97616835579921 20.444731844097994 20.917137027011872 21.015222181916485 21.584007216015372 21.987660570615834 22.29372372170856 22.42949946195009 23.576054456434903 23.682448124716824 25.272294376089956 
0.25 0.5 0.0 -12.802469296712646 -9.83590570217987 -8.344395503872995 -7.507521592793305 -6.22284574156193 -5.153347706477849 -4.136893292557218 -3.7975387221128636 -3.073994018000207 -1.8419889789611201 -0.8814178927548686 -0.47376014344698497 0.06179533110562208 0.5250849402014107 1.1926816236172624 1.4222792609272796 1.9180934884261733 2.839060316703892 3.7780404671563144 4.033751691939885 4.295111918954731 4.775038355722877 5.306370304707667 7.4448134786475535 7.6505723830982095 7.8468512310240035 7.9328750316783205 8.095830911066358 8.958217346165133 9.56137316017623 9.944687315623886 10.766694805781356 11.208305174104556 11.543770660113704 12.41221729372552 12.489904135277971 13.218498542719344 13.722965565913007 13.803256154397971 14.590230489333642 15.095555749243795 17.23559262556716 17.636517521888972 18.32743637807397 18.48918758401739 19.07575956638631 19.33746259448288 19.72322676749195 19.894859454806316 19.91173503898781 20.422934597742294 20.825109981591208 21.06584588868889 21.458917870717006 21.63260537259702 22.180912296787984 22.26759122712118 23.85359545976249 23.96483850523644 25.362036556370565 
0.3125 0.5 0.0 -12.789621447067752 -9.694284910833003 -8.39465193128337 -7.83520132633022 -6.142228639599612 -4.951458606003689 -4.079434384566193 -3.9177013152261035 -3.314084047782327 -1.8050748246140775 -0.790041358035288 -0.7324836766103355 0.2421344630957759 0.7679446094868962 1.3067946667855987 1.5588049134167807 2.0037739911052435 2.939841670871483 3.4994801548198504 3.95263871928997 4.209232790229911 4.892360857921142 5.219675938451574 7.54012297002903 7.654925116136465 7.898903221874847 7.94767159735247 8.127107656945217 8.999294948460742 9.44468281386407 10.049695850366398 10.550578484691174 11.032717926949198 11.64216093107394 12.325286048126726 12.558905934146939 12.996022287214467 13.640244117580915 13.748759523327074 14.778017830002682 15.15472611135323 17.380291386762856 17.647838028782758 18.27742883853793 18.350514004396253 19.075741856726303 19.41832973148543 19.70293349217576 19.8559106701301 19.920869272203547 20.42761876620525 20.735284373610313 21.045713021739065 21.251871852871343 21.330470115889035 22.02266318057736 22.298819541944845 23.988138896258523 24.166503666559848 25.127460562779255 
0.375 0.5 0.0 -12.778462220992967 -9.537212759900061 -8.435898861073838 -8.129121273109247 -6.068946445888086 -4.756525346688823 -4.025215236061935 -4.022529161844728 -3.5511314811125563 -1.7292856883408203 -0.9764493614362666 -0.8310033216287789 0.6293634405189696 0.9943549676609386 1.4089262985014939 1.5974540684299174 2.1804467154620912 2.710021455509389 3.489214907079389 3.743143747814252 4.214319882159101 4.933189761417496 5.156743781266926 7.450029888921862 7.617990184370704 8.03041453170127 8.066167325045184 8.281854665782655 9.064005805808776 9.313251705529357 10.173862595390597 10.404648569328911 10.826163871952627 11.653767610757123 12.243683510833987 12.515273137728027 12.865530125124637 13.580435626544118 13.776635064226962 14.932766487194481 15.150627056492736 17.495995118992948 17.730261920085727 18.11379650312276 18.36703767558242 19.125689396839043 19.463303057053732 19.704145218546717 19.84678245183757 19.88642116782974 20.494920194110833 20.648360590877555 20.894348048215477 20.989105979627286 21.216912706164912 21.94868675123715 22.476740194805664 23.60740503372252 24.799589515374766 25.04408178917857 
0.4375 0.5 0.0 -12.771137179727095 -9.392466048351809 -8.463170926648278 -8.357886665005221 -6.017535268351838 -4.589372217884087 -4.096256552843867 -3.9759299726575614 -3.761352464340042 -1.6228572317069823 -1.1895135087997075 -0.8900929022720783 1.0546453658360213 1.186898324358071 1.515974387837008 1.5366474997952984 2.2838222512523494 2.4110576231097136 3.5061886524075243 3.6001873605796924 4.236748918459622 4.860433652600173 5.176956541433462 7.368406001326609 7.610219339427734 8.079075781407326 8.165820303920155 8.47508398888848 9.126348029045316 9.195520128737192 10.287824471073904 10.35631843589469 10.618379847759702 11.678111247035185 12.161241222637376 12.188461818947498 13.09289649073799 13.483476608723384 13.798615746479229 15.026211547798892 15.129172839505735 17.570930723463267 17.811107069314236 18.008057643685977 18.387090647363664 19.184300816534567 19.51565694050859 19.69061630708184 19.839842356120588 19.867338366371097 20.55858438817988 20.588413682032307 20.623903740584225 20.916604119333616 21.1244630922884 21.920404979541825 22.583305464127637 23.571920579683095 24.41209791144227 24.973233547705394 
0.5 0.5 0.0 -12.767799748916762 -9.325475007801408 -8.47199755575013 -8.452471823466686 -5.997246288432496 -4.511770448674706 -4.120850394334376 -3.9044660248692256 -3.9035730868855687 -1.5395382881938202 -1.3033574113475253 -0.9114174894783915 1.2557168309857107 1.2981667988312844 1.4696272084917394 1.7114022062120249 1.9311431264524987 2.539731097707063 3.3843965213306455 3.6560945345689118 4.249634528738567 4.816648284385915 5.198791239122958 7.342290107598166 7.615464325669145 8.096394073612322 8.204930192042639 8.562970234393823 9.146084870206328 9.159202576374588 10.345362463666397 10.391470980282072 10.497110608665679 11.73712456320794 11.966262214284798 12.171627378238695 13.313962876521108 13.3308129945035 13.809744451220041 15.060089544300508 15.12139683680689 17.604876392699715 17.847689282460383 17.97768725792604 18.401121830326698 19.215634180109113 19.552732325451174 19.67677481458443 19.83427370624636 19.883649298108253 20.475564187840224 20.565821081498484 20.64220435580499 20.884506557944828 21.0925380675227 21.918272438450742 22.637064740553214 23.56260189423185 24.292297450647364 24.949943412566615 
0.46153846153846156 0.46153846153846156 0.0 -12.770513185575808 -9.377924432167726 -8.450795406515443 -8.394406498689719 -6.010863935913082 -4.5814514761267615 -4.0958141618585415 -3.951610813210587 -3.8029792746281648 -1.5879990169718907 -1.2480091572971848 -0.8726646689252135 0.9330649772915114 1.3802227594737586 1.4398472762118633 1.7022214301122292 2.1095787985428602 2.481308401621648 3.4077877897352598 3.664143493104099 4.226613453939786 4.869848071794642 5.168692422003424 7.357504018299748 7.608922165349745 8.069357467595237 8.210840085325309 8.529461187418846 9.084924618745303 9.15630528064492 10.323619134877486 10.389603391904846 10.575906130160197 11.740615690620938 12.028569018480832 12.211824411837258 13.153645835401163 13.398116774680908 13.820659515763793 15.062085959889458 15.110190182631886 17.59389048699499 17.836283761364452 17.969632487328592 18.403159278269374 19.213324428150944 19.53139329775194 19.680438154574947 19.834850437050378 19.881454539014296 20.442319648758122 20.560572921441512 20.68116905391732 20.910397078666318 21.123532815825357 21.9070603142408 22.622986886187938 23.549658912470264 24.317400089164128 24.960738395752543 
0.4230769230769231 0.4230769230769231 0.0 -12.776242418090968 -9.498617768073679 -8.408313999909636 -8.23266882819107 -6.045255763339276 -4.708156899540314 -4.086645034205937 -3.9909384064170568 -3.5995992898645772 -1.648563105793907 -1.1650683022830348 -0.7377117013553062 0.5637738940176438 1.1375899924488686 1.3770719940608713 1.850098620783483 2.296792018398681 2.453004738251789 3.4140443181549514 3.7280971917345767 4.197001407752896 4.985587010316033 5.102653651486378 7.415845786905309 7.605128912706856 8.018250146308409 8.23877759991595 8.4187710942556 8.916366997566845 9.209171133932895 10.30335495323271 10.434020064754428 10.729160851588784 11.809224186072187 12.107104722690329 12.373673818442326 12.950366206980204 13.41698023471886 13.851212641461435 15.047969306093478 15.094073860090514 17.572694519452615 17.79210963299571 18.01711914542956 18.422894797256316 19.214745862771668 19.496807417462495 19.716693968491608 19.835359132355634 19.888405633644915 20.428974261869538 20.56058522168887 20.72766561476697 20.984720527089973 21.226139281971008 21.905588779891147 22.613890141348065 23.53484279909338 24.405635424310244 25.010864272061138 
0.3846153846153846 0.3846153846153846 0.0 -12.786869719003219 -9.638595625202338 -8.339720041863455 -8.026422608579344 -6.099230939755428 -4.83234349096863 -4.116680177800963 -4.03617173053904 -3.3323151073556088 -1.678429035429105 -1.1128710299066995 -0.5220558098154685 0.20682281736895589 0.8677309837022263 1.2884796627411517 1.8192113352755315 2.3303458234065295 2.6090609543550207 3.444637770608361 3.7521549434630868 4.204729094505057 4.953909704403384 5.136034304192604 7.512241440210348 7.617242787123028 7.966517783193285 8.24351584643539 8.26476884082775 8.707754745512016 9.297684535326779 10.284749208752611 10.51230052644567 10.891072820513653 11.925694655164587 12.153242604221743 12.589354277865409 12.80789809639142 13.418341118222575 13.880212226650059 14.960895409776823 15.07994288278488 17.513067345770367 17.73958432688277 18.12507312660948 18.45292735633732 19.19900409148658 19.481558010472906 19.767781758121757 19.810154857065974 19.91302826862141 20.429603456487914 20.574791594981647 20.752494341815613 21.054580731210944 21.329124217303523 21.963053854639156 22.60286781622688 23.52143075302145 24.561571825415722 25.09529410908129 
0.34615384615384615 0.34615384615384615 0.0 -12.801422605721934 -9.772558053320283 -8.244415234787102 -7.8077643271238255 -6.1647439757798645 -4.942314869370058 -4.1815687394036205 -4.076624409335317 -3.0342329889740536 -1.671292588362967 -1.0859056314875515 -0.2747549267702914 -0.10166218019742641 0.6441645769185652 1.1765272925174333 1.6627527033924325 2.3149371491703157 2.7800240865589307 3.539987974880765 3.6850065707046245 4.234181943595798 4.798527140008406 5.204587575097908 7.605865123837832 7.65132586914615 7.929488028720944 8.122243034308717 8.245576114702613 8.52530928427055 9.405036134437493 10.256602804319124 10.607559014063572 11.058988835895475 11.97689151127248 12.2255183301678 12.737347496504265 12.867039170101144 13.458115674084993 13.903273975501069 14.806248205334526 15.066965594919118 17.445666565703956 17.701004114592322 18.260641731528718 18.49833788908861 19.169633236337525 19.492575132059223 19.757196557638007 19.822182654156293 19.990609914578233 20.4310191189294 20.58016847326428 20.75668816233548 21.12056256376161 21.374852356250237 22.119411427326433 22.5964074578351 23.52115756253787 24.74131501591894 25.006115080232046 
0.3076923076923077 0.3076923076923077 0.0 -12.820629814185928 -9.890178700722291 -8.122440520779426 -7.593288598036002 -6.233900335033703 -5.044758549124501 -4.286833292613666 -4.098437694592578 -2.7231600619850087 -1.6324518609062044 -1.0861330298665026 -0.38744215832321693 0.0034946897135839736 0.5147752488557543 1.0571482387889797 1.4694199675854478 2.2590817759395057 2.9276358993434988 3.538959936343372 3.66536364206987 4.225378251489058 4.608000546271502 5.197546906002274 7.5014900032430685 7.741451204694998 7.984302813020156 8.089192219994036 8.188036136223362 8.455185072322157 9.517759985023158 10.22152321326804 10.693399101591679 11.249885937440327 11.955499793470036 12.328250036148352 12.882551543486029 13.014088642169819 13.55987182569753 13.91899804128849 14.618250452434769 15.048066426972937 17.41514438277734 17.665489432342053 18.351712786981597 18.583497574044483 19.14621687172305 19.518645241378493 19.720421931271026 19.848038585852482 20.092030789961946 20.433054023850072 20.553558645038105 20.7171848106661 21.2090374823383 21.371933834934588 22.341621519188877 22.609480391773825 23.537457289583532 24.641392961604172 24.878648237906088 
0.2692307692307692 0.2692307692307692 0.0 -12.843428321920682 -9.987555920943345 -7.975065411060552 -7.394667072961466 -6.299384123722898 -5.1509989464967 -4.434398263876666 -4.092819526941349 -2.4142732257863058 -1.5758543971121413 -1.1157928656571625 -0.5671826442532713 0.16563991945990514 0.5319405591796473 0.9637974223324688 1.2812345533600566 2.198355025015536 3.0088233007987855 3.426133832761606 3.715862744570118 4.158462581168784 4.389943228350706 5.091866167533478 7.31898574123101 7.795323263018028 7.890834868512154 8.0890845630354 8.340686865860478 8.512821489338112 9.635584978988067 10.20039653886232 10.75269938425438 11.467487616200517 11.95459843267839 12.410285692684255 13.020610747464884 13.166849089799731 13.678333741650667 13.953152326551937 14.468830510283336 15.018715071415157 17.426481099803294 17.634539989649678 18.33784514700656 18.72543588702274 19.152390414579667 19.555690510973427 19.707806681384028 19.866534111367212 20.16968910099534 20.421556901728515 20.481390759543732 20.64673606321331 21.2824484220175 21.368224539169482 22.562029613444643 22.67997842227486 23.5673990202242 24.523249213685613 24.93784633518527 
0.23076923076923073 0.23076923076923073 0.0 -12.86858329024671 -10.064122098676847 -7.80251127416444 -7.217389647443446 -6.355715580802998 -5.270287572433627 -4.622276830839688 -4.0541184426296155 -2.125171741999594 -1.5199605199092614 -1.1691017652332492 -0.6482241296871201 0.2431078046530411 0.5564936795609592 1.0200381264040361 1.1348275946560742 2.149196330379043 2.9501599174352053 3.3965727269906245 3.7219905679369134 4.0458240891180965 4.159660606522641 4.884525965965868 7.151618102792821 7.634512372243321 7.882950210036798 8.070798851637814 8.542740430400892 8.719594525367537 9.767188266115095 10.22163912091478 10.782744112931097 11.698251529616883 12.013561250030438 12.46581583292685 13.014590827368659 13.34447938191954 13.818119112964657 14.054987696616777 14.408438281953744 14.97380370865331 17.459124034818913 17.61307070322537 18.25647693392135 18.880815672293004 19.190614705546764 19.583647106596572 19.74925069192015 19.884545530630223 20.194052948412516 20.337982611908057 20.42047430890807 20.58769956855772 21.195142445797874 21.494763841392558 22.649774440904242 22.876854045698217 23.63544239449288 24.53793746168841 24.957518178997283 
0.1923076923076923 0.1923076923076923 0.0 -12.89464039177439 -10.121469834084259 -7.606257141485091 -7.061353129662435 -6.401076798703974 -5.407186421684653 -4.848050004733421 -3.982502500456496 -1.8696401354019991 -1.4819679655173115 -1.2322584902999647 -0.6266895164781124 0.31610106717703584 0.489430136596288 1.0341571282342215 1.2458567582046998 2.1102140917087886 2.774985286371672 3.431924873279962 3.6896741038916288 3.902856754427678 3.945542298695238 4.589492532722281 7.016872308059728 7.421846616828575 7.775535962746278 8.125406932023417 8.771171917229081 8.969002635057235 9.918693793637797 10.280583458116006 10.78495342987046 11.91324085490391 12.151243967078736 12.475304449154532 12.863817834880384 13.571018066178537 14.013089610572596 14.198044838616852 14.414998107631822 14.911754902236915 17.492956750985886 17.596779968772076 18.147307058853567 19.034945573795675 19.248225222614842 19.586382620119334 19.827848163705134 19.913502739898735 20.151204599765336 20.201924283513225 20.39862335604491 20.53441371630903 21.0718654010755 21.626065143072847 22.609708848672533 23.127488693622336 23.760538810494946 24.62194291826674 24.95803112635265 
0.15384615384615385 0.15384615384615385 0.0 -12.919568373543724 -10.162198008246778 -7.387967764835652 -6.921271328683956 -6.435947874132834 -5.561529769274502 -5.103985968869208 -3.8843939490047585 -1.6624690773376452 -1.4565912145734081 -1.291607704874665 -0.557389156904337 0.35003098941371685 0.5319976831370293 0.9890820558767998 1.4819854251846294 2.0756323574067466 2.5590257172828976 3.447967951546621 3.620111560255449 3.7339882873013295 3.8159000531371925 4.250443409652784 6.9101900120247866 7.227071895252719 7.556415332486976 8.261482881391412 9.005568794946841 9.187601447276675 10.08105537394203 10.358001657658056 10.76396834413922 12.11132656496359 12.331299361431961 12.392797668567475 12.756623489641685 13.82316999455731 14.205679843426473 14.348414689949232 14.453829559105174 14.840533861308712 17.524038475471663 17.575883698316332 18.034796368725644 19.163545732984797 19.325751749414998 19.570937216441568 19.853352810093295 19.9110267634049 20.09055724126763 20.16936913791613 20.309658945336842 20.542351506277132 20.95720999114847 21.719220064911983 22.462494582559703 23.41560461547759 23.94329394013263 24.732482442436968 24.990171748000215 
0.11538461538461536 0.11538461538461536 0.0 -12.94149905733165 -10.189674491931427 -7.150785142416512 -6.790797788797593 -6.461768565809393 -5.726882937987744 -5.380497511235318 -3.775333242060048 -1.514570025865705 -1.4358896023731922 -1.3381721305648648 -0.5216180077466942 0.4396712784619963 0.6751768897842004 0.9778013603059227 1.6725957556311062 2.0351254610548732 2.3325944604097284 3.372031175849532 3.4891418618504524 3.670622118078288 3.741007942559235 3.9384615795520133 6.830147271623363 7.0604800860101795 7.318600232294369 8.400481838793436 9.22236340130289 9.353566690101614 10.23465431002413 10.432402989945572 10.72778952118819 12.19027176773131 12.320010320599907 12.540893975386505 12.736857989250323 14.07142585445789 14.347870771851918 14.47514045046214 14.517475549271632 14.777854761351232 17.535111159481744 17.575785897774914 17.926734752541478 19.23857266594762 19.406854277895675 19.526666510065123 19.764829825740605 19.901202255235493 20.059016959695498 20.190176136352108 20.280711002589445 20.58693110484612 20.85478866681351 21.755669837341472 22.235395594742027 23.754568989936594 24.19723948398251 24.86004653254822 25.251997110532123 
0.07692307692307687 0.07692307692307687 0.0 -12.958845509879295 -10.206955211138796 -6.899393858694999 -6.665049439916696 -6.480015820673616 -5.892007057916781 -5.666892761827586 -3.674449696586327 -1.4324752376333771 -1.4177318334433826 -1.3708745036735284 -0.5286193072527615 0.638809384800929 0.8367723343985778 0.9861806217235692 1.7878287118542924 1.9739128865277118 2.1153184029300114 3.229869325860026 3.316085538638287 3.6646440216923617 3.704770313222366 3.753401487382907 6.78045152055352 6.930489312652688 7.10110718899528 8.508518777317747 9.399328502105918 9.4682056840072 10.3625194143164 10.49202251595097 10.677139590690388 12.03548712688503 12.507357854420542 12.682571674915591 12.741716220566705 14.273869182665267 14.415808591298553 14.544459827337906 14.609087562781689 14.750646667842533 17.53261613931955 17.60064234159641 17.818674254208794 19.276737951143662 19.39079120915847 19.449578735478244 19.708977481676598 19.937156297207302 20.03921653992112 20.10484898102057 20.43284352860276 20.62427822088791 20.765260454335426 21.7426604663573 21.987423980872034 24.207442404584363 24.517178959151746 25.069107436958305 25.282501592988556 
0.038461538461538436 0.038461538461538436 0.0 -12.969599870296268 -10.216211272814096 -6.648525434473189 -6.550987506066358 -6.490531894917519 -6.034768237267327 -5.940245685674864 -3.60064138201736 -1.4021726767504046 -1.401248863059787 -1.3885887861851414 -0.5378407086418651 0.8696438672527769 0.9755283191135425 1.002744611960804 1.8383439819967504 1.891877594262992 1.9376669264453514 3.1216310357577934 3.1469674937489236 3.672612242424186 3.691723181329586 3.693738883670783 6.774184745990829 6.849735546142468 6.9317897433142255 8.57514631993899 9.51807221123214 9.537270432211606 10.467428267258406 10.534738014852921 10.620102702105195 11.931547852782183 12.664857903556412 12.748207277482576 12.761577328979497 14.393734581545695 14.428275451005355 14.623864412236584 14.679635042378454 14.745015226389796 17.565043808727484 17.622490355303203 17.719063007030567 19.30152897197268 19.329552048655444 19.358357799172968 19.71233975188764 19.99707652189884 20.038536342721525 20.065029467453364 20.571246979451995 20.64447832059635 20.699023588292302 21.713363228064612 21.783053010158195 24.73911900621682 24.856228364199023 25.140112044297485 25.338905451261862 
0.0 0.0 0.0 -12.973226369074098 -10.21922303562784 -6.494419380399684 -6.494419380399676 -6.494419380399639 -6.101613450797491 -6.1016134507974735 -3.573305698197714 -1.3953339471882513 -1.3953339471882322 -1.3953339471882236 -0.540133632399727 1.009705013794698 1.0097050137946997 1.0097050137947117 1.8506419712098703 1.850641971209884 1.85064197120989 3.0823640294767873 3.0823640294768553 3.683427642911955 3.6834276429119637 3.6834276429119646 6.821946996226757 6.821946996226778 6.821946996226813 8.598784002855767 9.561000794965139 9.561000794965148 10.552360390393158 10.552360390393185 10.552360390393185 11.895343656321401 12.755291136261963 12.755291136261985 12.755291136261986 14.4254937117397 14.42549371173974 14.704879023307399 14.704879023307418 14.704879023307432 17.631103455693136 17.631103455693147 17.631103455693175 19.311723468928037 19.311723468928164 19.31172346892834 19.714639756446317 20.04044892581247 20.040448925812754 20.040448925813443 20.652096974030574 20.652096974030894 20.652096974031345 21.6990787854843 21.69907878548495 25.06116668078045 25.06116668081877 25.06116668088795 25.465584072542544 
0.03125 0.03125 0.03125 -12.969653140881462 -10.216200733082731 -6.610616139154523 -6.597373352976317 -6.487318386928137 -5.9873823957937224 -5.982977899971782 -3.6004568200511757 -1.4050272783732836 -1.397117154578258 -1.390284939904223 -0.5379362474653748 0.8667347655422043 0.9646509564114869 1.0185678701878458 1.836985696627559 1.8949522404367662 1.933154998479565 3.129979359267291 3.1384677756535337 3.6746061587578986 3.6909266367542943 3.6945549164506386 6.771026142433246 6.8580510061896165 6.9252547622167695 8.576171581291987 9.526935313968254 9.529454903617715 10.465244104858662 10.542969494535965 10.614067211649715 11.931418365400106 12.667027434820506 12.74639455045652 12.762040874024118 14.400140372964056 14.419223299969865 14.64265463081514 14.6607346021153 14.745619776290294 17.563182474671734 17.62704087868073 17.71638836690457 19.303501443952886 19.327512325708128 19.35741566119652 19.711831270454947 19.999990481108807 20.03541100450467 20.06510641920918 20.57636694591541 20.668561854242316 20.669507946484362 21.745375735657543 21.7508471989115 24.71978628806657 24.874827682375226 25.159321677789116 25.328314061865562 
0.0625 0.0625 0.0625 -12.958840994625962 -10.206639913577732 -6.807050726536271 -6.787394571209596 -6.467961625492876 -5.779459945504948 -5.763026553924179 -3.672723281314889 -1.438968161145053 -1.3983416706033567 -1.3798772836459101 -0.5287196329938386 0.633062613696142 0.8028939496479569 1.0449559561361301 1.8002506099074767 1.9944904978592937 2.0630464793998065 3.243134429372866 3.309228965361879 3.685814511692438 3.6980404623354626 3.738092388417319 6.773425025755079 6.9598642456516195 7.077119123966886 8.51133911755206 9.42722671500618 9.445487791925697 10.356724971625367 10.522036142654871 10.648258368484369 12.036507304587797 12.516381328243764 12.69046907378779 12.732691568482482 14.288341006979861 14.410663273248751 14.535497871621416 14.637551336936545 14.735251167320213 17.52847662160484 17.619938874716738 17.807228029159873 19.271675142339987 19.393105149882363 19.457564393778817 19.703172839839976 19.937197570951245 20.045436541234803 20.097661739939472 20.486727578850584 20.62422238813666 20.702191206644883 21.84996114005534 21.887102600169488 24.17031206140995 24.57006892809706 25.124194784073886 25.244073726757065 
0.09375 0.09375 0.09375 -12.941892210219287 -10.188545345209025 -7.007599502632968 -6.984306896668697 -6.443840666928835 -5.559957549696028 -5.52633944319186 -3.771789065007731 -1.5227149127139172 -1.4029861392045337 -1.3646353486311855 -0.5058789377330541 0.40198529000290445 0.6221926273165693 1.0861083073103 1.7515781201090526 2.0781878426684828 2.155642817765092 3.3418674100688377 3.51106919844677 3.770020346045144 3.7712013416153067 3.821843995470044 6.823345286871807 7.108670200797029 7.266562565359994 8.407774456584612 9.268303440752263 9.319305745136798 10.218149090187147 10.481758854748474 10.647680453112002 12.200377658516103 12.332309906585342 12.552073097101259 12.723134807173022 14.117148231025368 14.343400538766401 14.365342602531484 14.678442174291893 14.702680759988421 17.53474970124655 17.60424419744136 17.889913154216366 19.191900094707304 19.459993714283993 19.56467942833556 19.690594529800777 19.86771309185632 20.100487865176365 20.160257188596002 20.416779409408793 20.549622105267396 20.71507461462014 21.948376847981937 22.053893796145925 23.726632763975775 24.27352267720603 24.918812227900204 25.217875197413008 
0.125 0.125 0.125 -12.919897372192214 -10.158476695897003 -7.197286279380052 -7.171513854380389 -6.42618204922453 -5.3508893197761935 -5.297216421333753 -3.8716501680699067 -1.6771374161763015 -1.4143230038545624 -1.342530330012362 -0.45991899920859436 0.2249892201007857 0.47229125113505427 1.1391689913341223 1.7069396789056597 2.1319316164507756 2.205469408225294 3.3741022722187024 3.559107442374573 3.9415776160477196 3.96121913781268 4.054708395913298 6.914867637598265 7.283361324318506 7.481051428910864 8.284019631990756 9.06473391141541 9.162733020695546 10.0468707306361 10.411059483155912 10.620310028416968 12.15413304017052 12.369655174516554 12.381886098599466 12.755551802572477 13.937198887016953 14.111834638938795 14.234980983937096 14.72256545650821 14.734513584895003 17.57333691153962 17.586622570209013 17.952828964188125 19.059993591889096 19.48973150527964 19.569890400075685 19.68375669846374 19.89348170149892 20.187227523229218 20.23309663989767 20.377896815616793 20.50053139268357 20.70080012022292 21.98553254650797 22.1885514352057 23.38150197422243 24.06979372729077 24.705031960156052 24.804247995029677 
0.15625 0.15625 0.15625 -12.894613306477295 -10.112698197607733 -7.3718175201731135 -7.344917753197707 -6.428968758704055 -5.166480361883709 -5.090698015910923 -3.948924790452405 -1.9086800313520944 -1.424945298761891 -1.3060549026460697 -0.38985092701325486 0.12469500474592331 0.3793418547960135 1.1988344835621294 1.6895015744614619 2.1568674766039098 2.224928489033275 3.3742155459719756 3.5439348396476555 4.077584538720306 4.187403088812692 4.406594139180871 7.040446161098905 7.459562117189979 7.70225194119218 8.170314271424107 8.82771859836784 8.979845789274023 9.841577305280019 10.298767158645076 10.57956226554619 12.009155581626283 12.168629660634748 12.460575091249526 12.926827158944793 13.77594577639063 13.87869888975051 14.040231242705648 14.792322147491628 14.79737238131711 17.565397198511526 17.625906807729194 17.988907598255775 18.891388768332238 19.462933158835142 19.473623961927355 19.666803797847052 20.00315284862354 20.20718290870601 20.265923721685574 20.35896158694662 20.57617748099507 20.686490712829936 21.93088596317651 22.245471443777138 23.111346705371133 23.941287814593473 24.489549637216005 24.735213797456954 
0.1875 0.1875 0.1875 -12.867861363492711 -10.047384124351751 -7.529500865129497 -7.502695818342901 -6.465388925947933 -5.020080181579154 -4.922706100302625 -3.9837572392096647 -2.2096359047451006 -1.421652948112816 -1.248524408545462 -0.29687272888872 0.1044694798814046 0.3506078668793143 1.2586300873865537 1.7138026319362931 2.1569908816754064 2.2216967909791023 3.367906107918214 3.521105437382021 4.200291842180191 4.394293871650455 4.726122606097394 7.194618050861368 7.603436378095883 7.901030131775752 8.110782843877917 8.571966187339772 8.781242080285633 9.614052261231551 10.153670102158152 10.540692173218885 11.918817456747284 11.98347720275844 12.418488082982151 13.169477272491747 13.642444788686934 13.735600647589841 13.825826802876431 14.843618959944749 14.90221954821846 17.534633018117667 17.66821363063415 17.99327369944405 18.701007754122593 19.318749855735657 19.422976422225467 19.61280478619139 20.084827690213615 20.109724227409693 20.31693360231368 20.361899904152235 20.710383342433907 20.71474252857937 21.7933841668736 22.198874687388038 22.875009903180445 23.87491222367352 24.286384387340973 24.69121746484133 
0.21875 0.21875 0.21875 -12.841232592362319 -9.959115599972533 -7.669620144913555 -7.643381130947672 -6.54048022915037 -4.920390394622959 -4.806983261354677 -3.966647525856162 -2.5617078157821953 -1.3737692370091823 -1.1499693667664634 -0.1856229454303162 0.15534812210530627 0.38501450961333944 1.3213941099194626 1.783496547468833 2.1397102614940136 2.2041197052617525 3.3635436858454946 3.498552943096733 4.269650144457487 4.5523437245601 4.961511628259595 7.371585249052962 7.679490585339227 8.016317875735327 8.144181879809368 8.312041518013775 8.610929203912976 9.39919674159106 10.000299637244629 10.520684129527023 11.859855655245237 11.896054922620966 12.308470275757772 13.224402601579913 13.53776727408332 13.624071974173582 13.892534157411994 14.887625831762408 15.027010249215587 17.498681829193824 17.68325908871187 17.97408088257495 18.506186807978153 19.15629733301285 19.349135715811776 19.515224093834032 20.006349675033402 20.08595391094383 20.361892142324862 20.38048734798323 20.776200639725495 20.812288093673438 21.626439836925336 22.048654353539288 22.63187375557863 23.85453181350964 24.101635277246025 24.639957528470383 
0.25 0.25 0.25 -12.816242008297356 -9.845697597702758 -7.791875089750227 -7.766942571135471 -6.652375415585477 -4.870963200013834 -4.750642344149194 -3.900191909104774 -2.94488581627507 -1.2607473060864105 -1.0002026358996192 -0.06549042614956753 0.26238291677143777 0.47356783961543897 1.3939981927927951 1.8915363756694357 2.1098376098626543 2.175343980825756 3.3552132762163014 3.473882535480071 4.262790411200127 4.644242452240888 5.07552524639193 7.537319641825745 7.697736932285049 7.947538660074322 8.068839355080163 8.232529431968356 8.551028132632158 9.243438783897432 9.88230731486525 10.521759524571756 11.837618036120942 11.94087064853199 12.163318668896453 13.157488309409906 13.4506041895807 13.456717335646138 14.245026370780343 14.922594838249045 15.162951130077941 17.453538222101574 17.661974606808506 17.94169454270845 18.31989077508827 18.973394879608556 19.253503046261443 19.393269738006445 19.91182083897009 20.003070968228684 20.374440696217707 20.406980699028423 20.8356202197762 20.843755292584376 21.489200874814863 21.82883590067238 22.355264834970345 23.85282973052159 23.92649574529007 24.573967713189894 
0.28125 0.28125 0.28125 -12.794203870200935 -9.705843845202347 -7.8961684659275475 -7.873439852744562 -6.79382318354414 -4.867462818240002 -4.75055701341707 -3.799444728963817 -3.340435157256476 -1.07499181501405 -0.7963437927596632 0.06176090599314665 0.4116880285513525 0.606495354208965 1.4814031042018725 2.025151590544519 2.0705935795511983 2.1362238790409083 3.3357006582824487 3.4397756219547406 4.178083246704945 4.663563125725326 5.054877450292882 7.582927481692083 7.658933588518304 7.727682763140972 7.914081907853344 8.30824616037442 8.55932758847262 9.20575233088495 9.849383234014336 10.548457210108287 11.932276225383953 12.026843321377257 12.051172690606975 13.104285809894254 13.31112120614319 13.39403612901436 14.61562875300637 14.950449485482748 15.300508516913371 17.396456575356783 17.60617266321265 17.90795398501381 18.157699909234093 18.770940579640914 19.13461546997406 19.264018312067556 19.825301747595816 19.85582952433863 20.31354381816622 20.43908109857919 20.755525139521552 20.898279746359645 21.406028313268674 21.593314203807022 22.04149492879298 23.747152724638127 23.850592690049186 24.487930997268563 
0.3125 0.3125 0.3125 -12.775222046150349 -9.539748447288884 -7.983648110632507 -7.963110168609356 -6.955301726180435 -4.898487797925124 -4.793220327236028 -3.763490455452023 -3.6413549348504195 -0.8222644273350368 -0.5424231113989733 0.1955830951909333 0.5937328929383587 0.7752920167605969 1.5834047552681456 2.029058350071836 2.093066287640105 2.1743741384921726 3.293359139350118 3.387895648128584 4.037102665759609 4.616471912541445 4.91695562115379 7.423673630244684 7.4682190125465775 7.5316882359001935 7.914077924839116 8.350288627366163 8.542332699002571 9.310359752518751 9.927792786178705 10.60716579741753 11.957268496206995 12.124586091690817 12.218493841210917 13.073683288001178 13.207078742621945 13.344769652164384 14.952105928333852 14.985271019593496 15.438588220684167 17.33876994715031 17.523625175970135 17.876183703220374 18.025693976296097 18.562918607861885 19.00689427971612 19.13650684969 19.670003685052276 19.731287182294427 20.21645483121711 20.44828844046405 20.58964516786797 20.923260358296414 21.363767634316062 21.38156696894657 21.706925473739215 23.5791547315708 23.83105690993011 24.384460999493555 
0.34375 0.34375 0.34375 -12.759919283530499 -9.349208094030889 -8.055254939735459 -8.037334613771701 -7.1311669483999935 -4.9506067951468715 -4.861868386504215 -4.11575757251257 -3.527630373960985 -0.5188492686553636 -0.25251531627459256 0.3347916591367358 0.7976752034353358 0.9660582506919545 1.6892015378988967 1.983999697904773 2.045216946857805 2.3245310328694098 3.2181350127064876 3.3058689204576273 3.875821427151054 4.507893673530948 4.693104031038862 7.204271031690564 7.215546534382543 7.305635266459272 7.9378616229553165 8.354774028032534 8.480251923832665 9.517557753199865 10.080847098997728 10.6863973033935 11.996043762465185 12.369322606263113 12.428137020290407 13.058940260778359 13.136045626655447 13.3041557074815 15.035868549999096 15.222672283304178 15.562574740712103 17.28603474186164 17.423399224626657 17.84151743460413 17.913481366124156 18.36222766610484 18.884153797518707 18.994415175487955 19.4625472042521 19.592439784043812 20.112480708400053 20.40719126933781 20.4310079341565 20.864235018017496 21.17978185274015 21.320619544980897 21.414097465301264 23.460249519677987 23.78499110852252 24.26020604626885 
0.375 0.375 0.375 -12.74816403230044 -9.136867378104657 -8.111245905547708 -8.096229848786008 -7.316953861603943 -5.009728720636154 -4.939462098433561 -4.451609525778715 -3.4004472764998974 -0.17959689041707466 0.061267046234626074 0.4798599828799312 1.017509359898779 1.1725509058554078 1.7815848442645774 1.9376717743622525 1.9949107273151683 2.45705655108217 3.1090991279757145 3.187642572317335 3.7368653244112964 4.353831602056437 4.425779694401584 6.996195663463527 6.997646873801324 7.01866051778267 7.9643086031712675 8.320518107257662 8.397016069666897 9.76655692319466 10.251940418339919 10.759356730450515 12.157905182368795 12.62718762335389 12.659848580599636 13.056010535027127 13.101028173263325 13.273569421429755 15.121731516687465 15.42403094788184 15.667694784633369 17.250703990681583 17.31588585576177 17.795192701236672 17.81708326351238 18.190763856070316 18.78699955981967 18.82303355162494 19.26579034271496 19.394568254036844 20.027591271960993 20.281524134338756 20.403027130444023 20.682918658967374 20.97049648543315 21.23056198352771 21.244112983176837 23.427738818137254 23.72462916669231 24.13230252924929 
0.40625 0.40625 0.40625 -12.740070681480974 -8.907439787744114 -8.15303275716404 -8.141510919875 -7.5128999732122 -5.065536897485153 -5.013768502674437 -4.735928742380341 -3.2904595853423344 0.17248332847447306 0.3746785286995945 0.6270002556430944 1.2400980696849533 1.3774491185514839 1.837686810562346 1.8875640963031748 1.939279430118525 2.543822955076046 2.9674824945591745 3.028393705013734 3.6690294450119736 4.157803073090566 4.168794954401525 6.71367871131854 6.819150970070052 6.822433631908004 7.996056216547588 8.260133835124389 8.312771003874674 10.012041874709377 10.397505102742388 10.795340952648372 12.413821324462274 12.857725409412069 12.875587378770096 13.057895368560139 13.104006185342842 13.248783079152258 15.245909468246252 15.560707002004731 15.74236698224187 17.209650588098633 17.225027185929093 17.710882665363638 17.724560015631024 18.058909115718247 18.609031752489656 18.69712347932316 19.125722364935324 19.187606836227545 19.971125945303402 20.223522369230864 20.33231194449621 20.5149862321108 20.747046715492647 21.103917816046348 21.11033581443208 23.481438947575224 23.667742481595063 24.002688879963205 
0.4375 0.4375 0.4375 -12.734175766429475 -8.66666219998046 -8.181427875990387 -8.173627933609419 -7.720711283301056 -5.109098354412318 -5.075052393871411 -4.953068663297675 -3.2054152273451346 0.5105395964253013 0.6615400913044406 0.7710697629895703 1.4537642799846453 1.5600669694253226 1.8323188930036534 1.8403176716644096 1.878849025813246 2.584302380714583 2.8109094939370443 2.841867026673005 3.685443029417288 3.9370833965419414 3.9852406548034263 6.438501210157465 6.691990242752872 6.693881042141855 8.036974501476159 8.19489469048543 8.239745139698126 10.235048286847762 10.503682933168887 10.779264008756044 12.696517893564595 13.005410783689463 13.026281115674735 13.065360219583608 13.176411215429098 13.244390357437238 15.406659884444608 15.645795939674821 15.787113835299985 17.129931916443095 17.21145214715545 17.56124636365856 17.63367860675032 18.001100263166865 18.388796813723857 18.551522502711013 19.071989059321254 19.080716843573292 19.952520145830604 20.199324596508404 20.215041920566172 20.484144423708457 20.53565961363369 20.92350601999449 20.98810161564164 23.578014791249245 23.64052960384322 23.88433277400846 
0.46875 0.46875 0.46875 -12.730654828095952 -8.421257020337146 -8.197261738351138 -8.193314520008856 -7.941785551164641 -5.134285872271969 -5.117373503173625 -5.090524561665781 -3.151911194985609 0.7902886779790098 0.8744846378942602 0.886588712303465 1.6352553225967337 1.6802536773083643 1.7772003226304063 1.8067233100636921 1.824679403728403 2.5997051733694305 2.6700679326404275 2.6733269890481535 3.740056262910397 3.800591221232936 3.838818704674628 6.2409257250312535 6.61627797852781 6.616580595945599 8.082365605841236 8.146619124175617 8.179505554064665 10.429106311048534 10.567696683230004 10.708497557869944 12.920021282945196 13.049459697241767 13.071625964392119 13.084755302050633 13.280353392961318 13.288098949856296 15.573680301021055 15.69423821656434 15.782415216393508 17.114744612392823 17.2025928012454 17.36718867077781 17.555408551137408 18.039809746969265 18.223376734454796 18.34983028191692 19.078439155993614 19.07855889359897 19.98393186189466 20.103007473529328 20.18513349509404 20.428248123642938 20.507294769524698 20.712558028895124 20.893672280797098 23.652475078211232 23.666984022452468 23.782681683186194 
0.5 0.5 0.5 -12.728834316280272 -8.200719343731382 -8.200719343731366 -8.20071934373136 -8.151988572420098 -5.136736603840094 -5.136736603840052 -5.136736603840029 -3.1335620943551565 0.9341555965071953 0.9341555965072065 0.9341555965072287 1.7108693697475044 1.71086936974755 1.785806446589345 1.785806446589398 1.7858064465893995 2.605190214269566 2.605190214269572 2.605190214269583 3.7711084674690096 3.7711084674690323 3.7711084674690443 6.168785251216143 6.5929503618833305 6.592950361883336 8.130786691377896 8.13078669137792 8.130786691377931 10.592352939652253 10.592352939652264 10.59235293965228 13.006732738585757 13.077786871732169 13.07778687173218 13.0777868717322 13.322908325000547 13.322908325000562 15.710462679804948 15.71046267980495 15.710462679804971 17.2028223063078 17.20282230630781 17.202822306307862 17.52526863787646 18.166635370990825 18.166635370990857 18.16663537099088 19.09370734399637 19.093707343996382 20.075133229472797 20.075133229472822 20.075133229472865 20.526241447648175 20.526241447648214 20.526241447648246 20.858283634460054 23.706653949482188 23.70665394948407 23.706653949484792 
0.4642857142857143 0.5 0.4642857142857143 -12.730280498679962 -8.401377242442587 -8.20863763034938 -8.189387816931033 -7.953862570086655 -5.136429025860882 -5.111139317146969 -5.1029094127968575 -3.149529137357363 0.8070829707540401 0.8853442235901844 0.8888625274563584 1.6539657989788976 1.6840556484408533 1.766071703933034 1.8024274547580046 1.828955174554663 2.6007127803345482 2.6572662966958407 2.6704257343382785 3.7575838514447852 3.7790136523993385 3.8356460833978736 6.232245742388436 6.608555810635143 6.6190251186591755 8.085724717563622 8.144447452789779 8.17742958018266 10.440902221336689 10.573752403132566 10.70207752320948 12.935409379026302 13.045965608361868 13.068284097006925 13.092672077090445 13.274816007143377 13.304117261529333 15.58605183887495 15.691451653066093 15.78330339241449 17.111367637453277 17.21451814510292 17.352480963063183 17.552815047781056 18.047691558092293 18.21283329031041 18.339890586875576 19.06042701863341 19.10099396866476 19.984987759221045 20.1023321810656 20.184534595926134 20.424276243116555 20.515443467032714 20.696996533605752 20.890879426576383 23.650097071895786 23.682163732046615 23.774439052882006 
0.4285714285714286 0.5 0.4285714285714286 -12.733419887214247 -8.621644551424062 -8.229597815967942 -8.154896978937893 -7.738225507460401 -5.127182544357028 -5.041385538757879 -5.002886833174611 -3.196418974455641 0.5482027249856976 0.7102152691514632 0.7708596381557581 1.4894910955301368 1.6073039344419122 1.7309904705592136 1.8594773638771813 1.9218000325421767 2.5876720088630107 2.7832155196174044 2.8234260894320653 3.7360962131313915 3.83107356636522 3.997786441571596 6.408945698245211 6.659915512137737 6.699547988176612 8.043312025660198 8.180022613401965 8.238921870111158 10.259172084665414 10.524171864337495 10.77041583284135 12.761090364586767 12.96539380941331 13.003941987536177 13.113599063245415 13.176420680146578 13.270436333133384 15.42786166440325 15.637670224942795 15.803187966708307 17.090169748037184 17.25085648745804 17.53608494475351 17.63058355766184 18.005554730740084 18.33741319007292 18.55014096443156 18.994206578227253 19.14858854424053 19.93953090345874 20.14590540374747 20.289729466006836 20.45632649949098 20.52138332553845 20.883502074928842 20.98195314561523 23.61378763155024 23.625238473202607 23.863952235357537 
0.39285714285714285 0.5 0.39285714285714285 -12.737902206676713 -8.835295503037807 -8.25820408580444 -8.097442138301618 -7.530910378188036 -5.113015556262258 -4.928592947716613 -4.844085844719556 -3.2709871253550924 0.22070104914505373 0.4716269785493203 0.631607536810149 1.273345566048712 1.4848644756812388 1.6539215451730516 1.8939851028334955 2.083382760169895 2.5656253703734033 2.9282892570255585 2.996670634299402 3.7354457528206204 3.9217044158043173 4.233774446788548 6.663194220537685 6.748225808508049 6.834512383036812 8.00793376759668 8.224859100330375 8.320571711795207 10.049393712868092 10.450499825968109 10.791421764803777 12.537455733888784 12.814248582655516 12.846441098087944 13.055406033650833 13.152338550408114 13.286002010713132 15.251831224008294 15.55822888784364 15.786741709733565 17.111843706454813 17.300528263724622 17.685991345129853 17.771165455402947 18.044756533126613 18.488105816091938 18.776749807453914 18.949064587328074 19.280235723707808 19.938133159655308 20.177126906042105 20.424859155997346 20.481416472931944 20.67623974072725 21.013054873634893 21.131970480723858 23.557315476677314 23.609873320462444 23.975674550106458 
0.35714285714285715 0.5 0.35714285714285715 -12.744596676618572 -9.039563802540316 -8.288881180065921 -8.0177367658214 -7.335599514274744 -5.098304392292188 -4.779945737469127 -4.63779410967554 -3.3716606566354157 -0.13452600996393685 0.21888606502242916 0.4818033279213965 1.0201814688983368 1.338518492245971 1.5379239537724314 1.9091162213818536 2.2504207091583717 2.5392516437695187 3.04222390107653 3.1623283340699246 3.7754573585615057 4.040162392108379 4.500672922972844 6.858295251090496 6.957967622922673 7.012030404316886 7.9839311308815235 8.266026091616816 8.406915599828384 9.810431091325448 10.358323704675632 10.768094514372148 12.310654757394936 12.564261185188634 12.706586381663145 12.89135149593712 13.19704017478743 13.33423825479772 15.059959574491367 15.447163493731937 15.745367437500382 17.140894576467595 17.353122474590542 17.78307585084533 17.958657009600795 18.13477330395814 18.61534328027064 18.9419316183971 19.014308929151785 19.497918877633285 19.964319109605633 20.240916009070077 20.49370748712246 20.601429553310428 20.90296913667309 21.054122754204958 21.30361371555467 23.51100707646134 23.63333588787575 24.0995720116243 
0.32142857142857145 0.5 0.32142857142857145 -12.75351706013851 -9.230745969510359 -8.314796825137671 -7.915700622997524 -7.153285426048978 -5.08734320195925 -4.601885066864402 -4.392079939714431 -3.4913011461855596 -0.48561338496106204 -0.019036954899623797 0.326207739748434 0.7620777666758807 1.1892441384121297 1.390063251744797 1.9122484186286 2.331123507868758 2.5769013855704888 3.1062853233336205 3.3316029206523208 3.854936401383561 4.1787864732772055 4.77001469188618 6.99765255996682 7.209683028703675 7.247511245637316 7.98704643749171 8.300356770666601 8.472482486849021 9.563912945283137 10.259963457264929 10.725940338273121 12.118149040677313 12.307379376618265 12.577618472615251 12.697529982671616 13.247424490293069 13.39240881924311 14.863656000590595 15.3098034752276 15.6841041397244 17.16424560610733 17.417956223697303 17.876878929864674 18.111699754688523 18.280072256633453 18.727607190142894 19.019711133933775 19.216945339028648 19.75344361206905 20.008817887225725 20.35838799318021 20.541872622268848 20.795664200902518 21.015303496766947 21.163710847186582 21.465753580188583 23.508870418031393 23.6888635084458 24.234440758012504 
0.2857142857142857 0.5 0.2857142857142857 -12.764170894451233 -9.406772909497969 -8.331901527598934 -7.7925860381526295 -6.985859679437983 -5.087827169124159 -4.407966735928992 -4.122023928892438 -3.6221647086142497 -0.8136678191266397 -0.23520936963503464 0.15281832617578125 0.5388416001586219 1.042367882286956 1.2165418998228283 1.9029327824189732 2.2836035110071125 2.6852688201752533 3.165534134220214 3.5038052851332235 3.9476530799904523 4.32145885347408 5.012602827658359 7.152463181235002 7.399762541672343 7.483221877644978 8.03047808600258 8.318527840072825 8.48714573183221 9.353947825037052 10.162450628412866 10.705369375284583 11.938172413036572 12.10771349363322 12.441828129149796 12.522430137371849 13.278575592367448 13.463586960155235 14.666274030722303 15.149669723417368 15.598654540496636 17.174478862283475 17.50070965701315 17.96220464194501 18.217986043286686 18.47396862907133 18.851600025908915 19.13020134974479 19.392670372088254 19.981981982273247 20.079617197484126 20.52536242725137 20.583387200177487 20.925073332620332 21.019820485979217 21.405618913388217 21.639858645726086 23.5461128388057 23.746310291900187 24.382900550721544 
0.25 0.5 0.25 -12.776085797950794 -9.565750790276413 -8.337597687783877 -7.648963174974152 -6.83427718831968 -5.107321502753273 -4.2099181006878075 -3.8697317179236177 -3.726541411649258 -1.1064876677091096 -0.44036150031098625 -0.031095952932556715 0.38655140317252046 0.8992823482788379 1.0309769101273218 1.8764652770913908 2.198286524185005 2.7349314040743877 3.2823468766624515 3.675187699513724 4.0341322655347955 4.448532284886676 5.209953210427059 7.309387165461062 7.541837843611892 7.6169065087616215 8.103427311071718 8.293569953783804 8.482158991914046 9.238907087025957 10.080306988165365 10.737859030950586 11.71911895687626 12.007505553246103 12.28327224233488 12.431504023047923 13.276343724115916 13.559752261619646 14.477912643708073 14.96444088488762 15.489081955786487 17.16900249443367 17.60163429115208 18.025070390560003 18.3319607613741 18.664716224388506 18.995422056374142 19.251680198213773 19.52835913228043 20.090382018045542 20.246413316273923 20.56068045724891 20.729555092744704 20.838453639453522 21.264591107160523 21.59552753570337 21.863592465513964 23.601470214562724 23.770536990782237 24.561132352663552 
0.2142857142857143 0.5 0.2142857142857143 -12.788166458071387 -9.705938657767252 -8.330539716827504 -7.4856474369876755 -6.699799704676671 -5.154003863231397 -4.023411254649752 -3.91495899474806 -3.521407758627909 -1.345331318062144 -0.6613412708576085 -0.16290668036594202 0.3054485913307874 0.7409153650158007 0.8683138879892585 1.8297629363756218 2.108138795686016 2.704960664558134 3.464378417183892 3.8382574358090693 4.119277099896437 4.546371251151963 5.350044846875172 7.43278731447255 7.632191626084215 7.64189006909346 8.063960906078195 8.29470037279643 8.572319077823359 9.232319752046468 10.03318641673861 10.832121218931842 11.508687692273707 11.878480347863826 12.259350358901893 12.382528854682985 13.24837424938157 13.689504068544958 14.306746299938947 14.767009489973828 15.358978135442072 17.151763819578864 17.715060600681525 18.06567770238708 18.475365255209173 18.829140166134927 19.145076824722523 19.375670470404017 19.634390015841735 20.16387158479722 20.39696527487822 20.477249480397763 20.809422710666578 20.959730125559105 21.517581791598495 21.754003617849108 22.11992710789268 23.63427456176122 23.754972807872264 24.774420471175265 
0.1785714285714286 0.5 0.1785714285714286 -12.800674995604416 -9.826315516592304 -8.313271234443251 -7.305108353112496 -6.586679442828704 -5.236788216936328 -4.041101502106579 -3.8491501879034753 -3.2489692145677527 -1.526792336157621 -0.9094212683309423 -0.20350044128418465 0.2750293183479204 0.5467916487168534 0.7548670264333205 1.756256208224828 2.015225927261959 2.6254772226181364 3.6679665746700945 3.9682420107652474 4.217938090368503 4.5955668423278215 5.424652043335623 7.405646082557264 7.610188030412959 7.733667157947311 7.948215169287374 8.359790902135344 8.721003073364662 9.279636643911966 10.014428149164416 10.966158689399828 11.329337253466536 11.705617153499396 12.352020754741337 12.373123851973594 13.204809800446451 13.836511562140624 14.14772219503529 14.568402038252357 15.207138575526232 17.11202961102441 17.827687858119067 18.08608227073432 18.635905781512 18.947000995586897 19.24976206038839 19.49126479379243 19.73891351817002 20.213440814247562 20.28112045947006 20.601642637478324 20.80954242787194 21.19336582918001 21.74524209016406 21.913871474171984 22.370298275614967 23.59227044771869 23.721741529928792 25.006231667615644 
0.1428571428571429 0.5 0.1428571428571429 -12.812144891599825 -9.925910475951405 -8.287784098227334 -7.10872736685191 -6.496342449967304 -5.357423881866634 -4.137975721938045 -3.71510402066332 -2.9983122189087883 -1.6448063899225984 -1.1549410779475018 -0.15615808704053286 0.26575507162602585 0.37007277280290457 0.6825696746778012 1.6552703249389324 1.9203988988846836 2.525840719265189 3.8658940866980376 4.04340062411076 4.347563222176458 4.606237488492672 5.44245598836139 7.2600803241266 7.522107464447562 7.838403306044083 7.944554247835327 8.420567986167844 8.872143136558172 9.343210933359444 10.011002740303242 11.082391157778265 11.219129253227052 11.566236561298286 12.350450225840133 12.5376058530436 13.163904270227569 13.981715373711097 14.020611736945469 14.390764270152566 15.052404833522411 17.060081359983158 17.938011390002277 18.099339287176257 18.80322774657713 18.992953515756867 19.30147091371132 19.60260015352888 19.844010715434102 20.08823029192288 20.319430909935917 20.722532114530907 20.83948009931462 21.415880690866516 21.914420700903882 22.110715167007026 22.6084225296568 23.500671556185207 23.666837926136647 25.26469901035172 
0.10714285714285715 0.5 0.10714285714285715 -12.821922453097935 -10.004007756683722 -8.258834891625131 -6.900848006571639 -6.43080115610493 -5.5132515931893655 -4.209824467594018 -3.61462447046267 -2.787013223744271 -1.7104518464536904 -1.3726310882201718 -0.05076551164897837 0.14259066855855432 0.35901798314587313 0.6530878816952624 1.5218020783299946 1.823698736646766 2.425028647458273 4.0135681701245 4.0947488389689255 4.46823865656436 4.6180528218266375 5.416110895503043 7.093124122775757 7.41211230330611 7.891752077729021 8.04716737792217 8.483660617761073 8.985317633382088 9.39537099078834 10.015059748378391 10.991018579215586 11.319936427598522 11.491827609232999 12.363490528543466 12.713889429696726 13.140895134633164 13.883843451847472 14.127844046993726 14.252349016194202 14.920020927435015 17.0002157117678 18.039575316924903 18.11427881014867 18.913015836873452 18.985617223595238 19.33293246179984 19.70091840009631 19.87625328385847 20.0138135423331 20.384883603929293 20.778007384248248 20.930511058713453 21.609538132788487 22.044936840976785 22.31765836255563 22.828346573859548 23.41914837629894 23.5780477331616 25.352158589438776 
0.07142857142857145 0.5 0.07142857142857145 -12.829492173651106 -10.06010777029217 -8.232249266777627 -6.688516271338304 -6.386965811886177 -5.6963789864559535 -4.254882427487179 -3.5473125095105944 -2.627867161773964 -1.7438790686942491 -1.538583625286565 -0.042473980118784 0.1329326727253472 0.40861303322345677 0.6745180400212049 1.3538850362807784 1.7336326561230593 2.336222380911476 4.030309899058522 4.1979224960517705 4.516713196582678 4.703867919976738 5.3622845711249 6.94680025221233 7.3211902094087655 7.9191701889339585 8.171882068070051 8.54105972230184 9.044498901016022 9.430442484838863 10.033385983187896 10.866593913632622 11.378008194327666 11.532283435734621 12.382376193300267 12.852671755249157 13.15381644647295 13.785888244121576 14.139654468966636 14.210098622700466 14.853607071676972 16.944913634955874 18.08236734009205 18.183161989276748 18.799907791877228 19.10398291070266 19.339831040966505 19.77363756053699 19.849281696848678 20.021172487999124 20.43869984010636 20.791285162738294 21.04066983512929 21.761470826957495 22.16430261826837 22.487641040441876 22.96511877025287 23.419861062985042 23.510414365154865 25.12395836105515 
0.035714285714285754 0.5 0.035714285714285754 -12.834242942385316 -10.093977785151012 -8.21370184935553 -6.497059613712057 -6.351821493300976 -5.885856192199468 -4.2777488259249035 -3.5094199892264353 -2.527829329754291 -1.7745628351195284 -1.627407390473776 -0.13556463741415478 0.2347324425843406 0.4929752700931742 0.7147763765469202 1.1805440897691681 1.6642387693558034 2.272688300040254 4.00905001610843 4.261927408429381 4.551351143256906 4.797421607855266 5.306226470538709 6.8463125645284295 7.260868192412755 7.9359436655608215 8.275263104216604 8.574546493639764 9.057813099378478 9.450387354465033 10.060400136844446 10.772802922174943 11.369982219503756 11.618467778423524 12.396937954302372 12.920715409523261 13.206430359443265 13.713933519163389 14.091342024731079 14.200430074755278 14.853419462194845 16.90479930543982 18.07776771353619 18.295288952164444 18.653181024858515 19.190767967732473 19.322574813928764 19.806647139160727 19.859908885650626 20.021279814511537 20.47067394951952 20.790651591875733 21.120674867433756 21.859771665929166 22.265302840655213 22.60157142949698 22.96663055477311 23.360539673261684 23.825591585223993 24.898551955244773 
0.0 0.5 0.0 -12.836176900353571 -10.105420945460567 -8.207289566755405 -6.420638197515792 -6.304804311469564 -5.999022106962346 -4.284811781640555 -3.497748734410973 -2.4937854851888344 -1.7946431977839215 -1.6487013578235257 -0.17227107289135718 0.2632521513465125 0.573500349482097 0.7158284334126601 1.094662327744863 1.635627164577387 2.247666729106606 3.997192067608013 4.277517348518977 4.569683684206836 4.832915126653116 5.279417975480347 6.809668084677254 7.238224259731825 7.940169316912553 8.317273155678798 8.581657516182162 9.05358955716113 9.456503268724482 10.073437251096621 10.736518609280413 11.363620150933658 11.6498811934434 12.400758153621437 12.9338456246941 13.239622852232984 13.68342876291937 14.072902267529381 14.186517807241316 14.861958876836965 16.88975726500736 18.07180723069327 18.367948057528682 18.56333334610023 19.219649144647928 19.308623517616983 19.81686549699514 19.865605340519068 20.016288563320828 20.48135005516332 20.786656949624273 21.14490187177835 21.89276598239191 22.307510696426114 22.642473094142645 22.947114049750823 23.324478500662085 24.524445689563258 25.452008572922637 
