 5.10421524  5.10421524  5.10421524 90.         90.         90.        
C  0.         2.55210762 2.55210762
C  2.55210762 0.         2.55210762
C  2.55210762 2.55210762 0.        
C  2.55210762 1.11096783 0.63684531
C  2.55210762 3.9932474  0.63684531
C  2.55210762 1.11096783 4.46736992
C  2.55210762 3.9932474  4.46736992
C  0.63684531 2.55210762 1.11096783
C  0.63684531 2.55210762 3.9932474 
C  4.46736992 2.55210762 1.11096783
C  4.46736992 2.55210762 3.9932474 
C  1.11096783 0.63684531 2.55210762
C  3.9932474  0.63684531 2.55210762
C  1.11096783 4.46736992 2.55210762
C  3.9932474  4.46736992 2.55210762
-87.59235574
60 bands 
kx ky kz  bandenergy1 bandenergy2 bandenergy3 bandenergy4 bandenergy5 bandenergy6 bandenergy7 bandenergy8 bandenergy9 bandenergy10 bandenergy11 bandenergy12 bandenergy13 bandenergy14 bandenergy15 bandenergy16 bandenergy17 bandenergy18 bandenergy19 bandenergy20 bandenergy21 bandenergy22 bandenergy23 bandenergy24 bandenergy25 bandenergy26 bandenergy27 bandenergy28 bandenergy29 bandenergy30 bandenergy31 bandenergy32 bandenergy33 bandenergy34 bandenergy35 bandenergy36 bandenergy37 bandenergy38 bandenergy39 bandenergy40 bandenergy41 bandenergy42 bandenergy43 bandenergy44 bandenergy45 bandenergy46 bandenergy47 bandenergy48 bandenergy49 bandenergy50 bandenergy51 bandenergy52 bandenergy53 bandenergy54 bandenergy55 bandenergy56 bandenergy57 bandenergy58 bandenergy59 bandenergy60
0.0 0.0 0.0 -14.064627929166251 -12.77700026542735 -12.777000265427327 -10.886402702979256 -10.886402702979247 -10.886402702979227 -5.343097783998391 -5.3430977839983225 -4.224744508386521 -4.0421623479662285 -4.042162347966171 -4.042162347966146 -0.5397198625527478 -0.5397198625527366 -0.539719862552736 0.3757654086956537 0.37576540869568487 0.3757654086957435 0.6193396599961879 1.9996178700423564 1.9996178700423852 1.9996178700423939 3.5909524159256296 3.590952415925811 3.5909524159258117 4.125412556544661 4.125412556544672 4.125412556544684 4.774442364144017 4.7744423641440195 6.658759213240243 6.658759213240248 6.658759213240265 7.031270705778559 8.585352620652168 8.652225315965504 8.652225315965504 8.652225315965506 10.437693008881855 10.437693008978172 10.437693008978185 11.063964073668945 11.063964073668945 12.431688890592596 13.031756955957981 13.031756996915929 13.031756996916009 13.515048188783256 13.515048188783293 14.508316742133063 14.508316742133063 14.508316742133191 15.99328210718794 19.167239225725503 19.167239225726075 19.167239225726686 19.822434392770834 19.822434392771388 19.82243439277277 22.384426803434128 
0.0 0.0625 0.0 -14.054349516281121 -12.790775973163544 -12.770197405686542 -10.90411109044345 -10.885623173393217 -10.885271733574902 -5.344624581973628 -5.3193796995306855 -4.276887489828696 -4.049761692654923 -4.0272670955707275 -3.9342552523954932 -0.7274552330326286 -0.6042893666070341 -0.5548510872394615 0.3891925816689821 0.4267725984482423 0.5874323105212471 0.6596368609111086 1.933413752518352 2.000574653606223 2.001320219167592 3.4600489838511086 3.489964698326184 3.5365667738569995 4.1132969724452275 4.243169363912887 4.254704546947356 4.759317492295484 4.789354138283779 6.604156756622709 6.6510007913451314 6.654046740179246 7.10891567681253 8.502256806756497 8.616115807883101 8.669917188416195 8.7853346657914 10.40953477145191 10.445925875033694 10.480108664941374 11.046195254840194 11.117118689607002 12.470220643905224 12.84165352546286 12.9139141238699 13.013614450049538 13.492728253105666 13.61039440866566 14.480541995256607 14.52089911587402 14.75550664411543 16.048383487632844 19.12665785210666 19.145160300056418 19.194610080125447 19.697612841732674 19.82243158326495 19.830249625521343 22.32488862150914 
0.0 0.125 0.0 -14.02375351306312 -12.832378038990516 -12.750799201299603 -10.957683489148325 -10.88421599359083 -10.882638664036687 -5.351790298948702 -5.263529524180793 -4.298522584221968 -4.07137359936357 -3.9848216002202395 -3.738767790586423 -1.0831464625198424 -0.7662980231312576 -0.5849547542695638 0.4276508139306578 0.5594446144283008 0.6934312479704945 1.0085023467516532 1.7975623803256993 1.9949829024274626 2.0099684649275753 3.229889587968397 3.305574328088193 3.385704281163642 4.079467550757618 4.476115280301828 4.479033964528395 4.708604996385759 4.8135180799912325 6.4544071880159235 6.617498323486372 6.641018210689911 7.3241771486383165 8.444357700239289 8.505230857637459 8.719546858106444 8.976292334717076 10.330778551673914 10.46078028696323 10.58951344448169 10.992528948905345 11.2735756174561 12.472431798520962 12.584783280866048 12.672546437233795 12.965773917488088 13.408820928496432 13.783549264789048 14.405114500689814 14.55316005353464 15.280863000470472 16.185915187172444 19.007408089798187 19.076995347854588 19.271003985835037 19.359822875349895 19.820608919857012 19.851211226307342 22.18190336365494 
0.0 0.1875 0.0 -13.973617310693472 -12.898755741369465 -12.720038031774502 -11.036577436879575 -10.881959744612997 -10.878702654529521 -5.362974822710759 -5.214970873574023 -4.20469089294744 -4.104003071166368 -3.9141620795367915 -3.5143282266734244 -1.4571187725278314 -0.9676165362101656 -0.6113048211208479 0.48921735319239323 0.5364238666165366 0.737290545483153 1.4765283901637505 1.781035841066687 1.9855844731850059 2.027076294370692 3.0189809878713825 3.127233758862492 3.1782879923652496 4.028518712710872 4.624760727773205 4.673354620139277 4.734907083188302 4.813294578826375 6.254374705394604 6.560092140970054 6.627878320272794 7.642284382995912 8.323832345276932 8.435109899706545 8.800690738974193 9.18429288222353 10.225195389581206 10.47877893572531 10.736475435183545 10.908524925625759 11.525580069265052 12.107296060012663 12.393407131771314 12.771701046712147 12.88961042648179 13.29069057481998 13.956765237989044 14.31759769806488 14.605863442359142 15.888378346157982 16.35039010448687 18.815610968442652 18.851955251769976 19.01741658703661 19.394878121550768 19.827127567828736 19.889008791157483 22.019883886161693 
0.0 0.25 0.0 -13.905613786503128 -12.986807063870689 -12.681569923961648 -11.129967749918412 -10.87997878399139 -10.874731630596433 -5.379247468550244 -5.1960400091373655 -4.141930420791953 -3.977541852069546 -3.817188677947987 -3.2792092385349263 -1.8146211244716355 -1.1762528904253158 -0.6244957683837026 0.1464588620189574 0.5693178028284467 0.9174347117653076 1.8684691542769456 1.9378782273592572 1.97481392450317 2.1246111104287766 2.8707382599743134 2.9452251740544715 2.9865565041708892 3.968471202395529 4.502636238701463 4.770844492405694 4.778127648352644 4.984235008226495 6.064239436894115 6.467785802782769 6.613422256296473 8.027774007345315 8.080376288097117 8.46057208652976 8.906625468467444 9.394267552988142 10.121594409811319 10.485351442158706 10.794820134564935 10.896750267087091 11.79568472483528 11.843808981440608 12.101747035948105 12.793394431684028 13.025973444791434 13.147836068499547 14.104796603590506 14.24691320514115 14.662795614945612 16.482340059916957 16.49999412482743 18.32043428213388 18.575740610487777 18.924825741150308 19.55253643649584 19.842223868483718 19.930189646493332 21.867651615545977 
0.0 0.3125 0.0 -13.82156967976831 -13.090419981196579 -12.639079074568853 -11.224493628062158 -10.877989614304928 -10.871206951655253 -5.397808962056227 -5.196888459027485 -4.179244125428881 -3.695004238520823 -3.6421128368994666 -3.0455492999253697 -2.1441575092352276 -1.3743234809651217 -0.622070267202944 -0.35981067843688935 0.6606639940321308 1.0573816577429975 1.9646008693996833 1.9716138983692122 2.16872708146265 2.4464053909020245 2.716456065679031 2.8121574122882254 2.9459985976561147 3.9106832564187237 4.351341786177334 4.724803327609126 4.725255597532354 5.193167621480633 5.9524074772918505 6.336069748250905 6.600544354555347 7.819644775255148 8.450646021650792 8.502867617373312 9.02653862574679 9.597497455575596 10.03819949215927 10.453429578977971 10.65825641067921 11.046590548800834 11.550211917614998 11.82586402813864 12.181446147034613 12.691216120098183 12.996645375220565 13.341393224446174 14.206417934422095 14.22280041609396 14.720660123635518 16.53847822373284 17.06411254021117 17.75285338833308 18.327858391617706 18.887964409222374 19.730484865680943 19.864745341131577 19.97428202789042 21.73671365339136 
0.0 0.375 0.0 -13.725995544415307 -13.202970006772864 -12.59898081102397 -11.306155068038246 -10.876112388348863 -10.869006509050013 -5.415054464475195 -5.204300862359606 -4.2092739355718045 -3.55351369632711 -3.245240363545118 -2.81950504825451 -2.4346891276940883 -1.5551590262874515 -0.9072601669315549 -0.6094646980296502 0.7516299083815264 1.1287360035749214 1.981767417347827 1.986527818243591 2.4008307555686543 2.5206702548513733 2.572497516954751 2.847007092741526 3.1779170148191866 3.8677083442131526 4.182984681689989 4.5553967094723555 4.669050649953751 5.322457731361106 5.927554379715558 6.185155408196018 6.593176682470787 7.59591487477598 8.547048055389633 8.889821814213393 9.13820063952516 9.790631351625695 9.98126147271501 10.342441297008858 10.504199894017408 11.167922827537964 11.371947873593008 11.604998663962524 12.471447939131574 12.598530300852508 12.863904768201998 13.684731444309204 14.211484618093998 14.31299638829697 14.771310910502287 16.51785565553521 17.20999524171639 17.533536425235848 18.110871869753936 18.902620912955914 19.8895862384354 19.90191743893009 20.007697601900627 21.635275258596348 
0.0 0.4375 0.0 -13.627367337384609 -13.312877578043986 -12.569764497363716 -11.361822050263084 -10.874616377077873 -10.866572043533525 -5.427028059703357 -5.20925470010707 -4.230171037766718 -3.41112776613179 -2.891280252455113 -2.6668434221692334 -2.5548141576551937 -1.7310777933040273 -1.4091407846701425 -0.5961910160581788 0.8231717118432852 1.1487587243467112 1.9875382114339795 2.0044284660770257 2.38553020938238 2.55802402161773 2.5810519792361237 2.9373330178591663 3.501105319823972 3.858870780983229 4.024165491854957 4.367185010028755 4.62994679240045 5.331986685092881 5.938776090294738 6.085213603587977 6.590938859437781 7.449849783475366 8.577319418988061 9.22017744396161 9.313913187184689 9.948671205520311 9.978198907927537 10.121389722316415 10.33858312888801 11.250844581204335 11.26502907842255 11.479905569084034 12.529010634652467 12.663547145178226 12.777318880300962 13.952823427162658 14.285493595256423 14.366519786541922 14.808444393452842 16.460805326566106 16.76650780959643 17.856932601391744 17.965394359010688 18.940404834474528 19.91113929229448 19.984655204599928 20.039541973055112 21.571657632717635 
0.0 0.5 0.0 -13.569373332052427 -13.375445132638447 -12.559182618111915 -11.382258808640193 -10.87423347080165 -10.86653569426073 -5.431761271692494 -5.211621853602438 -4.238221879550776 -3.3380319675306285 -2.7711703254474447 -2.770594173456135 -2.2507708380549714 -1.9783048817585807 -1.6104901744116322 -0.5909445936221243 0.8503935067460165 1.1491297963979537 1.9886180340436574 2.00941916722692 2.335430706868328 2.546023953634071 2.650007363024127 2.9880729802109713 3.643013123557605 3.9066319433312073 3.9072978451144986 4.281571719117761 4.615541992030731 5.298638449572711 5.946124087566144 6.058900412066904 6.588185551549711 7.398883584229793 8.587199442747425 9.249149821272184 9.594174208316222 9.90521106081267 9.936243831214394 10.139962046798583 10.182768037647952 11.227433682662216 11.2758791792513 11.44112064825928 12.502067779050565 12.727355260068293 12.743852766184107 14.03165627808666 14.362988375460988 14.383472107542625 14.820281462045438 16.432954970985527 16.578838972312397 17.913075916035442 17.9706272534739 18.95881800139944 19.918301141159294 19.980853002129603 20.056984470120376 21.54861992546344 
0.0625 0.5 0.0 -13.561577981221076 -13.366222210759677 -12.56924943927452 -11.38243450972047 -10.89176537130232 -10.873649013791946 -5.378240085476102 -5.229447169164134 -4.207907216721246 -3.3307622432428814 -2.78874979774384 -2.7840763933101726 -2.252200334786107 -1.984252702109307 -1.6136552688669568 -0.5440626962004863 0.900701052100155 1.1469657993549105 1.9204742147131642 1.9893280052995217 2.0480935270013463 2.3492621723890075 2.8400776526517295 3.306326209662223 3.6547091955641373 3.841723820656195 3.8986207529444106 4.290742877268633 4.706153273051837 5.297182891866111 5.92829910830069 5.9917552282039 6.587059352591214 7.350762205708364 8.592990694734903 9.225121918526554 9.641616735444705 9.903846313284793 9.954456302864159 10.140192967785849 10.275531208079178 11.234734499571696 11.25585833569704 11.49274756856814 12.313061811512519 12.716711039570132 12.768017730583674 14.054219202296192 14.356518925387252 14.366654420303579 14.91140211178326 16.539189289440035 16.57971481835089 17.88060753902745 17.980453471983253 18.961931293263817 19.819203480571456 19.956557923391124 20.058774645803364 21.46533087263977 
0.125 0.5 0.0 -13.538873688831432 -13.34029411739541 -12.599209787012082 -11.384069655784815 -10.965101217564836 -10.872961759162154 -5.273307718711101 -5.222634638488795 -4.137096115691515 -3.310111662150401 -2.83886953443429 -2.8104285187699 -2.2641328097123665 -1.9975164200955728 -1.6265143317198636 -0.41908812328351286 1.0461637543214268 1.112176513895896 1.693518342140708 1.7073344811354338 1.952556375462045 1.9903545673007763 3.210506925298974 3.6563610341350383 3.6877792853284856 3.755151671977504 3.869522914065007 4.3803198231900575 4.877057739429137 5.281267662771316 5.8078448367764715 5.882169134529707 6.582889622596667 7.222216882342557 8.607101188474463 9.155278136456962 9.750988478309976 9.885603242686349 10.014986818162473 10.126447852107988 10.537197327385316 11.193347303509665 11.300504742401616 11.60671473488406 11.92619091912522 12.6339169007209 12.788576303885753 14.111960202890566 14.278430763927211 14.363832198357356 15.14535970140345 16.576272968780906 16.83234884921328 17.80409364589512 18.00381817857202 18.961656993005494 19.537641678821583 19.879256162317187 20.055501802367477 21.263880778563824 
0.1875 0.5 0.0 -13.501744291515244 -13.299078143506007 -12.646217361310399 -11.38849934406138 -11.068855251454274 -10.870062371128952 -5.3224956372603796 -4.977834412289337 -4.067860398907967 -3.2777860938580283 -2.909316074146619 -2.8105803571677392 -2.2851148294828407 -2.0089113264172918 -1.6415871975589713 -0.2598753094440861 0.9211679886524584 1.2772680097448907 1.365101669180335 1.5688672841038507 1.5962494840660884 1.9936095082484149 3.4185479961794347 3.558222896200623 3.7442397032066865 3.810954025440087 4.216441854111881 4.527833087867517 5.050378067401696 5.207478356889022 5.585575848173012 5.829932148602158 6.588776777327523 7.055657895522342 8.631018866816502 9.06203018389768 9.83649265660423 9.854139223457025 10.067384912884584 10.14434930207781 10.872319261186405 11.176557181926235 11.462067664816601 11.498548519057781 11.73701871263476 12.51643662469907 12.789507352160044 14.156862795462985 14.181654050615148 14.354135221669619 15.443322037114015 16.55998615998567 17.25537761270945 17.73919283856322 18.047561008125655 18.934707036327442 19.124909481752322 19.751395162611768 20.058653391958554 21.041807730951376 
0.25 0.5 0.0 -13.451993968887479 -13.246126440178447 -12.7069197573253 -11.401321342614963 -11.183179762936684 -10.865903087588942 -5.36455206452534 -4.662916177071414 -4.038289174578992 -3.2375370796965206 -2.9869872245240363 -2.7493908300808094 -2.32579540315497 -2.012797580839929 -1.6519361324833628 -0.13185946903488618 0.538956409378487 1.0769212362207394 1.3246691464611977 1.5770350874358732 1.5920796545745397 2.0005269087214432 3.165907396083407 3.7181064084872046 3.797701117011463 3.87978052460336 4.658437627501182 4.688748019673181 4.957578183652853 5.204054687764481 5.470218105228836 5.795685918372059 6.610785222576414 6.892198808492321 8.660094175635622 8.928832919922748 9.761500937550238 9.921237080953036 9.934488442687734 10.310351071486195 10.90210669143864 11.140853210386068 11.555515497587612 11.700025209000458 11.868709437590763 12.379286837435513 12.787242196883824 13.99441796845554 14.237498362143901 14.343380192268516 15.759489013623947 16.524102361136705 17.723355640450993 17.729279159165934 18.095418113131103 18.625309739946015 18.853732318956318 20.0581482161004 20.872497013258535 21.095151203710348 
0.3125 0.5 0.0 -13.393613173867255 -13.188216857650156 -12.77785150376915 -11.441379456097026 -11.274903576211036 -10.864041198242575 -5.393984101105006 -4.305127456331595 -4.057496404719622 -3.1968658597950506 -3.0616309409968894 -2.624258776757223 -2.3937494889455 -2.010143420427767 -1.6476559049066888 -0.11428901575017444 0.0945362917035609 0.8357327262481595 1.1976797983842402 1.6925380933105676 1.9121443336500894 2.017411226307788 2.9121321009979853 3.5894145217193314 3.881514598081575 4.111017354808533 4.568215767465163 4.835770360485141 5.037857527870638 5.31724978076662 5.44107377239241 5.801207535472949 6.67015182015451 6.753432044963765 8.691703033539486 8.725787917347771 9.678440066742338 9.690747630768783 10.009572336173 10.442975999172988 10.803748434999113 10.914250890848345 11.904608622181117 12.050154949186416 12.109467954683948 12.244414803702869 12.781346361246536 13.78829324333966 14.259026825983037 14.328404413374562 16.067944558522196 16.478740139516848 17.72077362494848 18.144882115342725 18.159041350356144 18.17442045293467 18.721561665830702 20.060176933856873 20.773530010654298 21.171842133629394 
0.375 0.5 0.0 -13.330527515247484 -13.133315091704919 -12.850635680215914 -11.513497648606396 -11.315257660359254 -10.86022059566963 -5.410155571120088 -4.100672791690735 -3.9335004731353713 -3.160663060024344 -3.120506888054809 -2.4973888944047937 -2.472128073289079 -1.9952660203892554 -1.620249449200345 -0.32276574290641863 -0.21657316223360468 0.6545788103163479 1.2192297186479146 1.8328289729404494 1.9896356292631054 2.3391049491430387 2.6703402570946726 3.447052570039812 3.9576275668604235 4.13028272691049 4.271158837907272 4.957647983771062 5.2879915571160785 5.397854556977997 5.4390541758826 5.867355969174926 6.661571832788923 6.826190384199298 8.410469815912553 8.72585619305292 9.484707105096124 9.606933979171837 10.091572181582515 10.515347035795406 10.713675519493822 10.80305101378497 12.000938150329436 12.150492922506738 12.347473672092708 12.667326863266288 12.77693151516557 13.546962592963105 14.246750887067744 14.318731046831424 16.34549880111145 16.450355532186535 17.380863979362616 18.084538653453876 18.18890344894256 18.431050067361486 18.694844751758367 20.065551734391686 20.717533092276526 21.24400824986421 
0.4375 0.5 0.0 -13.274817718259868 -13.093281395630369 -12.913198675947468 -11.578821072502745 -11.32774261111138 -10.85898327508855 -5.418019697101009 -4.141507892628579 -3.6046608255874513 -3.1585803475954246 -3.1355810702001277 -2.6318013480268014 -2.353067310885 -1.9705222311973867 -1.578097736258739 -0.6394661624721951 -0.34884416659902956 0.5406438005868824 1.2966480508830234 1.9948226930814288 1.9956321153363852 2.4450327517613353 2.7638959063047825 3.329573500852779 3.673105857939634 4.016381057664731 4.355072106384767 5.039053991808109 5.403717431485746 5.4412177918868 5.443488712192049 5.941723039188646 6.612201681876968 7.1132117043017145 7.99639319353314 8.751571004676956 9.367429460071751 9.559079225321426 10.169762097404448 10.520345837818994 10.653340821889595 10.750769458126197 12.048538863950363 12.099134040943193 12.663242097344986 12.77400676593012 13.118531315826683 13.2754921034878 14.210078072332438 14.313453058390952 16.45690866919657 16.549564673392304 16.954475859039718 18.193267964025345 18.216935049174253 18.337078412256567 18.928244114791436 20.067114438690055 20.677192524912627 21.29301873912559 
0.5 0.5 0.0 -13.250130487703279 -13.077955906190937 -12.940071436405603 -11.603393344317999 -11.330311130355604 -10.85712105721002 -5.419673814613261 -4.155560824038976 -3.448555535612331 -3.170700094736762 -3.1257285002639126 -2.7147848608672653 -2.3091530098000126 -1.9511959966834178 -1.551324327970723 -0.7642813155852044 -0.4073046663064786 0.5039742388912265 1.3361733177778303 2.0000018364060397 2.12165543334777 2.3007043629501376 3.190758530238153 3.2380166026956534 3.2836869201261103 4.039640498279558 4.382231974770367 5.06825577303917 5.432933223884173 5.442744560150992 5.459712842106623 5.9724483459956925 6.599324268154649 7.434575396207125 7.6360283683713375 8.763564152782662 9.332643814807522 9.544988348525152 10.208758777785315 10.511326031065876 10.631362960436977 10.737465780827625 12.066807938578659 12.086893994665814 12.77458263675298 12.94471925430777 13.016614534573412 13.309261564134646 14.184727810900535 14.313096475503128 16.494258407067537 16.630404953426392 16.750882994911098 18.229573404337412 18.24672775463913 18.281527299693032 19.033619020213543 20.069601053307455 20.65960301605624 21.311672809810858 
0.46153846153846156 0.46153846153846156 0.0 -13.264373579265898 -13.104662263888876 -12.908066693934977 -11.590844566110542 -11.324616554714002 -10.85871449836266 -5.419414699805953 -4.148055644635766 -3.514312621913511 -3.308660519154634 -2.976553255424407 -2.7998462773091646 -2.2613943812172175 -1.9547589120370454 -1.5163727973309236 -0.7378578424734226 -0.39272587578567925 0.5225536799133111 1.3440773438281866 1.9944756167562254 2.0714053818998353 2.3928930590841406 2.92845398032207 3.2986631290114614 3.4867150376369835 3.97233388580977 4.369164063416769 5.051108216419067 5.408955187072116 5.434828851686914 5.449390654005309 5.963283472349722 6.677343610096807 7.252570176775343 7.818641932488584 8.746692640586433 9.350432227027207 9.545899114851213 10.192830191782575 10.5286711704677 10.645733197738487 10.739085978846315 11.88857867166013 12.240708387869743 12.689625143118048 12.792354142225795 13.167766952488021 13.284868909836746 14.196932118637573 14.271064578102292 16.52080264284554 16.60027758362877 16.836134419980095 18.175284723672636 18.23288173499115 18.320069698611714 18.989870822891103 20.058266936928874 20.675864441726052 21.29682926732765 
0.4230769230769231 0.4230769230769231 0.0 -13.31840656929872 -13.127170299320818 -12.855332935972152 -11.552568687544634 -11.304745665934057 -10.859738672717986 -5.417198794166755 -4.126833495175204 -3.67996808657302 -3.4507646325368357 -2.958610040012829 -2.7940768923171757 -2.278453645366408 -1.9103156308073828 -1.4051277085758578 -0.653798488141439 -0.3473364099862788 0.584787744484788 1.373028555747646 1.9928943279959237 2.0033756445197275 2.583944691356115 2.6460538698637586 3.3466661567048326 3.7273096152436573 3.789397987540915 4.349724571255562 4.99527948272522 5.331536564793028 5.434013202610914 5.437187073854538 5.946193352764576 6.880967776807102 7.033276018744222 8.058635928221575 8.709390127963918 9.399755241248862 9.5527415950933 10.168558955299707 10.57393326486485 10.680324183760863 10.76321869251391 11.70160698102337 12.342734906012982 12.473284911000906 12.68018429897496 13.20386494680547 13.340680718585578 14.171842104291638 14.219461544258804 16.513561026354097 16.643446526803807 17.045243178686178 18.029684780032614 18.21254025452415 18.4282710713778 18.877247267238918 20.042709879139416 20.719934920433648 21.210262537376313 
0.3846153846153846 0.3846153846153846 0.0 -13.406812015622465 -13.119111344178508 -12.81097757957283 -11.492670999649727 -11.27339641289627 -10.861479602265538 -5.412074400310031 -4.112200664889206 -3.891291830229364 -3.5769950577197482 -3.116111394057397 -2.6010690149837288 -2.4166529991573378 -1.8611328360851473 -1.218105468937217 -0.5264916685773584 -0.26122649591932473 0.6822699361987865 1.4230273067380104 1.9449808918022127 1.9895146742185537 2.3744749575206505 2.827523279484279 3.420874028044774 3.5187194325916376 3.9046334600743013 4.354991695062475 4.881795247289588 5.211278753260991 5.414529383971641 5.462939226286156 5.931868668476513 6.868156846591757 7.141655426842549 8.268183450435226 8.656419604176467 9.469734269280961 9.54802876277702 10.146904501352418 10.618180404782983 10.682998205078508 10.85663776199284 11.53528022760335 12.18724941981232 12.296650183624326 12.731126041726558 13.042956745389379 13.491622775865624 14.060178414428995 14.22122603849508 16.40739445535504 16.830211124351692 17.307231548859193 17.799919478664656 18.22467912992064 18.582325452768618 18.717017314286114 20.01368759211687 20.77529056892372 20.97989652434192 
0.34615384615384615 0.34615384615384615 0.0 -13.507856802975141 -13.09263959589677 -12.780230802660608 -11.415348689989058 -11.231681383337962 -10.86296213194691 -5.40240862518513 -4.190697099534075 -4.046184019952749 -3.6858572818003115 -3.244121973229528 -2.6076627270413137 -2.3980251784257796 -1.8583210353868171 -0.988811771263095 -0.40125839647107836 -0.09560388094585816 0.8064083639731522 1.4842972891042399 1.9040530786258492 1.983428930567491 2.1329069940659457 3.10629653546346 3.203787619960261 3.5069942978998396 3.9660913168139587 4.427764185906268 4.685650587524516 5.091521800757847 5.374559223828066 5.533321403346533 5.935936681081267 6.764796099521909 7.409635535828634 8.422457763570122 8.60821959981051 9.499667900393554 9.548406720079631 10.14073514683595 10.654946525774536 10.661759438552853 11.013035197956055 11.413120143910463 11.884351170522356 12.208259030684975 12.810091313748194 12.863887030786547 13.614835612096215 13.944053896778508 14.200823015855793 16.296956585039084 17.041223279384766 17.50967540265493 17.586857896950555 18.303148917173747 18.509412094648912 18.79346168783631 19.969715632217337 20.703064406431235 20.827276576685836 
0.3076923076923077 0.3076923076923077 0.0 -13.610403807811991 -13.055969274221987 -12.762506078187995 -11.329045589675696 -11.184413887642227 -10.866204258680142 -5.388054268209408 -4.4023462005403875 -4.106213114990596 -3.779049868437183 -3.330647129312731 -2.8209845820558597 -2.188604640592762 -1.8747214789979718 -0.7829010704665093 -0.28139113683608874 0.14950732656103316 0.925960165189767 1.5242996728829015 1.9020503743320212 1.9034693070258741 2.0048212733756725 2.871264019214288 3.3871489142765783 3.5770770038405613 3.939317731991229 4.434296916778161 4.529909990996453 4.994626575438218 5.312793781562992 5.640446933494808 5.964034475081656 6.703662819018837 7.652380232043439 8.46020782119014 8.624428458195803 9.358510805551223 9.616368004123375 10.147778424376712 10.596090052530542 10.722580055418257 11.206625181004048 11.333581511956467 11.60593684813155 12.165202146530005 12.530752560564036 13.0021727105314 13.703101310480928 13.790154514729338 14.179197629373473 16.182316648510565 17.169117327203185 17.194540663613452 17.867212167287224 18.335807467946413 18.459216552440044 18.986031025396024 19.167598659857116 19.986153688347553 20.87005883996241 
0.2692307692307692 0.2692307692307692 0.0 -13.708068887538364 -13.0128328338115 -12.755013188381954 -11.239030244888989 -11.132348898386704 -10.869386624692561 -5.369497246207421 -4.617280267827927 -4.1839258386252105 -3.855530535666524 -3.3900088355005873 -3.034232623018536 -1.971995576766713 -1.8654893080290473 -0.6513558946140728 -0.11548295392677557 0.4366960700138426 0.9867543706099482 1.5136225365069411 1.8082943087212495 1.9695541808999004 1.9735710468057874 2.561952950334739 3.478052470453962 3.718614520877985 3.881031078110958 4.251878433129583 4.60611719717273 4.920017881806208 5.229217090356453 5.783898510915045 6.015897880985941 6.672904196829305 7.8486473211999055 8.415928809844154 8.684305481106618 9.12701928129768 9.65352568416194 10.169322945405078 10.512687681036933 10.815136473271789 11.301887019282955 11.3694474518847 11.44884997883976 12.198915010449523 12.240771416610848 13.131651299251422 13.58540864644659 13.76254529100596 14.18041023967496 16.05549760290697 16.79878001175528 17.206200887359653 18.160569690296235 18.282436191656956 18.65518573968187 19.050656750095616 19.14678806804338 19.945218498208224 20.935030964364483 
0.23076923076923073 0.23076923076923073 0.0 -13.797320823385125 -12.965908152020212 -12.753669044454599 -11.15243376207002 -11.078708323542658 -10.872033706125585 -5.348741637330478 -4.810791420626476 -4.271726492760469 -3.915637366355467 -3.463280219062132 -3.2311474092850805 -1.8007121479502606 -1.747643957454619 -0.5891867271670185 0.08929712175158644 0.7359232621443665 0.9380549677417956 1.4705538879332696 1.7756500494048717 1.9391861045512877 2.070065010844044 2.361090769440702 3.289640749173092 3.815480106841978 3.9388910161346384 4.239650348494893 4.639177007216982 4.8680329067251265 5.123633531415492 5.954942988152521 6.094023928865283 6.656152193657456 7.971726351752629 8.370455984198314 8.716491793530341 8.856552161844519 9.622500367828286 10.202656425496496 10.438208298318516 10.859215717394374 11.239793216460633 11.387342980643908 11.67428940167119 11.967535642365691 12.29445680790591 13.250327315239424 13.347216244945864 13.790360187936464 14.207236814080737 15.898130808107114 16.410700356548965 17.05288818284107 18.369631987234506 18.477479960798874 18.87492317745253 19.06390673686513 19.241789058734962 19.913345616902266 21.07030929125716 
0.1923076923076923 0.1923076923076923 0.0 -13.875895721863024 -12.91807300572484 -12.75646116841653 -11.07315706617947 -11.027216356340217 -10.874932289399084 -5.3313384719371895 -4.976295009760435 -4.343922469366044 -3.960962172652497 -3.5758848419306517 -3.3998345852555896 -1.6646169128770463 -1.5169376034977082 -0.5617306918957506 0.2791631961528474 0.8152380767033048 1.0190721148404704 1.429906251621053 1.579545041413941 1.9707921876444072 2.1316235120114038 2.3912302846045255 3.0822968749915587 3.7538428029018722 4.068693308640301 4.349113667200251 4.628364678746049 4.836961417603538 4.998170708614481 6.132820265649757 6.199016306015368 6.64923060611159 7.963018036474358 8.345371945258055 8.645401867656565 8.719625178041195 9.499163123277784 10.248834134110549 10.41226146924166 10.801228584080535 11.15487868636865 11.622008234048273 11.691757099758846 11.955251920688598 12.43108702974715 13.10382105717361 13.351681455983886 13.791601244000375 14.25393485362742 15.691920262670095 16.014386443113604 16.81802475453091 18.54729686794913 18.79083144546545 19.082459631426136 19.09773372858736 19.269808652574532 19.88610100471079 21.293926209088927 
0.15384615384615385 0.15384615384615385 0.0 -13.942306335210935 -12.873235627724831 -12.762005180076242 -11.006354148348834 -10.980330563160388 -10.87812997851892 -5.322502970689093 -5.110985487928707 -4.385123235798352 -3.9943142167741352 -3.7155528621165868 -3.5500684694845894 -1.4613378899082496 -1.2820423009950928 -0.5501093154774562 0.4175433614843741 0.676361634310427 1.1908461811147713 1.2862401056857682 1.4592952846116745 1.9929862809681609 2.0843046745134046 2.602865679559016 3.0279866526354264 3.697838248041375 4.118152008062783 4.468131041304091 4.578215488128429 4.815770657911268 4.863187028412658 6.302279251035179 6.3196838475028 6.646997497630451 7.770104594979078 8.345054905108832 8.580815488830916 8.702623916894167 9.311250419108578 10.300934317941415 10.425489327826556 10.700884325459402 11.10471777355575 11.478767338839006 11.93425608562853 12.21253396391226 12.58415220358494 12.878650127091051 13.431769987104644 13.761725296605762 14.313612725764537 15.433007670628418 15.614369013331393 16.56643806598944 18.74057335262025 19.089871674170094 19.104340232114154 19.250880164799273 19.318594675977174 19.861852865006973 21.580180631808425 
0.11538461538461536 0.11538461538461536 0.0 -13.995126906203737 -12.833523051927244 -12.767478978652859 -10.953583088571486 -10.939947033700642 -10.881162609016446 -5.323066818870713 -5.213769442395855 -4.3837615161378825 -4.016717253209534 -3.847210423860889 -3.696791886707676 -1.2071516398395583 -1.0450866924866395 -0.5437269785632399 0.49423417619511956 0.552731777252354 0.9834292948361565 1.102248876028971 1.6436460197723577 1.9984771530563459 2.000272350640484 2.887369767134248 3.1366488891360933 3.652617008638369 4.133085563553991 4.491080895274268 4.495472611983147 4.759526730446922 4.81072539704326 6.446832050533436 6.449458455427697 6.652529254012251 7.500970817046793 8.374721999471724 8.597109644732502 8.682145036922153 9.108503010002035 10.353909424349489 10.444898460823923 10.601029582108959 11.078393261985369 11.302457102952165 12.274025818071141 12.482501670245863 12.690032283342903 12.740976441712341 13.489011747786165 13.71384621848877 14.382631950150328 15.141748584383578 15.22954717843546 16.34023493596627 18.917836305405157 19.12771892312176 19.21472270138288 19.38304831113706 19.51182005080995 19.84517444252963 22.10417163913589 
0.07692307692307687 0.07692307692307687 0.0 -14.033526251876637 -12.80281117880512 -12.772297970286953 -10.915832334625541 -10.90998851164196 -10.88350028200679 -5.330987384622609 -5.285988995344924 -4.342503715927282 -4.030843553473835 -3.9518494456996556 -3.8414360860144603 -0.9271862571313942 -0.816287995006455 -0.5405915161735576 0.45704535071728075 0.5139910437937516 0.7007642178101844 0.8731527964909578 1.8311906064545562 1.9755922123039527 2.0024732245254047 3.187773350453531 3.3160678264023487 3.618565120597373 4.131985291069125 4.365829448936344 4.37615405009176 4.753796994997679 4.796383836072419 6.55801051686613 6.563518174428042 6.656459646165914 7.257474487328946 8.42982384813414 8.626418151499472 8.665605597519747 8.919536592313827 10.39933515096076 10.450320572587668 10.515813499868425 11.067016021785811 11.171610154664771 12.547661690743153 12.610293234458636 12.740129517945464 12.882536082716735 13.519574352070649 13.644965442756744 14.447253813553289 14.849025891062672 14.881617727512511 16.157275116144085 19.055275360364064 19.14904603468474 19.19175275210816 19.612197819838944 19.67644984187701 19.833491972151048 22.25571335229431 
0.038461538461538436 0.038461538461538436 0.0 -14.056813497639494 -12.783310175087152 -12.775565894731468 -10.892719247612938 -10.891527506935612 -10.885346407075536 -5.339307656013085 -5.328649036105997 -4.273477116706492 -4.039061086151537 -4.018134171623703 -3.971448448069973 -0.6648448086651539 -0.6232919588591544 -0.5388527276947869 0.39735866551859905 0.4598163978378373 0.47317101727484734 0.6690339977724671 1.9577297310445745 1.9916477761926759 2.001612955161239 3.4578786203677687 3.4984720325622973 3.59811333622072 4.128064918990508 4.213426776366915 4.216196667627021 4.769384567631286 4.781759934332429 6.633730979625354 6.635591714337381 6.661122251187518 7.091495129545321 8.5089927349657 8.646453721877295 8.658088465404438 8.758540622266628 10.428797507844905 10.444997244806936 10.460425681635913 11.06493668447851 11.091941699285579 12.461116008848016 12.898271778943997 12.947962916408587 12.989892296885312 13.526090962427874 13.567213002002282 14.494324871044567 14.61175700010603 14.616113918297438 16.036420154610404 19.140764909452844 19.16323792271912 19.17501886949636 19.76993756426993 19.784557602616474 19.82725588814784 22.352889128583882 
0.0 0.0 0.0 -14.064627929166251 -12.77700026542735 -12.777000265427327 -10.886402702979256 -10.886402702979247 -10.886402702979227 -5.343097783998391 -5.3430977839983225 -4.224744508386521 -4.0421623479662285 -4.042162347966171 -4.042162347966146 -0.5397198625527478 -0.5397198625527366 -0.539719862552736 0.3757654086956537 0.37576540869568487 0.3757654086957435 0.6193396599961879 1.9996178700423564 1.9996178700423852 1.9996178700423939 3.5909524159256296 3.590952415925811 3.5909524159258117 4.125412556544661 4.125412556544672 4.125412556544684 4.774442364144017 4.7744423641440195 6.658759213240243 6.658759213240248 6.658759213240265 7.031270705778559 8.585352620652168 8.652225315965504 8.652225315965504 8.652225315965506 10.437693008881855 10.437693008978172 10.437693008978185 11.063964073668945 11.063964073668945 12.431688890592596 13.031756955957981 13.031756996915929 13.031756996916009 13.515048188783256 13.515048188783293 14.508316742133063 14.508316742133063 14.508316742133191 15.99328210718794 19.167239225725503 19.167239225726075 19.167239225726686 19.822434392770834 19.822434392771388 19.82243439277277 22.384426803434128 
0.03125 0.03125 0.03125 -14.056891179779527 -12.779337932973446 -12.779337932973394 -10.890096676772561 -10.89009667677254 -10.888498730315483 -5.333842688837827 -5.333842688837801 -4.274456622832834 -4.024913962444231 -4.024913962444211 -3.9775591882759036 -0.6757203502360141 -0.5742584178996308 -0.5742584178996012 0.44229991519227596 0.4422999151922975 0.44316315542014806 0.6722949878600781 1.9732002751963795 1.9732002751963902 2.0062386819409275 3.4322821225594464 3.5619024287913126 3.5619024287913237 4.163243363389308 4.1632433633893084 4.230597841966577 4.7758827191542315 4.77588271915424 6.6377793180416615 6.637779318041702 6.657068826108612 7.091794678747449 8.508308591134165 8.655204525820693 8.65520452582075 8.756019405575856 10.440406974073216 10.440406974073255 10.455141368176893 11.078826838797482 11.078826838797502 12.46094013212834 12.924701426122613 12.924701426122628 12.988640680944087 13.547174691229575 13.547174691229593 14.532304712218872 14.598306973319835 14.598306973319852 16.036152040809526 19.152784307481852 19.152784307482904 19.176422420113635 19.789291558309486 19.78929155831221 19.805769767089174 22.317941730415257 
0.0625 0.0625 0.0625 -14.033863692804445 -12.78757382881639 -12.78757382881636 -10.904858701966104 -10.904858701966075 -10.900167605905658 -5.307388633076349 -5.307388633076259 -4.357163651794118 -3.9778831412202287 -3.97788314122019 -3.860393339934667 -0.9640527632377043 -0.6619925807128275 -0.6619925807127903 0.45253967430545655 0.6111827846584461 0.6111827846584562 0.8774793654528393 1.8872499706298143 1.8872499706298158 2.0241451053359247 3.128964783269204 3.4921727503844466 3.4921727503844604 4.249890123716731 4.249890123716749 4.383975949592918 4.776211079331247 4.776211079331266 6.568885286046813 6.568885286046827 6.639857183579651 7.255115853758814 8.424877579308136 8.653520687683969 8.653520687683995 8.911314941647577 10.434088511883672 10.434088511883695 10.492472078100425 11.119289582236997 11.11928958223704 12.546546480038552 12.678552754797014 12.678552754797014 12.866826031129955 13.57045514488461 13.570455144884615 14.57357304881362 14.816033374609932 14.816033374609987 16.15895033581555 19.10125535018676 19.10125535018821 19.19391808831572 19.68600656870732 19.68600656871083 19.745901892328337 22.131377642551524 
0.09375 0.09375 0.09375 -13.995795533854382 -12.800242012254516 -12.800242012254484 -10.92987561912727 -10.92987561912726 -10.91836740898659 -5.26106371379922 -5.261063713799216 -4.429963184552155 -3.90087193873847 -3.9008719387384425 -3.73657214110079 -1.2776031215244072 -0.7625197093877065 -0.7625197093877043 0.3867652829217921 0.8409440297131471 0.8409440297131702 1.0991804902567415 1.7574445925507864 1.7574445925507982 2.061727910403722 2.832893797771925 3.4099355625693586 3.409935562569369 4.34156107830235 4.34156107830235 4.491702470650972 4.784184819274966 4.784184819274976 6.462224221934927 6.462224221934937 6.616459424980156 7.488735324496596 8.375665407937895 8.65639490481275 8.656394904812753 9.09668576090193 10.416833912247622 10.416833912247666 10.55114253514143 11.189816662093907 11.189816662093921 12.382552101493255 12.382552101493285 12.680903701112344 12.699097756718746 13.564552581627108 13.56455258162711 14.621286267684308 15.11340469476942 15.113404694769429 16.34753652941808 19.02234234535858 19.022342345360574 19.21925515969835 19.53480111818212 19.53480111818617 19.650619434429345 21.87287648928646 
0.125 0.125 0.125 -13.943234527411077 -12.81596287563261 -12.815962875632598 -10.964607880055368 -10.964607880055302 -10.944820337456568 -5.192674729302361 -5.19267472930229 -4.485164702194438 -3.796229420109534 -3.7962294201094635 -3.6257952094395423 -1.5659420154566024 -0.8553147391170722 -0.8553147391170656 0.27943913354054206 1.0903891753604364 1.090389175360449 1.2232477463816345 1.6102396576206155 1.6102396576206326 2.0160915552665037 2.726318385450199 3.327668886564722 3.327668886564749 4.385685995271233 4.385685995271251 4.545261146689724 4.828129479148773 4.828129479148781 6.331979644539341 6.331979644539364 6.5899310595233045 7.714779594971719 8.416179978298794 8.665476950681162 8.665476950681189 9.306005838109082 10.383712864492402 10.383712864492406 10.624939391801975 11.290375927043772 11.290375927043783 12.07684696299082 12.076846962990903 12.496566747597768 12.877190605768657 13.533050323223206 13.533050323223234 14.659074490053369 15.450709763412648 15.450709763412663 16.58326502802871 18.924214560664385 18.924214560666282 19.241138531990444 19.357487460413537 19.35748746041731 19.535526899930275 21.599547626112656 
0.15625 0.15625 0.15625 -13.877036074005936 -12.833967120174401 -12.833967120174385 -11.009801650723091 -11.00980165072308 -10.978496794768374 -5.102115439318756 -5.102115439318728 -4.523397729803035 -3.668027878361642 -3.6680278783616242 -3.5516109449131483 -1.795223227291541 -0.9343357183818533 -0.9343357183818473 0.1362122109984501 1.215605638477453 1.2156056384774536 1.2420924815060705 1.5819525824682465 1.5819525824682743 1.775805866504062 2.926243448291622 3.2464046175896843 3.2464046175896932 4.349797557995564 4.349797557995564 4.558386149638987 4.925851309142259 4.925851309142265 6.189151873389723 6.189151873389765 6.563058518742775 7.825676859584482 8.624609131461554 8.672953309853956 8.672953309853996 9.522090032933184 10.330797353327142 10.330797353327148 10.718991842274068 11.402445204765066 11.402445204765135 11.794603518414943 11.794603518414995 12.290947604935855 13.107273959291247 13.47487278084342 13.47487278084347 14.675258172572676 15.806492406338498 15.806492406338585 16.845555721327113 18.81140625763146 18.811406257634147 19.162989196975214 19.162989196979797 19.214356582612876 19.424105124028223 21.367577076845816 
0.1875 0.1875 0.1875 -13.798418421760669 -12.852437438942085 -12.852437438914833 -11.064194916634841 -11.064194916633285 -11.020448791846057 -4.988267342851561 -4.988267342851508 -4.545613442744461 -3.5376740866973595 -3.5188567222380938 -3.5188567222379077 -1.9352355540953976 -0.9963989524684546 -0.9963989524683972 -0.03665860445306367 1.0691089315798008 1.0691089315798148 1.1673051261490333 1.5009827925765509 1.8143883758017092 1.8143883758017643 3.1617386655844135 3.161738665584657 3.2600717491639606 4.255890332879607 4.2558903328798845 4.5468842817776425 5.057881620753769 5.057881620753779 6.050839945176456 6.050839945176819 6.540573387429634 7.8360959727113935 8.669063008370552 8.669063008386985 8.967823807537599 9.719419162920195 10.259835973517 10.259835973609377 10.841972066858741 11.376530018522894 11.376530018659126 11.70143375561441 11.701433757544523 12.096734732806762 13.365459456435506 13.393292144968646 13.39329217734463 14.66632623100688 16.16717133314175 16.167180809261396 17.117784140492137 18.68864890136464 18.689600514939148 18.968200896284365 18.968335650823644 19.09522302393964 19.34174365386343 21.589986493401106 
0.21875 0.21875 0.21875 -13.708621646439594 -12.870190996375369 -12.870190996340364 -11.126988257432625 -11.126988257430021 -11.07049338945837 -4.850085268760662 -4.850085268760617 -4.557133551506974 -3.5917397678442677 -3.3530445967694895 -3.3530445967694384 -1.9758904332306457 -1.0412435703588998 -1.0412435703588632 -0.23083792790811455 0.8521637727419982 0.8521637727420117 0.9610015117659272 1.3252738143713854 2.093498883851618 2.0934988838517086 3.066238887494735 3.0662388874949884 3.6204206071715195 4.143417132922774 4.143417132923033 4.531691121058161 5.199158153743477 5.199158153743484 5.928705816392559 5.9287058163930215 6.524985746636575 7.814144666386551 8.640692757252832 8.640692757260997 9.35343023543156 9.859545868960543 10.171185484401413 10.171185484602155 11.017621227853374 11.161093973207622 11.16109397400762 11.859961031905833 11.859961037004387 11.929464654513307 13.288635922828755 13.288635989722117 13.634542977074931 14.633129855006388 16.524582703089823 16.52461948382558 17.37692798085304 18.55204653303702 18.55343324093621 18.79328382648954 18.79342035496525 18.92412519703014 19.23317797975109 21.360593652296323 
0.25 0.25 0.25 -13.608951772568982 -12.885802238541574 -12.885802238513103 -11.195674320883544 -11.195674320878982 -11.127818491657653 -4.689901067239773 -4.689901067239732 -4.567550466425967 -3.685802302492203 -3.172469981270147 -3.1724699812700994 -1.9397302037524036 -1.0720415857306482 -1.0720415857306318 -0.43551353338382437 0.625266321740386 0.6252663217404089 0.682232324075745 1.2257422366018247 2.315494276529432 2.315494276529464 2.978663031214532 2.978663031214752 3.940738641089409 4.053562168289938 4.053562168289942 4.554512375816564 5.33527686466241 5.335276864662415 5.838505457309775 5.838505457310692 6.525906623908828 7.7877317660695 8.573052907045282 8.573052907056187 9.7253498682152 9.922658465315086 10.060642273781493 10.060642273992931 10.9685227749986 10.968522775652279 11.255030329344459 11.820390463840814 12.077501123737301 12.077501135218855 13.165348827017164 13.165348929424109 13.894366006094984 14.583073485888706 16.87111073824237 16.871220172670878 17.611159404498057 18.382254864897032 18.383531595545605 18.6684219960384 18.66874444702911 18.749105359033635 19.09338991122285 21.130664429432482 
0.28125 0.28125 0.28125 -13.502003619935682 -12.89857360605066 -12.898573606001845 -11.266969687149583 -11.26696968714529 -11.192372715588805 -4.593615191606014 -4.510817280812815 -4.51081728081273 -3.773333346797219 -2.9856057528431688 -2.9856057528431434 -1.8685964995518378 -1.0893995388315252 -1.0893995388315194 -0.6309847876317753 0.4035680189115379 0.4035680189115455 0.407973092648844 1.1428783304529253 2.3467645368739016 2.3467645368740144 2.994086687677189 2.994086687677292 4.010818528659406 4.010818528659424 4.116915236658996 4.704452619813563 5.453817027235044 5.453817027235183 5.802050663579013 5.802050663580532 6.549288539720189 7.768913839810571 8.461140444055639 8.461140444073278 9.821608594544102 9.909855216180105 9.909855216377238 10.134131285407127 10.849127242240483 10.849127242856952 11.499589678440786 11.822256925746666 12.318917440264984 12.318917463387388 13.03065496035865 13.030655052981665 14.119169619247753 14.525244136668244 17.19202590536565 17.19224822808868 17.785259704100326 18.185996533219893 18.186501044710692 18.59997619997714 18.60039727972303 18.600743762207795 18.966071081728185 20.908681918453816 
0.3125 0.3125 0.3125 -13.39015337353682 -12.907805199999837 -12.90780519995092 -11.337870154648625 -11.33787015464389 -11.261519496891886 -4.649511517124748 -4.315958518706896 -4.315958518706889 -3.81231455955767 -2.7993537588984654 -2.7993537588984085 -1.8114025207508482 -1.0929565499716074 -1.0929565499716005 -0.7873643272198594 0.16406108866430275 0.2020625726572217 0.20206257265724786 1.059631904970345 2.1615846911931977 2.161584691193435 3.131002145564682 3.1310021455647323 4.012965940912214 4.012965940912293 4.146267939113111 4.9763312184004285 5.548945199142623 5.5489451991426675 5.8445691437250415 5.8445691437271075 6.602250299306183 7.760125512655035 8.314712342251125 8.314712342271559 9.68688327783666 9.706149179887156 9.70614918011194 10.449033883999489 10.817484257011989 10.817484257838117 11.641459134962108 12.04372978385589 12.564890309200035 12.564890363715003 12.903135053012393 12.903135132702204 14.289073217102327 14.470059742013815 17.4572257073972 17.457721793093803 17.841826806368267 18.015846923232797 18.015918825386574 18.51363978485298 18.5800867670337 18.580485769989565 18.912046060636825 20.699745564084168 
0.34375 0.34375 0.34375 -13.277964466512717 -12.914382967217913 -12.914382967173843 -11.40668853881569 -11.406688538811357 -11.335333350411387 -4.73862890009879 -4.113489124356346 -4.113489124356299 -3.7905565826431387 -2.6298857075835715 -2.629885707583565 -1.8257524865849768 -1.0821685524031037 -1.0821685524030817 -0.8743223001725122 -0.040805727119762505 0.024440120607278657 0.024440120607291203 0.9712632239628847 1.8766501080973264 1.8766501080976374 3.2766771899535967 3.276677189953696 4.031088610308088 4.031088610308117 4.121040458704245 5.256606899190558 5.626967092846788 5.626967092847043 5.9690247215423495 5.969024721544948 6.695494358997243 7.757370280757182 8.145968113907125 8.145968113926832 9.445802491527944 9.445802491762235 9.47255946982558 10.712300207944924 10.856546701849968 10.856546703073153 11.737007978474061 12.388339192232685 12.673062788942296 12.673062923321435 12.904909823766028 12.904909876850564 14.388245509241656 14.42263488920832 17.5119024362715 17.512423504049995 17.737991343328453 18.019408320136254 18.019709204681927 18.522582323101606 18.601370787860706 18.60183268327848 18.950235612907065 20.503125618431763 
0.375 0.375 0.375 -13.168916774116978 -12.917232015344242 -12.917232015308342 -11.468147266444932 -11.468147266441626 -11.40891826406052 -4.839215316092582 -3.906845702458228 -3.9068457024582184 -3.716550882177683 -2.4942743407029724 -2.4942743407029146 -1.9252615902281838 -1.0459966929239362 -1.0459966929239348 -0.884018220079075 -0.1916824714834957 -0.1122740929517051 -0.11227409295170077 0.881448912777752 1.5594648427236089 1.5594648427238582 3.3973825788861216 3.3973825788861802 4.043319065175921 4.043319065176001 4.087340673685902 5.496133869732865 5.70597667687219 5.705976676872689 6.171823558728911 6.171823558731871 6.844689996130931 7.762723714389914 7.980491628981248 7.980491628996715 9.149827048539015 9.149827048736922 9.210199632271706 10.921488205371503 10.9415085677459 10.941508569329063 11.857490850499296 12.559879969975935 12.559880098318132 12.755521307876544 13.128946332250033 13.128946453408954 14.387308280679768 14.426569599683003 17.357341423423712 17.357572146467472 17.532651373433097 18.22236273589895 18.223708459427446 18.61654750940108 18.66539844676872 18.665903635933027 19.04595608774454 20.324883738961084 
0.40625 0.40625 0.40625 -13.070239413977534 -12.918317088972977 -12.91831708894241 -11.520772335290285 -11.520772335289111 -11.479013168128665 -4.933807017772325 -3.7092807033224404 -3.709280703322421 -3.6117556606564025 -2.4151268571701427 -2.4151268571701383 -2.080188681982198 -0.9759677880584029 -0.9759677880583939 -0.863667910082324 -0.2767040486797519 -0.2087755048184301 -0.20877550481842827 0.7903479617138853 1.238546751455578 1.2385467514558604 3.4875557506104067 3.487555750610416 4.038489221699317 4.038489221699371 4.054785690490617 5.666965854261142 5.7703645987140275 5.770364598714416 6.441691259831862 6.441691259835252 7.054165886797174 7.7701696030418885 7.83343771930851 7.833437719319662 8.822468943820857 8.822468943960962 8.913790652571127 11.045887077196744 11.045887079269939 11.074294027293355 11.985715656912278 12.428676499658474 12.42867661708157 13.105087261085783 13.353667037783712 13.353667248960312 14.363714935650625 14.41601924583376 17.165991324955478 17.16608133226962 17.291957007400136 18.448893714569703 18.451551875600806 18.75279947660024 18.76103972776068 18.761432095924857 19.151000728782822 20.160181348031855 
0.4375 0.4375 0.4375 -12.989955551967455 -12.918253997184062 -12.918253997150597 -11.560779640427295 -11.5607796404268 -11.53864061100165 -5.008569894791974 -3.5348846950873867 -3.534884695087381 -3.497234498864403 -2.396210896023997 -2.3962108960239705 -2.243999855988089 -0.8752959557862995 -0.875295955786299 -0.8563396724837663 -0.2952434143093358 -0.26134248681163397 -0.26134248681162725 0.7077794210966852 0.9435858450620985 0.9435858450622479 3.5508424173911943 3.5508424173912663 4.024155372644965 4.024155372644986 4.028176983528728 5.773029697497023 5.81484225026831 5.814842250268381 6.753183645036867 6.753183645040716 7.3133607377904015 7.725769964390968 7.725769964400085 7.778705251298565 8.476830087432546 8.476830087523016 8.600965927296906 11.149659811276635 11.149659813503664 11.177750949878849 12.094546395598766 12.312193773867886 12.312193877877458 13.406994807055373 13.53894781577846 13.538948116231833 14.341359829033964 14.386681912874982 16.998698154646323 16.998726355776792 17.065990147309247 18.652289596957054 18.65565952547984 18.878582273239747 18.87894301821015 18.895665420521635 19.242665968999848 20.013736385070246 
0.46875 0.46875 0.46875 -12.936352656449648 -12.917702054526732 -12.917702054505265 -11.586655729673039 -11.586655729672525 -11.580219068184553 -5.056155458621175 -3.407980582100975 -3.4079805821009526 -3.400269037232941 -2.414096855637956 -2.414096855637913 -2.3753983649278316 -0.8650302850858568 -0.780149310046268 -0.7801493100462367 -0.27919475284232703 -0.2734140816806564 -0.2734140816806405 0.6472740875246845 0.7160053455700945 0.7160053455701043 3.588017363682131 3.5880173636821757 4.011472412762857 4.011472412762892 4.011958848740865 5.830044815170822 5.8391778810620085 5.839177881062104 7.046956611017401 7.04695661101988 7.597029011382004 7.686468103352333 7.686468103360812 7.791489033414437 8.13726665068596 8.1372666507445 8.278160689170225 11.224517907346048 11.224517908427798 11.236786371629892 12.170517849108556 12.228157085083872 12.22815717387984 13.623123733095515 13.662697115665871 13.662697458722157 14.306700190341894 14.369204226393181 16.883220082945527 16.88322527502172 16.90320514542577 18.796381020209598 18.79802954414678 18.992811212108702 18.9933175664686 19.006133529192713 19.302718891365824 19.896799997751994 
0.5 0.5 0.5 -12.917720214123406 -12.917720213971606 -12.917720213971572 -11.595923156688722 -11.595923156688718 -11.595923156688686 -5.073254455850528 -3.360801652625932 -3.3608016526258915 -3.360801652625884 -2.428237509165836 -2.4282375091658226 -2.4282375091658017 -0.8716267025034699 -0.7415502671222399 -0.7415502671222372 -0.2695597208459391 -0.2695597208459361 -0.2695597208459234 0.6241650489670276 0.6241650489671814 0.6241650489672093 3.5992141450742507 3.5992141450742543 4.006335708213384 4.006335708213403 4.006335708213417 5.845169197929953 5.845169197929978 5.845169197929988 7.185080646774731 7.185080646774754 7.7385922905315745 7.738592290531602 7.738592290531617 7.916386606839722 7.916386606898383 7.916386606898433 8.000097119035054 11.253174923734493 11.253174923734498 11.253174923734543 12.196120155573276 12.196120230512037 12.196120230512049 13.704370254070884 13.704370563416283 13.70437056341637 14.286200225667255 14.364695613073646 16.840431827555363 16.840431827555367 16.84043182755539 18.847336386387802 18.84733638638785 19.04619410140786 19.04619410140787 19.046194101407952 19.324056924455252 19.847734198723543 
0.4642857142857143 0.5 0.4642857142857143 -12.93017715589689 -12.9258718386559 -12.913463632158976 -11.592651917319696 -11.583928891891908 -11.580872948189334 -5.0583610208965135 -3.420560311642647 -3.4172576898012195 -3.3598069859323285 -2.439147785731122 -2.3893385431316427 -2.3865675975778218 -0.8657366742038968 -0.796556165745279 -0.7537417789156269 -0.30130797517092617 -0.28203830652621154 -0.24050182016493643 0.655359091775261 0.6760312709050722 0.7218289161301891 3.5780097500146195 3.6012487420203216 4.00414552257537 4.007756016832517 4.021197991925828 5.832283193109562 5.839241338732981 5.840102252239816 7.018497054820832 7.111218699675743 7.624255760657492 7.644868139683748 7.754968317520722 7.768329113545876 8.059846536002924 8.140796140888126 8.277651345775546 11.224352428084552 11.230929037163436 11.242737281979549 12.179148347858835 12.211019700255182 12.231900237770336 13.632007683906647 13.640137777474234 13.69784792633281 14.305052207716065 14.368421321094711 16.839263901848838 16.90158159500734 16.90906181138824 18.787439363205095 18.823604426605947 18.984876741692958 19.001159873668644 19.02301634345722 19.306645752735054 19.878920174837198 
0.4285714285714286 0.5 0.4285714285714286 -12.966126443112223 -12.949249387482553 -12.901412602858727 -11.583931557374074 -11.550759499241275 -11.540686423393284 -5.016160217285692 -3.5727041659251686 -3.5601362866395463 -3.3574669808565165 -2.4762531928549536 -2.3027700473873494 -2.295880425612314 -0.9333743618479355 -0.8576643182415403 -0.7875918582733217 -0.36814998525224774 -0.2942852390028265 -0.15754961117884617 0.7426979135514146 0.8082723211571705 0.9586526298497166 3.5134305697610784 3.6043164327855672 3.9991416572801515 4.007664408497129 4.063369976472392 5.7905496224339625 5.8119249795444485 5.822793604530058 6.682891689367415 6.905302928221742 7.478363747278718 7.552160508812096 7.743708640907928 7.801047330232156 8.287492631790917 8.48745544129141 8.633865346894364 11.142094214710255 11.164422523255215 11.206517553532334 12.127298012093611 12.249371026033758 12.328432084181255 13.436294530910134 13.456364370807899 13.678892225746258 14.345336914139267 14.378674953579017 16.834121605045713 17.062420496619698 17.093768735343396 18.62173708439727 18.750217520150787 18.83685566137942 18.900253678815623 18.9627144673859 19.25503004051573 19.952902562152854 
0.39285714285714285 0.5 0.39285714285714285 -13.020442778522703 -12.985251302717783 -12.882452071638054 -11.571815845521677 -11.500888299430951 -11.481613797544455 -4.949858299385562 -3.774275641103231 -3.742750767728027 -3.3562225390854414 -2.5471383278416364 -2.214422562144143 -2.20679629132948 -1.0968663897793172 -0.8781063269697852 -0.8349740655275271 -0.4041606333880544 -0.2717367504714579 -0.03155729212820536 0.8703884153236608 0.9834907333966674 1.2588323432862536 3.410587547779517 3.6023224616695155 3.994080297249995 3.9955584786546883 4.127494759768766 5.717810671629564 5.7518382242665815 5.788428354653134 6.326714982896172 6.646130160936587 7.354472369176534 7.4869065382343845 7.784796119845257 7.869585044541946 8.536112460593229 8.847648614826138 8.993684926730866 11.01399210157403 11.06999291554165 11.145171834434977 12.048282600322073 12.297270439854985 12.46526477713451 13.164739760583721 13.182563916422282 13.644017536688816 14.389263776322037 14.392602535350742 16.819365271882692 17.277269764402927 17.356974715943284 18.376807916773938 18.639400202102845 18.661414991890847 18.803257515206624 18.87077556763778 19.187463266428654 20.051534156804514 
0.35714285714285715 0.5 0.35714285714285715 -13.086109240575622 -13.03002248746673 -12.856541425592424 -11.55487672889971 -11.43691419028911 -11.40853539317977 -4.863922260833227 -3.9948269518673993 -3.9314234131949104 -3.3542810829286855 -2.6562813814454 -2.146212112041351 -2.1453786831579587 -1.2522257856974626 -0.9556997584223668 -0.8834092918081807 -0.35115613503520576 -0.19100003195034615 0.1364560333406011 1.0269158434687673 1.1784429137194175 1.5774442520191687 3.286007026398684 3.594437936906376 3.9516779463776097 3.991734856624342 4.212376415325662 5.620197893308799 5.652521831637802 5.738458221271824 6.003034951214447 6.410697882360386 7.259835898224711 7.420909892132588 7.868740095271995 7.9568689442326805 8.795208762047285 9.205215771186566 9.340437756152813 10.862246198406744 10.97037987361581 11.074633730518482 11.952771338864364 12.345328557721743 12.61657088750154 12.861284402055093 12.873341607932517 13.596383020377854 14.40518805411088 14.432734173303892 16.800172707691484 17.500951283878116 17.667051970185625 18.089130819837315 18.49560315940589 18.50892001220191 18.747103047557246 18.771220537627347 19.13188305007302 20.291750975049073 
0.32142857142857145 0.5 0.32142857142857145 -13.158309286550526 -13.079890523536136 -12.824925929482509 -11.535747125894407 -11.36391131212132 -11.32866406407529 -4.772477873511243 -4.220387088348133 -4.10276773752187 -3.3526207169170648 -2.802070612868352 -2.1155218611447126 -2.101822028941753 -1.3955634552532283 -1.0743548630446416 -0.9258462442863824 -0.22139544800199623 -0.049693505116218624 0.3355206273965063 1.1999848926534968 1.3762263638211676 1.883838686538173 3.1530182495327184 3.5742136390824344 3.8443094843925816 3.9921057566590616 4.316321632979637 5.497602770060545 5.508541258502274 5.6695278619781915 5.735392002385407 6.23952147377087 7.190923428520135 7.339708402695503 7.985945210635039 8.055013087303509 9.049292042500333 9.546232252024701 9.660542988633413 10.691892302467902 10.870765811023515 11.00154013673406 11.843131561612903 12.365303856864323 12.505522081132892 12.535644766457892 12.853502507740535 13.53505976854453 14.408354277683873 14.469434969203373 16.77497324140136 17.665093577264674 17.778989184398643 17.99393297359436 18.330058386774628 18.350966561835623 18.735482280273434 18.743636387831753 19.08614579836253 20.43322941144834 
0.2857142857142857 0.5 0.2857142857142857 -13.231758229892032 -13.131449980650938 -12.789033075031782 -11.51373319860135 -11.28578650898431 -11.247261043885983 -4.711251981174021 -4.440793835834207 -4.218097831983023 -3.3512558223258093 -2.9695225593063124 -2.103663804514875 -2.0803805790087755 -1.5320012027340708 -1.2025332912175335 -0.9582094002068708 -0.044910300694074486 0.1468824582573708 0.5594451252926664 1.3813148798595456 1.5623802946183347 2.145634051423077 3.0322763853814014 3.5384852826250164 3.6731187266246685 3.9914108697313586 4.443483002730515 5.281047514185019 5.355859744450519 5.583249949866886 5.592141526909514 6.128841744987567 7.1508073710100275 7.244147350263485 8.131521214425822 8.157961421034711 9.283343869461637 9.848169206208981 9.957761440891552 10.512976889344595 10.786137771931887 10.941892504340695 11.728034936946608 12.119676574780161 12.21181369842172 12.464793170735016 13.042010149421152 13.460756661394743 14.396118645534663 14.496908049380778 16.744557660509884 17.417969645022158 17.764085509847785 18.102538801341293 18.20642190376212 18.348144705696168 18.798786781881496 18.818432704423085 19.05142329616725 20.573016282450986 
0.25 0.5 0.25 -13.302751596085685 -13.181902287273932 -12.74996714364322 -11.490022632352861 -11.206034834355899 -11.167882248843297 -4.73416675169003 -4.649313145519198 -4.224442685742154 -3.348999497998336 -3.1380181980791755 -2.10399343916426 -2.075675261409398 -1.6623005546927418 -1.3225244251898565 -0.9755129176015439 0.15942309958543782 0.38476451951908036 0.7985475808745164 1.5633079623085575 1.7198080104685396 2.3089900403788453 2.947932544457713 3.483511051386801 3.494598675280712 3.9934625850512746 4.593153051877882 4.990224027347657 5.198328240051346 5.478546224159282 5.573092535833191 6.053304214639718 7.138207500891633 7.140199054469467 8.260271825927678 8.300294074532303 9.480993289779285 10.072789861772435 10.227436884153958 10.33595387377333 10.737860297077505 10.910291852795424 11.61575858637614 11.771822403669962 11.956520912084034 12.50182556269626 13.23625521809561 13.382782796291417 14.365897159797377 14.51183854473396 16.712526042524065 17.052082205513074 17.732563366581868 17.887487075776914 18.119367339640398 18.660416089429063 18.907500853346097 18.997200804426868 19.025857682140593 20.710135944406623 
0.2142857142857143 0.5 0.2142857142857143 -13.368812862186696 -13.229230351719739 -12.710578600320831 -11.46710908046961 -11.129016202089549 -11.095524017778073 -4.842435271073035 -4.828732655572814 -4.150442346972325 -3.347664663921723 -3.2806485880805973 -2.1196301385444025 -2.0863409579578223 -1.7826667443563542 -1.425969545707609 -0.9749056085317884 0.3780741087278905 0.6487948457244674 1.0429636278781473 1.733480911940977 1.827644631432359 2.298042965884599 2.925785413419969 3.4059816983603124 3.4124017667111324 3.9954491472325997 4.6320404363804935 4.8083161773678675 5.026162275789146 5.354372226429074 5.61083554179036 5.995773295465009 7.028507419041315 7.149658321178776 8.354838496992139 8.482336267773192 9.623949330892676 10.167671450281118 10.179530145963042 10.43074227895397 10.759960523372424 10.915000299542331 11.435722294137655 11.510371292650055 11.793305892352349 12.543230323711796 13.246333570553396 13.471454979306694 14.318467771183494 14.509048180845571 16.669525627198777 16.67971161347993 17.51058809874704 17.828304731284717 18.045000645264786 18.95955333801959 19.002177536293445 19.058496235904727 19.21650250517527 20.849021854195133 
0.1785714285714286 0.5 0.1785714285714286 -13.42738245077684 -13.27162656561267 -12.67140013888961 -11.444438823987365 -11.056920924334392 -11.030354648542334 -5.0126521027138145 -4.937061312624507 -4.0812143934856255 -3.357563205002461 -3.346795221695097 -2.1596319528906966 -2.1105158481319157 -1.8788142905192273 -1.5046477381858927 -0.9482363940442635 0.5992863044040976 0.9283851498864099 1.2852679480793503 1.8520804152376695 1.8816828331519393 2.1439925768875026 2.9818346878461734 3.306748482485554 3.4660193228177825 4.001224777097984 4.332286622164049 4.843566144756039 4.973935188965937 5.2155233791086095 5.6707903720785175 5.955619016501052 6.919507864392103 7.1856617487816346 8.437498836642757 8.669253652097272 9.709948585140959 10.020269597552423 10.177431760021667 10.505761977986394 10.862828756925621 10.939617462843117 11.147609213221779 11.42425081083225 11.782753325312889 12.589086764113045 13.141370979868794 13.664211963024732 14.258235179980993 14.491873223600185 16.283612831461106 16.649074152753215 17.240240033762092 17.830894471739654 17.99062496900856 18.985923983583287 19.22725080289892 19.247392732567874 19.438855232729644 20.996444640335095 
0.1428571428571429 0.5 0.1428571428571429 -13.476988714051334 -13.307623047563455 -12.635170477130362 -11.423430386144382 -10.992334478752 -10.975188820988121 -5.157570820165962 -5.033947283403524 -4.073549226412184 -3.3440458375569704 -3.334895980893146 -2.2391309749971877 -2.1434261858174093 -1.935252708475484 -1.556308756586824 -0.893671541897505 0.8055031657961048 1.214235774932095 1.5136090080541205 1.707553079288907 1.909352122789149 2.148904343797501 3.1003516879033 3.1843629855174806 3.582643691506645 4.011520576502307 4.016925916976724 4.6602527652975585 5.068001640189232 5.136576543665965 5.738409635655372 5.94062223940945 6.816786340933683 7.237716476885466 8.503223851102515 8.852323086097742 9.741269819958077 9.914968348859023 10.120083366793505 10.452453839457949 10.797811723826083 10.998426834105112 11.086095598397915 11.368124418530115 11.914560445004224 12.636807298782271 13.030199360062138 13.849313305491831 14.192608672707372 14.463440685363658 15.90216056919592 16.624931717976036 16.985562282636547 17.85736095382587 17.954797731007606 18.97525598412224 19.43358963361263 19.477373301921862 19.64556715034029 21.148920954235148 
0.10714285714285715 0.5 0.10714285714285715 -13.516799901308202 -13.336672203940543 -12.603533085717807 -11.406107708651266 -10.93955121730561 -10.931665211653455 -5.274540096738263 -5.11198788536948 -4.1198624926454865 -3.342402646515562 -3.2280046837619536 -2.3512436129269307 -2.18250111809082 -1.9613202300100319 -1.5870374608724962 -0.8132384415317311 0.9722751923129705 1.4076931392612453 1.495938326922872 1.7166700498442466 1.9531410856539155 2.2723933516544834 3.034841806437817 3.253128251941781 3.69383070038988 3.7184454857736013 4.022523689491277 4.484074083256148 4.917665541796074 5.246094242493057 5.809969526462673 5.955579958696814 6.726128018735584 7.294999880298032 8.54919297917208 9.010604349948954 9.706196270618737 9.87644529567556 10.043620140474719 10.343882369411297 10.569843380308916 11.120562237307318 11.154267822468206 11.346661052629807 12.108105190990088 12.6793124991713 12.920415745852928 14.015114511413588 14.129389178338798 14.427356610537485 15.538517962555334 16.60503018355181 16.759140446434632 17.892746079340963 17.93217327452466 18.967374683533738 19.628471735040335 19.67190770711908 19.817388986816596 21.299841208335906 
0.07142857142857145 0.5 0.07142857142857145 -13.54579481117683 -13.35799598349322 -12.579893886623772 -11.393092021423557 -10.900168404675757 -10.899631469408114 -5.361043232400151 -5.167883794921811 -4.1788424269267725 -3.34058497113348 -3.0827377383172974 -2.481821072681354 -2.2169225617775923 -1.9727844277694737 -1.6023974365976146 -0.7167229902850182 1.0806326512386912 1.1323572070817232 1.740479606172248 1.8784470350972455 2.0518146149741368 2.405744305535023 2.862086877393942 3.4064227425258164 3.414699260498753 3.811335388599304 4.01905503046342 4.345015573920229 4.774116413290479 5.291461523428767 5.882784883347137 5.992351740733132 6.651323211837084 7.347536923871226 8.574346142050963 9.137653829451873 9.64839011284802 9.88663902666497 9.973064658165868 10.23834824581455 10.377200115881127 11.192529945203537 11.2185876705845 11.372571861560623 12.297302893493267 12.71376289343749 12.828198359807669 14.077127165629689 14.164457886242158 14.39396320379361 15.208960260267725 16.5829500475147 16.590314861772484 17.920170157191226 17.931383986666752 18.962336178333008 19.788354288981193 19.82435417813228 19.94626394562136 21.42868817699714 
0.035714285714285754 0.5 0.035714285714285754 -13.563226850369636 -13.370756418742843 -12.56423201069186 -11.384551262152682 -10.880543964711107 -10.874156207023272 -5.4136366875659245 -5.200297018350279 -4.221694914945957 -3.33849416767882 -2.9254397544914057 -2.6218516269478407 -2.2401250307411797 -1.9766693005577678 -1.6070359777111827 -0.6283322855535336 0.9281749262824902 1.1353825547305865 1.9223597063217766 1.9789116242647924 2.2108351555263352 2.5498199490199966 2.6764688776777157 3.137450786700115 3.5646459754026 3.8824743454243604 3.964038850808825 4.28574423858939 4.663205876832464 5.301411215412544 5.931352518892425 6.038290990632082 6.6061367367807025 7.386685854753235 8.585558026033985 9.221446723315811 9.609084603117998 9.918233935290173 9.923862601049752 10.166296310252594 10.239124314823302 11.221092114303275 11.26428070778572 11.421406631196408 12.443539096879263 12.73780884095616 12.760248897563969 14.04362958737973 14.30508663245683 14.373783190975681 14.944560117945745 16.472796110697505 16.58292357695166 17.91513340116264 17.96242096091391 18.95989120181099 19.887398939445923 19.937874594779597 20.03011343371278 21.516701100527996 
0.0 0.5 0.0 -13.569373332052427 -13.375445132638447 -12.559182618111915 -11.382258808640193 -10.87423347080165 -10.86653569426073 -5.431761271692494 -5.211621853602438 -4.238221879550776 -3.3380319675306285 -2.7711703254474447 -2.770594173456135 -2.2507708380549714 -1.9783048817585807 -1.6104901744116322 -0.5909445936221243 0.8503935067460165 1.1491297963979537 1.9886180340436574 2.00941916722692 2.335430706868328 2.546023953634071 2.650007363024127 2.9880729802109713 3.643013123557605 3.9066319433312073 3.9072978451144986 4.281571719117761 4.615541992030731 5.298638449572711 5.946124087566144 6.058900412066904 6.588185551549711 7.398883584229793 8.587199442747425 9.249149821272184 9.594174208316222 9.90521106081267 9.936243831214394 10.139962046798583 10.182768037647952 11.227433682662216 11.2758791792513 11.44112064825928 12.502067779050565 12.727355260068293 12.743852766184107 14.03165627808666 14.362988375460988 14.383472107542625 14.820281462045438 16.432954970985527 16.578838972312397 17.913075916035442 17.9706272534739 18.95881800139944 19.918301141159294 19.980853002129603 20.056984470120376 21.54861992546344 
