 5.04930449  5.04930449  5.04930449 90.         90.         90.        
C  0.         2.52465225 2.52465225
C  2.52465225 0.         2.52465225
C  2.52465225 2.52465225 0.        
C  1.3669398  2.52465225 2.52465225
C  3.68236469 2.52465225 2.52465225
C  2.52465225 1.3669398  2.52465225
C  2.52465225 3.68236469 2.52465225
C  2.52465225 2.52465225 1.3669398 
C  2.52465225 2.52465225 3.68236469
C  -0.60190136  2.52465225  0.        
C  0.60190136 2.52465225 0.        
C   0.         -0.60190136  2.52465225
C  0.         0.60190136 2.52465225
C   2.52465225  0.         -0.60190136
C  2.52465225 0.         0.60190136
-93.11604156
60 bands 
kx ky kz  bandenergy1 bandenergy2 bandenergy3 bandenergy4 bandenergy5 bandenergy6 bandenergy7 bandenergy8 bandenergy9 bandenergy10 bandenergy11 bandenergy12 bandenergy13 bandenergy14 bandenergy15 bandenergy16 bandenergy17 bandenergy18 bandenergy19 bandenergy20 bandenergy21 bandenergy22 bandenergy23 bandenergy24 bandenergy25 bandenergy26 bandenergy27 bandenergy28 bandenergy29 bandenergy30 bandenergy31 bandenergy32 bandenergy33 bandenergy34 bandenergy35 bandenergy36 bandenergy37 bandenergy38 bandenergy39 bandenergy40 bandenergy41 bandenergy42 bandenergy43 bandenergy44 bandenergy45 bandenergy46 bandenergy47 bandenergy48 bandenergy49 bandenergy50 bandenergy51 bandenergy52 bandenergy53 bandenergy54 bandenergy55 bandenergy56 bandenergy57 bandenergy58 bandenergy59 bandenergy60
0.0 0.0 0.0 -18.25064089651717 -10.664889265800637 -10.16954539144438 -10.169545391444325 -10.131484027051574 -10.131484027051552 -10.131484027051538 -6.8667184742682865 -6.8667184742682705 -6.630017133679824 -3.4845176667885815 -3.4845176667885776 -3.484517666788573 -1.9701077942932437 -1.9701077942932204 -1.9701077942931966 -1.5751543858864943 -1.5751543858864934 -1.575154385886491 0.7512564591919586 0.7512564591919877 0.7512564591919954 4.832356733365274 4.832356733365291 4.832356733365314 5.411221969515807 5.50336637154889 5.503366371548894 6.735130751786999 6.73513075178702 6.735130751787023 8.976196750701607 8.976196750701614 8.976196750701638 9.70320562907688 9.703205629076901 10.216045932562135 10.88320532886931 10.883205328869318 10.883205328869328 11.89760172910373 11.897601729103734 11.897601729103764 12.20444138585319 12.20444138585324 12.204441385853269 12.755367890740196 12.755367890740196 12.755367890740203 14.619676517607855 15.725883733742794 15.725883733742874 15.725883733742892 18.500166371027785 18.500166371027788 21.10521702115245 21.10521702116901 21.105217021184092 23.630043305657722 23.630043305657733 
0.0 0.0625 0.0 -18.24908867065012 -10.755243774508441 -10.393040512330465 -10.164895526237638 -10.12933978498602 -10.128511633271572 -9.778278693971583 -6.885243963978887 -6.869132033709148 -6.6412501684209 -3.5381319842623324 -3.4910894563791213 -3.486178981666286 -2.23380727010995 -2.040530023518303 -1.969730232138821 -1.5600144374176168 -1.5404551695775988 -1.2759733642584459 0.7582928170348622 0.7875743433550803 0.8446218548717432 4.806716106349672 4.812840534596098 4.820250891323738 5.365630879414446 5.4662459308641 5.503019467119088 6.685413005716643 6.716458327313434 6.7208167598109405 8.934113525465687 8.943939832255207 9.019430707715063 9.698877463713904 9.752842774052125 10.250027684157256 10.855199594680183 10.87549531747715 10.918137045035852 11.587467695522168 11.728135929814924 11.886415325185938 12.145998121414044 12.21472961902934 12.511601418164453 12.749895908935128 12.840847254730198 12.935033166039222 14.653949227884683 15.733387502187249 15.753868093648427 15.76737552155158 18.433260488182583 18.513631580533403 20.529203951014573 20.862874518944654 21.07086707339838 21.11179614169256 23.642541828743756 
0.0 0.125 0.0 -18.24402994124739 -11.00000827347733 -10.458455216707343 -10.151035043842471 -10.123282347678945 -10.120149849356507 -9.353466015176787 -6.938138448400623 -6.875825475460468 -6.6715383174989045 -3.6921484057850518 -3.5051883331922076 -3.483336177263587 -2.58415798655214 -2.210256492083899 -1.9686532453952326 -1.533631745599845 -1.436045957494702 -0.8193866583010033 0.7829024351890201 0.8980168791500884 1.1023352826174861 4.742544047879978 4.756423782913335 4.797628244785676 5.157275502798258 5.450608495888583 5.501805849711911 6.556497340736064 6.665834456738641 6.687895535458924 8.814855871692673 8.85128339902733 9.142258024999617 9.687123101968087 9.86009462503117 10.385488335113072 10.588181446975481 10.85478500531018 11.015819970780996 11.29011007289263 11.493023415027928 11.858083082761455 12.205476332322931 12.240656386909981 12.686853324052034 12.73538617736809 13.194518776755563 13.20591639981521 14.75199832374246 15.755262030885845 15.828186271456287 15.867059625836102 18.22767381885896 18.55082897684291 20.323503762065208 20.388650874856964 20.978658560467473 21.153655515372904 23.646792288345704 
0.0 0.1875 0.0 -18.236132317501546 -11.262900971991966 -10.46272896905503 -10.13026592467632 -10.113868758767776 -10.107161845367617 -8.893861713320463 -7.014948448583521 -6.8884056478122435 -6.709657581799024 -3.9465442725206845 -3.536156365318162 -3.4782857777566316 -2.8836416907708946 -2.4159499362157875 -1.9654396775564518 -1.5096653228773935 -1.2638505370236952 -0.3417584516216568 0.8262304497428492 1.077194925130852 1.4717466594075637 4.611785729533868 4.647285145572427 4.767471735532656 4.906246761979574 5.428742855332446 5.497380352561886 6.403610221837593 6.594793166248097 6.635029336439323 8.62531499757169 8.673761995153894 9.304236883679655 9.672092769520757 9.941863252403692 10.144249884084463 10.675371604671852 10.818570665491825 10.82362029634641 11.16321977339853 11.705944170707461 11.817197950263898 12.307339424019828 12.335794514764068 12.719887858454651 12.773333260572715 13.451053333741747 13.624263876816004 14.898003880364735 15.80369032506287 15.919833170741828 15.964981050827062 17.86981414451002 18.586874576634457 19.75588642972978 20.224245978594265 20.86109452990395 21.241080085277805 23.361946663364584 
0.0 0.25 0.0 -18.226453383798383 -11.493589010360047 -10.45258979554187 -10.104432293334208 -10.102160450179609 -10.090895149907618 -8.41068944628915 -7.104062873070896 -6.90990731610212 -6.743284812719208 -4.287342053382885 -3.5975438880219976 -3.4703416861132443 -3.10381002615905 -2.6206005110374684 -1.9615266674346723 -1.4907326798824485 -1.0414922890862668 0.11792461226259719 0.8940713573434318 1.3170238681711937 1.8997603034602961 4.298031694700844 4.53767656915094 4.738260500076953 4.739697938568092 5.356510350643678 5.496678682640342 6.264341142942215 6.526816274831858 6.5551155953982665 8.374328801928415 8.377442798496563 9.464659619887595 9.660419118087322 9.741156885382658 9.9897369775709 10.424743549432797 10.784972995132946 11.099734897835546 11.330383868432339 11.775778254434279 12.026758753766567 12.397567737874665 12.482631864288726 12.705092663177235 12.849038564185143 13.700051397620696 14.03972081789854 15.063689200306516 15.875236436239268 15.987723846724299 15.99394413691994 17.384115252164825 18.60242799182294 19.229331585901402 20.05863995055856 20.73891813562823 21.365420015419996 22.900534416804266 
0.0 0.3125 0.0 -18.216801966643015 -11.681125537925062 -10.438697038547723 -10.090609246028148 -10.077408317455657 -10.074864762486401 -7.918479356723389 -7.192781709769707 -6.931284899714054 -6.765161391462101 -4.699173221453505 -3.69773103017068 -3.460410109672712 -3.229934631012502 -2.8000438374241545 -1.9592849456123578 -1.477247476079797 -0.7950867320879509 0.4925184175363589 1.020429523967825 1.596445963314192 2.338535316135814 3.920307946330015 4.428200861041541 4.578934261527475 4.724158734660431 5.233864557463024 5.500682106662737 6.182813669519398 6.441506400673443 6.472492613966887 7.968244704846288 8.092433190279817 9.45292385083184 9.558341876339611 9.68541060474372 10.01722583397322 10.156064565611183 10.743710608725683 11.494642716553727 11.607390932672311 11.739272850635496 12.374188493958542 12.494120326843563 12.60749210134863 12.692875519029753 12.914409449808987 13.982259031100998 14.430983004264055 15.210551095415195 15.914945247425857 15.935251151322806 15.990644331989811 16.858728437485997 18.5853278355018 18.744138455786686 19.888359709147903 20.635138883002472 21.503786676294823 22.617260616647854 
0.0 0.375 0.0 -18.20936141818481 -11.818464173300658 -10.426585050347203 -10.080899894653474 -10.061111276791058 -10.054139465416094 -7.458946054915378 -7.266266516694862 -6.914572359110715 -6.774125919099475 -5.163216755454427 -3.807048593617994 -3.4515399823844537 -3.2885548263388062 -2.940882349422286 -1.959612422452833 -1.4680079965793449 -0.5615605399523903 0.697485580368911 1.2431822807463548 1.8839856378882187 2.7278369670918994 3.573481330958179 4.335660060091857 4.3798538433239225 4.731309433550101 5.120086481100386 5.502942889773628 6.147923535985516 6.29283388713876 6.459706387716718 7.496309216181305 7.84535310073989 9.27222854915809 9.567695762949537 9.755963120516942 9.998640270094745 10.033783465349499 10.706572984067021 11.632385643871238 11.70712265267233 12.139094273987986 12.583051633935426 12.681848307751082 12.686695001078952 12.688304167170372 12.962870425163327 14.30449291188687 14.79469332659667 15.31190348799816 15.71877577238272 15.80882617074838 15.902910160761145 16.540516763463483 18.338582799860564 18.53394548195199 19.724266732214573 20.536062983814496 21.795588151456187 21.98628076455183 
0.0 0.4375 0.0 -18.204401487660604 -11.901974031854152 -10.41845627904516 -10.07472009600528 -10.052262953499655 -10.037767419623165 -7.319496623950578 -7.194165033580961 -6.804318459549297 -6.663630453839087 -5.647823740388118 -3.8850645202317113 -3.444483808257731 -3.313873186798978 -3.030791155178786 -1.960328968561097 -1.4620276115926816 -0.3879698616787041 0.7759686992091512 1.4618947497621382 2.1279336216585434 3.0013097138872054 3.3196521069951115 4.187145376986781 4.273957470885739 4.760718137823329 5.05261435980139 5.504789130595259 6.137328472419651 6.161299797304903 6.52499423947262 7.054017926989165 7.688471708440444 9.1741634397102 9.560368810376616 9.810358236216013 9.918742912118226 10.042739268731324 10.6810994505362 11.689727922348128 11.726925896601896 12.59180428639553 12.66562369640745 12.67621899629904 12.731827634571447 12.905280035743527 13.000424218125383 14.654900943809887 15.131327182606732 15.330366935796901 15.443365952976569 15.466667001019857 15.733688687816434 16.552085357247254 18.023420534977603 18.475386280684106 19.603156841992977 20.510414615170582 22.159633517571685 22.88761904071737 
0.0 0.5 0.0 -18.202798148621863 -11.930099469323102 -10.415568031049006 -10.07277783150933 -10.04937458503075 -10.032084296764786 -7.3359906077667665 -7.154472577241303 -6.798251437775477 -6.356129692338252 -6.010139432504214 -3.913037605792687 -3.4413630871509446 -3.3207826564840954 -3.062316036886212 -1.960877944423721 -1.4604662096037018 -0.3265563545206764 0.7960656619792381 1.5478600759025507 2.232038397270177 3.1000904229628357 3.220319679072653 4.102352515899927 4.252007214630962 4.777732118399068 5.0314014140994665 5.505103090077889 6.106229012528975 6.134690034816112 6.6851689802656065 6.7457353744278254 7.633083679960473 9.142427570749842 9.556180909578885 9.829390141703108 9.893904136076653 10.045845067322379 10.67223441970333 11.68213514149345 11.758082713020732 12.657410739763032 12.674639325079792 12.744052563034534 12.827801619908964 12.965189206696962 13.03326580862074 14.908168021881119 15.188799675898508 15.216148887501692 15.358543519509894 15.419077873597242 15.562330687911434 16.58912416438138 17.92480799759776 18.447042389158696 19.5582293745934 20.48980232627293 22.403069568907654 22.93747984965183 
0.0625 0.5 0.0 -18.200677384507397 -11.92622553854691 -10.580214378488852 -10.201720420691768 -10.046691525213737 -9.695991196894736 -7.350053432617245 -7.160678652608686 -6.814975546519465 -6.355942910045101 -6.006651718514823 -3.91216297688416 -3.4898203852422665 -3.3176031133137855 -3.0544716810445167 -2.0176164438947475 -1.4265473809963378 -0.29951332521001334 0.89660741265683 1.5489851838638768 2.2385260410394454 3.1307442468981126 3.210140108411057 4.100230662708106 4.239904522921422 4.714508326229958 5.080985388674252 5.401166034708653 6.098689978517013 6.131881190165151 6.616018764535625 6.8178735137207145 7.604637838919964 9.143017457598859 9.522725006357685 9.871092772616928 10.01559429120108 10.01786915445158 10.700633108963588 11.735835062636172 11.785158067898118 12.245697931568234 12.588290386105287 12.662484174734605 12.979940507058718 12.981786602866672 13.357783325511514 14.882483399775941 15.108836502810366 15.272504508031217 15.39615981478841 15.479226513307848 15.564477653176212 16.63290295335365 17.959339352318036 18.42182392832019 19.442144297772355 20.58717870811555 21.863650693098137 22.93567330320688 
0.125 0.5 0.0 -18.19578311457684 -11.915144114877519 -10.874890777210217 -10.211150633509009 -10.039975658000875 -9.270816279198254 -7.3945317742705186 -7.173427853166245 -6.86513320153072 -6.357081149886914 -5.995933708866751 -3.9096450843700468 -3.644558251913662 -3.313568131793725 -3.036804764888858 -2.1708548313530445 -1.3274618835268193 -0.20958971326726958 1.1700606658731407 1.5530065440757743 2.2604752674150728 3.1803315077953616 3.2091273675473575 4.093651150887006 4.204248581861061 4.584867868136987 5.130278313801513 5.154896392621068 6.076665945331947 6.12234344262608 6.445625343235592 6.987520001049706 7.5190348614234646 9.141883774243277 9.482882666295156 9.933481448407528 10.006285140820248 10.27995543971387 10.78130860975148 11.606651978162645 11.857070020555826 11.925055045628046 12.388636994344289 12.65924881413414 12.966651122190436 13.165228336720144 13.704165960781646 14.806757868257963 15.00350685274991 15.32525851481797 15.492482350917589 15.566990172585045 15.621543043643031 16.752442988995387 18.054391000646632 18.32094065778352 19.186416401119878 20.776985316079877 21.727134816327144 22.930061373736105 
0.1875 0.5 0.0 -18.18821876422127 -11.898377924936167 -11.150760143851675 -10.196880630738397 -10.030515294945323 -8.809256686249345 -7.468433714692113 -7.184259822779191 -6.940811757188547 -6.358371890695619 -5.9807534094971135 -3.90555246118655 -3.8990736952275586 -3.307389809564177 -3.022291863612389 -2.369324999313801 -1.1668130295366113 -0.05362676375065709 1.5560441143156962 1.562214200735145 2.294535317274292 3.135771169709871 3.3024177398457226 4.082588088762966 4.153874201073771 4.4457567705182255 4.769955469260648 5.182994798045852 6.035236187324733 6.080297284209352 6.269404928595231 7.203695178408458 7.386093194102677 9.143233171688166 9.464679329871883 9.792538048301802 10.232063319982649 10.607266319278946 10.901473413996737 11.00106837276092 11.962602904913204 12.1491560838481 12.182656002190381 12.642281217236656 12.948967299671255 13.351936993499626 13.94169702678405 14.693410696174176 14.909455841009637 15.382176913508982 15.56625224247644 15.603828551388666 15.809681234240132 16.923584939514413 18.082814313338694 18.192095259715394 18.934060060771756 20.953469763253363 21.552852102758294 22.95845663778419 
0.25 0.5 0.0 -18.179195733264667 -11.878055851341617 -11.387054194588805 -10.174600719063747 -10.01884718865543 -8.321754380168192 -7.558502469803175 -7.189283668262134 -7.025436739424408 -6.359305626364068 -5.960087659237665 -4.243898130300543 -3.8999571880253687 -3.2974295744006246 -3.0231818984240473 -2.5701615499995145 -0.9496012015107851 0.1801914112340687 1.5622795733032944 2.024066746650723 2.3372924273938147 3.0850270201810805 3.366317728407706 4.0631591102341105 4.096027327679526 4.29740027192289 4.379935235156684 5.1218913679187885 5.976999555513123 6.012137714247264 6.1992663058250965 7.213164716457987 7.439853149822711 9.146613624996213 9.4586283204803 9.599523652001656 10.429151280363739 10.517914249103244 10.954302717602559 11.044656482974318 11.979711221354655 12.081864864937673 12.410036434976222 12.623661416429034 12.971254131202372 13.556043773551133 14.096050402494669 14.566806694982443 14.842448783906978 15.441490852927172 15.572289455976739 15.667423899461925 16.030494977341043 17.12068433701842 17.650311163673717 18.367561032518896 18.77305630227929 21.07447086749844 21.31753514001104 23.036130002230486 
0.3125 0.5 0.0 -18.170387431257662 -11.857345688795252 -11.576397641598847 -10.150638857727317 -10.00702190024768 -7.818813110920123 -7.649915608281104 -7.191257914528408 -7.106041997045046 -6.359594257709723 -5.939439546207918 -4.659160942429956 -3.8940527656541977 -3.286472075089173 -3.044254995659619 -2.75106252287391 -0.7077014781882256 0.4821018346709979 1.5658605584856615 2.3752253227100524 2.5125787027124082 3.03609495471811 3.367520501137748 3.9135347366908086 4.039236389388919 4.104515536589276 4.122143646277615 5.009676762362977 5.8998583342060815 6.030181184295242 6.185540357808748 7.003048525486739 7.671001055450091 9.14925491553269 9.36800616662341 9.456366777053965 9.945670728109034 10.810266635575468 11.190008825086426 11.283930292344913 11.79209581322527 12.167335414256257 12.576615575815724 12.628405007389953 13.103233134413236 13.79775150998947 14.198728509177208 14.443994379071624 14.793926971303142 15.490579227657971 15.569456412429659 15.63832405166897 16.25876145958666 17.06514969283124 17.315962799850013 18.567659385150673 18.68794039452799 21.048745158091048 21.13011516730147 23.15438006650645 
0.375 0.5 0.0 -18.162799874533125 -11.839530148605364 -11.713993590589393 -10.129912436754083 -9.997311236712887 -7.7265664854358675 -7.342878782170731 -7.192114773545158 -7.132529626567568 -6.35757663673534 -5.919851501289755 -5.126042689508883 -3.8900376128093552 -3.271381595369135 -3.0700741481905145 -2.8943035274760356 -0.4742594975272837 0.822710758212025 1.5699702182091617 2.385960905888517 2.9790225794144787 2.9962267612200733 3.319738308832913 3.591159804159171 3.8521066065259673 3.9915946653776464 4.089947009539985 4.9456694590998005 5.79905668676766 6.111384368148295 6.194847775083976 6.783703855124307 7.872552180271886 9.130852307043543 9.150498224997184 9.454869434043863 9.589061710970192 11.047248301940376 11.313913845810655 11.51937609465281 11.68983413641554 12.20699965930864 12.621446769427427 12.675524364785971 13.34607896743615 14.116650678449373 14.288637252685298 14.34791345979108 14.771266742378192 15.526609403041677 15.528456039719934 15.570390074170085 16.40880608820816 16.46517506886665 17.480210957428746 18.64337045254982 18.758956507804445 20.79510763170063 21.13806090952835 23.32283717176443 
0.4375 0.5 0.0 -18.157474431378482 -11.827286174126714 -11.797525879517117 -10.115235459842248 -9.990646581723183 -7.776881375235405 -7.2576285404305425 -7.192267667975312 -6.754443727125392 -6.3481606380359485 -5.905737168605732 -5.6202066976276575 -3.8876837636203043 -3.2529144755677066 -3.090199031714766 -2.989020255819995 -0.299922938328944 1.1370414745746749 1.5718224365848557 2.342902786654855 2.9710802469696858 3.2664814009212457 3.3476984104852536 3.349166404468774 3.6313059245470507 3.96051290786994 4.083273586365993 4.930442573330199 5.684052620488783 6.149466282371885 6.2620055368591725 6.615551591118799 8.009180034942485 8.94679221435053 9.152441315880628 9.375906037978952 9.45305284224239 11.172524307263574 11.396774207654333 11.520037796712632 11.79901947453503 12.211867990195856 12.624787142608408 12.72959768750623 13.552926136964297 14.281724282155398 14.382214057186626 14.546862442900183 14.761454238671323 15.374567407864548 15.554093691976995 15.571975448224359 15.73889675586468 16.612661231097128 17.586018711854603 18.620890521550667 18.88818024210782 20.60899447144538 21.129956854371407 23.477087273772124 
0.5 0.5 0.0 -18.15575150701158 -11.825531873259994 -11.823071793585925 -10.111511456139198 -9.988479297343588 -7.794883022597344 -7.268177014032883 -7.193106083178885 -6.462067889046326 -6.256214315242326 -6.006792823081437 -5.90131805617152 -3.889025135318392 -3.246980246115946 -3.0982747163614732 -3.0271954523194466 -0.23651771204452757 1.2805794768464163 1.571184410835651 2.29729490513332 2.9628314264577513 3.245922762619685 3.2588895381552376 3.493947714450614 3.5421454340827374 3.947917739898123 4.081117901672623 4.928374637314755 5.621517806873795 6.1500593778659844 6.302987542801507 6.548286084843659 8.059199099759933 8.874778922153256 9.149965246274594 9.304732402570211 9.452239799470256 11.200028267678972 11.423753048506937 11.510830380780124 11.855570443520559 12.206455106553857 12.620890659738158 12.753166515054255 13.628005978555091 14.260039486884056 14.43319227358185 14.757098668746739 15.013953150628739 15.180683416424541 15.290202858000463 15.56168189800544 15.569548255408165 16.665421352876805 17.619708326363416 18.613859433273472 18.927921398842653 20.53979535238711 21.121815050653673 23.532160447347447 
0.46153846153846156 0.46153846153846156 0.0 -18.156934025883764 -11.817257150935674 -11.81343167753284 -10.113950240628489 -9.990509935089426 -7.780517731080758 -7.263393546298605 -7.197330422831578 -6.619523524732609 -6.4539988662380345 -5.814203834708917 -5.730263490366017 -3.8767599249734466 -3.246012324911463 -3.1018710488638166 -3.0112223330161583 -0.26123879533021943 1.2020107082257507 1.5310048095689544 2.2797384910466802 3.0109181183781795 3.2615712244386823 3.294516049839379 3.4247225842507305 3.565970508809874 3.9720304157690896 4.141750730193011 4.914009314893098 5.679694642847495 6.149072313122511 6.248743212415502 6.5766199280003335 8.09038116143371 8.864403141967625 9.161928988852106 9.347245170887707 9.462525375981853 11.216620669454125 11.417614550179279 11.505343371459123 11.804103088957252 12.203843986371004 12.591219726476192 12.751600222173472 13.596068799342673 14.26996263689971 14.379998410159438 14.635514089819942 14.766833282578267 15.319870132767681 15.382699930891846 15.583998783059638 15.809675611978195 16.643891567204573 17.587029937986884 17.907596368246043 18.617580487331853 18.939696189951466 20.531668530098003 21.135131529557512 
0.4230769230769231 0.4230769230769231 0.0 -18.16111007528267 -11.793746593930146 -11.782565468646734 -10.124492928005587 -9.996817303686283 -7.739683457758326 -7.25742041931204 -7.2258501338442365 -6.892198849496192 -6.728034895064071 -5.524961114107943 -5.441618337589076 -3.846940292122558 -3.248551545744241 -3.114692870090692 -2.9741906978152977 -0.33792212982847436 1.0038091262593942 1.4085411329302069 2.201188880578269 3.119426581131824 3.2447405731983676 3.3172208108744186 3.393591242147363 3.660841408418289 4.025043144555041 4.282417633842985 4.8730002154116345 5.815639948226482 6.088536695313819 6.163240743123469 6.6613634773037225 8.175113778166665 8.841628166490056 9.192979948646812 9.467046254548293 9.48786948697538 11.234775664198242 11.394290152163613 11.485179070112794 11.653634271203416 12.203366289359504 12.49819943206959 12.733045979627894 13.498426297325292 14.166986686713194 14.244025322345001 14.295616959258059 14.79327685591112 15.34477813988391 15.584907009362707 15.638395880207863 16.250544874364817 16.590782683711794 17.40527600499126 17.477585940592054 18.632336927620955 18.95438422248135 20.505138433135148 21.17031471895447 
0.3846153846153846 0.3846153846153846 0.0 -18.16817124503983 -11.755383960879152 -11.731116922929779 -10.141073749068958 -10.007107236787387 -7.680512776222281 -7.359111981680824 -7.301899022337028 -7.100272571650279 -6.926428306617498 -5.230165338676959 -5.1464839420292305 -3.7996047950884595 -3.2445360801241017 -3.1330895529852003 -2.915911372663817 -0.4559157861916537 0.7524680662460546 1.217664719389016 2.0551392087045226 3.001282210758721 3.1970676650309366 3.4393024758675397 3.5395273318639844 3.835471962960869 4.0952062148847315 4.423122546869233 4.851343446123415 5.9190039116987405 5.975944525952974 6.156790098019016 6.8213761874393 8.289934807569917 8.82618217444239 9.246730577307167 9.516047613645261 9.656547563553351 11.196199352966707 11.357802536682604 11.417278450133246 11.469168018119445 12.20637054433436 12.359657231093685 12.687125850394754 13.34718325073379 13.730147410384669 14.067132190350481 14.31739364349801 14.84729511632165 15.298623530647482 15.746562820369824 15.84526188777104 16.408613357288402 16.781070553583483 17.311862763661576 17.51206884728445 18.666718631095605 18.978375645870226 20.461125148655018 21.21930745113958 
0.34615384615384615 0.34615384615384615 0.0 -18.176186042891356 -11.70023287826886 -11.658725283850679 -10.161369599970978 -10.019842374650617 -7.686079797557107 -7.578470689467507 -7.490923201756117 -7.120459332300792 -6.981975843079283 -4.94027554142941 -4.859449833938477 -3.737316123855469 -3.227822604998837 -3.143053525804717 -2.8378788355947946 -0.600640560252918 0.48813622997127026 0.9767743957586069 1.8713840660206968 2.725355702528343 3.1774295834629314 3.629531585247099 3.7192555071669267 4.024837725951969 4.1788197374299445 4.524478893245923 4.937978844242401 5.77333654591034 6.122650070541158 6.163200433798719 7.062284211659079 8.426787023766277 8.833815267492593 9.326002246232278 9.545275849515829 9.904420693151195 11.095546785566183 11.175606474730582 11.315896064536108 11.408392753675303 12.181607943060836 12.194282701550623 12.621088451455748 13.159829501828868 13.367652089797788 13.877604383687434 14.32055520879122 14.960344411271759 15.196551004898947 15.87351849208256 16.109899600915153 16.329662254738313 17.04349210557255 17.25532376238842 17.63766609483813 18.739044088878373 19.015654794662037 20.409869977831967 21.281757430723083 
0.3076923076923077 0.3076923076923077 0.0 -18.18627924547016 -11.628300290679029 -11.566264208851992 -10.186380268865992 -10.036202792086582 -7.965083049867893 -7.8479694250454575 -7.449746451852312 -7.087025981239874 -6.969146648460608 -4.6667871777125765 -4.589917770324261 -3.671204293244793 -3.1960732754925814 -3.136554931711475 -2.7449800158420614 -0.7589780838495611 0.22842744898468534 0.6987510160125291 1.6749960174550715 2.4317169680148445 3.0178890529357 3.8333297816729024 3.9292303976241607 4.168664934659675 4.2700837702536845 4.676426952672695 5.090730678070989 5.702700223020319 6.180067943335005 6.235804356921967 7.363061723803964 8.569199160905383 8.862248347397092 9.432993000090985 9.57475334106646 10.191935779005554 10.877562541047672 11.002068424507698 11.268841841362535 11.309873517251711 12.015380869116893 12.074939017585384 12.520900648563622 12.952680668583527 13.117333497345433 13.68433871329054 14.277532840556434 15.037936324229532 15.115697051729624 15.979334757407905 16.0577771030212 16.55145626169519 16.856569920496344 17.58923519542499 18.858797490520303 19.060823824335422 20.357619942208565 21.27377162918542 21.82295180193264 
0.2692307692307692 0.2692307692307692 0.0 -18.19746523495892 -11.538814941741247 -11.453895828480297 -10.212645579747967 -10.053645940469641 -8.280313138317574 -8.155593668533754 -7.344553884452995 -7.046051194623607 -6.929995831081586 -4.414090804668267 -4.341325371091663 -3.6087830645221084 -3.1353751125913223 -3.1036779397039957 -2.638674322853876 -0.9210536910631361 -0.019187305895497612 0.3967781921313539 1.4789164193518756 2.133273481344218 2.717037579029186 4.000567430108976 4.184158860562629 4.336957435326376 4.3681800165976465 4.843559143856858 5.227533515033787 5.7409611799073055 6.219481062491241 6.331399117593917 7.69172973176904 8.708791493119897 8.9115823459098 9.57626992937895 9.607812176451256 10.503467737145936 10.622906781369498 10.867047100130435 11.172138965961338 11.22548618294744 11.839063429396873 11.895606521162241 12.367882165657482 12.743201877783955 12.994271478944013 13.494946875634028 14.188218009602588 14.826344018631783 15.266473614721027 15.904620923255402 16.050499013806544 16.566080023536347 16.96063516029573 17.880698769394286 18.940099277474076 19.033917989729847 20.314963731378608 21.318824492889167 21.935056913153748 
0.23076923076923073 0.23076923076923073 0.0 -18.20895008278796 -11.431631751190656 -11.321826855504137 -10.238427684181344 -10.070670279289937 -8.593983504511632 -8.465005439869993 -7.233879752522266 -7.00554360824804 -6.876226625724341 -4.185802599105874 -4.120044696908647 -3.560106926292292 -3.036946942848871 -3.0336120515818554 -2.52154029100955 -1.0782445829010003 -0.2539920561847111 0.08225030282646065 1.2975296995576904 1.838678590722235 2.334606443690232 4.1531771639059185 4.460370052939629 4.468695572584217 4.544434139543768 4.933138616044149 5.3350754083102085 5.891349428853439 6.285797829877691 6.418606937302392 8.01529400074003 8.833243349284638 8.966898970805508 9.648367253834335 9.764632733719553 10.393249232203743 10.746840082458501 10.806168421290625 11.0084227231198 11.19707220468378 11.684238389194105 11.7042813494089 12.18734445143699 12.542048808482924 12.93959921186929 13.317656744907232 14.053566343309303 14.565863012918108 15.316685760296263 15.816672076619438 16.076305810420035 16.3443290111089 17.313007661957652 18.105537613247183 18.738902755615104 19.257290064799825 20.293104285898032 21.35732016480545 21.99514914657344 
0.1923076923076923 0.1923076923076923 0.0 -18.220162086367168 -11.307309327914528 -11.171048256658889 -10.262023615537618 -10.08716642962444 -8.89952796918053 -8.77046490906281 -7.129061011395461 -6.9678328074006055 -6.816387191906131 -3.9851436480203213 -3.9289404170700615 -3.5283283464629975 -2.921931415392266 -2.900385703669352 -2.3970699410279757 -1.2215913775554803 -0.4782761978012248 -0.23673930633578372 1.1360889790480253 1.5576764643149414 1.9290034003071361 4.3082429104574915 4.565796779823243 4.731703318893577 4.755979746801933 4.956465826029748 5.41365925704647 6.097308923188114 6.378065776241358 6.499496565138931 8.307223360852724 8.917169270684967 9.020199222773286 9.694560156795362 10.006844639835231 10.202468772799476 10.657106595457744 10.84162259834231 11.003134126194613 11.233594649804363 11.551961257754114 11.595831202055901 12.02263384290996 12.363449023553192 12.895707466497637 13.158920046273098 13.876297394030491 14.260990472069041 15.20665133299951 15.832431531934759 16.058583649101642 16.1467832764161 17.65162243676818 18.272819567956795 18.74919675812815 19.517313462259512 20.301339784495255 21.38105515566472 21.994792293086583 
0.15384615384615385 0.15384615384615385 0.0 -18.23046799732016 -11.166558418828444 -11.001366222148215 -10.281499328592222 -10.102427772075243 -9.195300832311657 -9.068543256300659 -7.0378408307527796 -6.934630263879133 -6.7576280151357 -3.8157218787226177 -3.770125120146377 -3.5097037635597985 -2.767748559325715 -2.7313018774460653 -2.2734408862485327 -1.3457114818772353 -0.7010657615539329 -0.5561300056011436 0.9992467685795078 1.2996330187577934 1.5431029492951542 4.4622640910217815 4.652649184609275 4.870960491293312 4.980013276951668 5.033486367148455 5.457021421466109 6.301479344501054 6.483336698264204 6.572382046950069 8.548594233558449 8.95284136479671 9.05280878519489 9.728382411482931 10.047623638843207 10.292665021929924 10.568594948176656 10.753659813791593 11.015939205938773 11.27667940034786 11.442890516631083 11.69327968399012 11.916679729838597 12.21891790172517 12.830696566046928 13.018217944558865 13.652697892363058 13.915998192504304 15.028746132857126 15.85071640995683 15.98567146912039 15.9976062599277 17.949474302110808 18.095801869858434 18.383198207056296 19.81201525437353 20.345577185014065 21.37072820568734 21.991355113315322 
0.11538461538461536 0.11538461538461536 0.0 -18.239253683940877 -11.014012981841129 -10.814159567568026 -10.292882574277822 -10.114523202821216 -9.47583540192804 -9.356187633600921 -6.964360350388642 -6.90631874999693 -6.705248544646058 -3.6771596594032223 -3.647393711889546 -3.49704045216364 -2.5768265577457794 -2.5344500305088076 -2.156118705511768 -1.4449941716878985 -0.9325108687349237 -0.8652331091459163 0.8911315287183326 1.0776460051703822 1.2107012077423964 4.603910865880108 4.726519255399691 4.866051593558303 5.172019293361325 5.213829413118262 5.477155702893254 6.478654064542222 6.582088074997531 6.636988309785759 8.735392012149141 8.961230383996241 9.048527395677855 9.737185173368227 9.918648269539306 10.431382551405271 10.591485518500203 10.815007953197853 10.976983160148707 11.2762436890105 11.39024261883467 11.883366154668602 11.910702679865274 12.146846150730923 12.732447263967371 12.905718449692786 13.387499781168188 13.5466545283045 14.857913647310154 15.827712919646661 15.871426731513274 15.912972199478812 18.191400086943535 18.24168825795978 18.449166889162644 20.146837530895073 20.432161814390312 21.33232560730437 22.396956769381685 
0.07692307692307687 0.07692307692307687 0.0 -18.245723613890647 -10.857172316753234 -10.609883697787089 -10.290328003728003 -10.123902924111475 -9.736781226963958 -9.633856423389679 -6.911215699539152 -6.885155677261691 -6.664655655868993 -3.5736477253058743 -3.5580216620421994 -3.4907975106857605 -2.3530851280498104 -2.319965211875875 -2.059620493074532 -1.518273251025862 -1.1784776791035108 -1.1618028936333644 0.8127533971710652 0.9025049259241881 0.9580048482136068 4.7203810862875715 4.78265432353029 4.846774805588283 5.308923965934218 5.369627308248328 5.485436225190517 6.611530262177596 6.660665912214258 6.688440452003121 8.867526868472806 8.96238008822424 9.017472353185791 9.72550858941673 9.809606667140427 10.312513942074327 10.803568882560867 10.88781416918468 10.930366696231271 11.394340095243534 11.463563247758753 11.928652489171148 11.999104243147613 12.225002936311101 12.587844314057488 12.821442981334979 13.10574876360032 13.1745686686898 14.726062063997484 15.775615312688153 15.793546115766492 15.822564557711264 18.3607811751808 18.481957680463143 19.42673923535097 20.433357081624894 20.65294455150665 21.235633480019484 23.679628840932587 
0.038461538461538436 0.038461538461538436 0.0 -18.24954978785367 -10.72245811336054 -10.388540404761807 -10.255504407386868 -10.129519372857287 -9.967554017532478 -9.8979096470075 -6.878148987435684 -6.871716494296642 -6.638903515205784 -3.5080968405153308 -3.5033885259150033 -3.4872684860134737 -2.117068118591651 -2.1021985366647864 -1.9939137669515021 -1.561106244520536 -1.4272728182977452 -1.4251263593635428 0.7664136949812641 0.7900547833057558 0.8027650894070292 4.800695333381835 4.818977007826755 4.835910301170508 5.3896589858602795 5.468941864311728 5.494465084776758 6.701767028654151 6.7138975988543725 6.723725164794976 8.949105008226855 8.969731939569193 8.985348583289317 9.71005162463599 9.731759833927603 10.239607234737042 10.872955897245081 10.89170131211073 10.895542928985872 11.675253548988442 11.697129311698585 11.907046246671824 12.130528312486021 12.284733134251866 12.38365387063232 12.77162678244472 12.863594286716156 12.867086859510248 14.646106749738466 15.738907730056871 15.745030267850623 15.752814044795942 18.46563496845229 18.495944847448385 20.544782962316553 20.87772596531686 20.96128654458243 21.142931973683947 23.645536829616546 
0.0 0.0 0.0 -18.25064089651717 -10.664889265800637 -10.16954539144438 -10.169545391444325 -10.131484027051574 -10.131484027051552 -10.131484027051538 -6.8667184742682865 -6.8667184742682705 -6.630017133679824 -3.4845176667885815 -3.4845176667885776 -3.484517666788573 -1.9701077942932437 -1.9701077942932204 -1.9701077942931966 -1.5751543858864943 -1.5751543858864934 -1.575154385886491 0.7512564591919586 0.7512564591919877 0.7512564591919954 4.832356733365274 4.832356733365291 4.832356733365314 5.411221969515807 5.50336637154889 5.503366371548894 6.735130751786999 6.73513075178702 6.735130751787023 8.976196750701607 8.976196750701614 8.976196750701638 9.70320562907688 9.703205629076901 10.216045932562135 10.88320532886931 10.883205328869318 10.883205328869328 11.89760172910373 11.897601729103734 11.897601729103764 12.20444138585319 12.20444138585324 12.204441385853269 12.755367890740196 12.755367890740196 12.755367890740203 14.619676517607855 15.725883733742794 15.725883733742874 15.725883733742892 18.500166371027785 18.500166371027788 21.10521702115245 21.10521702116901 21.105217021184092 23.630043305657722 23.630043305657733 
0.03125 0.03125 0.03125 -18.24966031154691 -10.718695078119419 -10.344496325243325 -10.344496325243252 -10.06359437938569 -9.945141836604389 -9.945141836604389 -6.87484464203983 -6.874844642039789 -6.638790647237406 -3.502677457669458 -3.4987543637372784 -3.49875436373726 -2.086318040084923 -2.0863180400848735 -2.051805255614283 -1.4976707205293784 -1.4521932460590703 -1.452193246059029 0.7813226067314778 0.7813226067315053 0.7951372062218477 4.795549629076833 4.828706526801782 4.8287065268018 5.391985352695625 5.480973849597356 5.480973849597359 6.708350956900767 6.70835095690079 6.720292591764721 8.961885129033561 8.96188512903357 8.977912782770934 9.720427999437387 9.7204279994374 10.238692617360327 10.877312798635034 10.892615919997365 10.892615919997393 11.651737151884232 11.795553249534295 11.795553249534336 12.25372206782831 12.253722067828367 12.310259033870302 12.81979002417436 12.819790024174377 12.87459174824352 14.645898148530724 15.744245818384142 15.744245818384169 15.747181260504112 18.48045641940626 18.480456419406366 20.68673008930549 20.979059147444005 20.979059147590963 23.62589270512152 23.625892705378586 
0.0625 0.0625 0.0625 -18.245703197977168 -10.834705025731651 -10.524902677782505 -10.524902677782471 -9.906112838296115 -9.730752915576785 -9.730752915576772 -6.897739124590615 -6.897739124590601 -6.664881646607526 -3.5500889267893587 -3.5351753789786993 -3.5351753789786344 -2.2843227564206163 -2.28432275642059 -2.2138090949199754 -1.3481800554423558 -1.2322173222476385 -1.2322173222476347 0.874341310054962 0.8743413100549743 0.9259265246848156 4.701910949435619 4.825222956283962 4.825222956283996 5.33247475642588 5.415097117349369 5.415097117349371 6.638394890574581 6.638394890574589 6.684805211934231 8.932800994422028 8.932800994422049 8.987989981569964 9.768703022375119 9.768703022375131 10.305286891381055 10.834228865035081 10.915247990729334 10.91524799072937 11.34292805174683 11.638233366372475 11.63823336637251 12.272748869312185 12.284480603309955 12.284480603309978 12.997545024044182 12.997545024044209 13.211904492856068 14.726904702687577 15.797049722163457 15.797049722163587 15.797416666110646 18.423957818910708 18.423957818911024 19.620097311259748 20.672831554413523 20.672831555082062 23.430524415902415 23.430524420727505 
0.09375 0.09375 0.09375 -18.239310932303564 -10.964447257233124 -10.692430397753037 -10.692430397752995 -9.70816284804575 -9.506209040904047 -9.50620904090396 -6.935682593278915 -6.9356825932788935 -6.708520496051394 -3.625600848853053 -3.594597252732603 -3.594597252732596 -2.4805450491390912 -2.480545049139082 -2.384719203795735 -1.1859637477850427 -1.003179704137101 -1.0031797041370754 1.031839012395077 1.0318390123950771 1.1311540704853051 4.562478957535705 4.821981581920973 4.821981581920988 5.233006393329111 5.306303546491401 5.306303546491402 6.530247313925042 6.530247313925046 6.624539094203107 8.88738163418915 8.887381634189163 8.986113218450363 9.832728023381106 9.832728023381131 10.394887490344603 10.678650254437517 10.939399927723173 10.939399927723208 11.201162587229845 11.537374294902584 11.53737429490259 12.1306806444783 12.266458430787093 12.266458430787113 13.22960976996164 13.229609769961653 13.61476428584433 14.865653570226838 15.85260142213033 15.87686671345422 15.87686671345427 18.027937403359267 18.327512485871402 18.32751248587296 20.318506358205926 20.3185063592125 23.21583006424016 23.21583007498658 
0.125 0.125 0.125 -18.230287637030653 -11.089523090048663 -10.84802483578439 -10.848024835779382 -9.488888559973667 -9.271842725781076 -9.271842725779436 -6.987912030233145 -6.987912030231957 -6.7692743021830175 -3.7253615054662244 -3.6732596598893648 -3.67325965988936 -2.656140523012922 -2.6561405230128923 -2.5493900328275587 -1.0213803788618572 -0.7851282145901467 -0.7851282145900962 1.2532831693399484 1.253283169340202 1.3952701784054589 4.389296502969403 4.817139385276801 4.817139385278225 5.09270986977592 5.158165625480165 5.158165625481302 6.382861815570613 6.382861815572119 6.540327699473174 8.825263372250845 8.825263372667669 8.940228631440887 9.903856729091633 9.903856729169329 10.382323222506507 10.60601101540234 10.955674125830278 10.955674142175669 11.198574745512381 11.527853263853514 11.527853360878773 11.97722462370771 12.229655824738513 12.229655856687854 13.463863404869125 13.463863501108534 14.018686367068055 15.060880536836146 15.880586132575582 15.97548852706733 15.975489060534018 17.35602466138875 18.188965726370096 18.18903395508773 19.97224764703373 20.01358259235873 20.520819594787977 22.640584539410813 
0.15625 0.15625 0.15625 -18.219037640506475 -11.20415676791642 -10.989734724655765 -10.989734724640684 -9.25399353360401 -9.028598489935321 -9.028598489934438 -7.052374697380892 -7.052374697378978 -6.846297174357331 -3.843387181511492 -3.7732996782879304 -3.7732996782878905 -2.8056789240188356 -2.805678924018749 -2.697890074311337 -0.8524004584332956 -0.5794060145787088 -0.5794060145786618 1.53355792811569 1.5335579281157434 1.6997684954804761 4.199850410135484 4.805698447658088 4.805698447658863 4.9194458396844665 4.985984267567533 4.985984267568264 6.206941949467894 6.206941949469294 6.432158556599381 8.741335436731807 8.741335437114403 8.816037597014716 9.983409209198811 9.983409209327741 10.28276715785157 10.69372051947453 10.977505201468201 10.977505208838233 11.247421945539546 11.592839365564915 11.592839454587232 11.874997205482488 12.201290239633643 12.201290278184715 13.667415620964274 13.667415758341313 14.403304178118306 15.297766175097426 15.865246518004799 16.088128637657817 16.08812933729827 17.492858306936974 18.009943674290607 18.010046842840378 19.665803462399754 19.704682499280274 20.225169605826203 21.903442662241194 
0.1875 0.1875 0.1875 -18.207090403651065 -11.307854847549068 -11.119156432945843 -11.119156432934014 -9.00828359600837 -8.778263316000054 -8.77826331599972 -7.127982075280149 -7.127982075278557 -6.938111430172313 -3.9812824290062587 -3.8957699398961743 -3.8957699398961703 -2.928133628867888 -2.928133628867823 -2.8262877466876417 -0.6751740665233061 -0.3846972675399017 -0.38469726753986727 1.8609939087736116 1.8609939087737337 2.0228264471669544 4.00234759811221 4.713709376096525 4.713709376097004 4.718960617938791 4.864459875881684 4.864459875882461 5.99959877574872 5.999598775750364 6.287912843792203 8.614786462639438 8.630300268026424 8.630300268293391 10.080291689512164 10.080291689748423 10.264460131438259 10.746449930948707 11.010770965013787 11.010770969445616 11.331453290381475 11.694623280748521 11.694623349409992 11.877561808519522 12.19275995570171 12.192759999992724 13.813294195507499 13.813294326851606 14.754300269925833 15.493406982441345 15.858890232580961 16.203882119985177 16.203882892168927 17.708336938297442 17.791276807184072 17.791359170981167 19.411608023160444 19.43305840689606 20.19933159227074 21.87155214582728 
0.21875 0.21875 0.21875 -18.19383279777291 -11.397887631027038 -11.234959792049837 -11.234959792043593 -8.753647379873952 -8.521663172832616 -8.521663172832502 -7.210618532909803 -7.210618532908171 -7.040870785938491 -4.134342770982888 -4.038514518243882 -4.038514518243848 -3.019518609823093 -3.0195186098229527 -2.9301857602427464 -0.48594034536578967 -0.1935451800703268 -0.19354518007031454 2.223927486191046 2.2239274861910494 2.3405542330566362 3.8174454998034903 4.504515714083113 4.504515714083591 4.504759448931437 4.84332999539453 4.843329995394992 5.779172423930682 5.779172423932057 6.116054607230487 8.38433310587397 8.500848017220436 8.500848017337377 10.200935976120945 10.200935976460952 10.279239962667743 10.7696282793784 11.054803448699628 11.054803451452276 11.450608475744716 11.80927867257258 11.80927870567627 12.006858810342173 12.218144545395793 12.218144581573807 13.889794670292071 13.889794751902658 15.038724620514866 15.491725940912533 16.05497179409518 16.332886349718123 16.332887411459136 17.548286504316774 17.548327966898512 17.82070574244689 19.195204577828928 19.205676531234428 20.17846353213079 21.90098980652023 
0.25 0.25 0.25 -18.18030462274698 -11.474793151610724 -11.337927324754695 -11.337927324749279 -8.49333620265324 -8.262073461107162 -8.262073461107095 -7.296950174279799 -7.29695017427687 -7.150466995755592 -4.30491515614276 -4.200535559504593 -4.2005355595045835 -3.0834233835536646 -3.0834233835536144 -3.008081505890862 -0.28400392251825846 -0.0026580681157940844 -0.0026580681157196673 2.6019447237746736 2.6019447237747158 2.6146762331182853 3.671191232597051 4.272168866639561 4.2721688666399285 4.283416674496521 4.824109103900652 4.824109103900809 5.557004630315595 5.557004630316463 5.909765123067229 8.162653158256104 8.35854425249767 8.358544252544068 10.252306388668137 10.338911227123853 10.338911227460125 10.846590656617082 11.101638223925429 11.101638225764082 11.583346816141374 11.920330900591779 11.920330913713949 12.237961447315685 12.272754264222417 12.272754290306093 13.88871075972115 13.888710800178583 15.020346256299835 15.601011348217956 16.35210926558577 16.471499011890526 16.471500458859207 17.283074597263113 17.283091458375853 17.848096892919674 19.02226868789973 19.0274980594181 20.11006863846134 21.934656500769403 
0.28125 0.28125 0.28125 -18.16685148883949 -11.539408206327103 -11.428026152074978 -11.428026152066309 -8.229337340714707 -8.001965585965484 -8.001965585965417 -7.380978985508936 -7.380978985504898 -7.261687442254229 -4.492228565593627 -4.382557825714102 -4.382557825714038 -3.1208363648295614 -3.120836364829509 -3.059751840280495 -0.06753136326859109 0.1936339402703911 0.19363394027041617 2.7796345058981022 2.9761396512357 2.9761396512357043 3.610236018204261 4.045481642792677 4.045481642792832 4.0640373056473384 4.771573486467958 4.77157348646813 5.372119932050184 5.372119932050821 5.69190516485939 7.969973460378118 8.211094800425236 8.211094800442934 10.18671065384623 10.478421108804136 10.478421109089544 10.989458367204863 11.155941384765345 11.155941386102443 11.72074075106366 12.027256285545505 12.027256291063214 12.344598517463895 12.344598535970881 12.532043989106175 13.812952853452193 13.812952870030559 14.739570900541185 15.888062525609854 16.603660031670763 16.60366201800151 16.654170848863245 17.01541231782028 17.015418362629816 17.79954210620162 18.901261667564725 18.904133285156984 19.91177561798509 21.963535660896376 
0.3125 0.3125 0.3125 -18.154160911301968 -11.591711584762722 -11.505439063540155 -11.505439063507545 -7.967006482164091 -7.7544998769280715 -7.7544998769277464 -7.446600980450428 -7.446600980446927 -7.366041963428606 -4.696391506496459 -4.583137017463956 -4.583137017463939 -3.1368155165259393 -3.1368155165258744 -3.092660272294893 0.1629099611364454 0.3956397744840963 0.3956397744841699 2.792065000791876 3.2962542636459746 3.2962542636459795 3.6467903487062987 3.8564750824247938 3.8570109442305993 3.8570109442347524 4.666184978360087 4.6661849783600875 5.26302375896157 5.263023758961917 5.493402974429849 7.813422786979359 8.064483564183046 8.06448356418842 10.130188074045767 10.596625360472077 10.596625360579928 11.16106234678912 11.234466566736149 11.234466567784454 11.863920512639224 12.121793076962698 12.121793080091615 12.416848967611053 12.416848978862934 12.854022378800568 13.688361434181148 13.688361440542545 14.395906043518753 16.191185145514382 16.593098473152697 16.593100101777445 16.88572350757056 16.88572667970569 16.929351723008274 17.66557793092452 18.838171702831374 18.840013675292383 19.5483971728276 21.98692318154603 
0.34375 0.34375 0.34375 -18.142270683747366 -11.63335336932508 -11.570250137768964 -11.570250137744955 -7.726258036746982 -7.625039203381577 -7.625039203374711 -7.439422986706952 -7.385419212948379 -7.385419212948063 -4.911643690792435 -4.801359454768226 -4.80135945476817 -3.136043445416108 -3.1360434454160973 -3.1052360698484187 0.40342012927505944 0.601140543037614 0.6011405430376485 2.7124813150776155 3.402561265242877 3.402561265242889 3.6194961571639466 3.7318618806806243 3.8101497298928297 3.8101497298928657 4.562635484697023 4.5626354846971395 5.23197773374561 5.231977733745641 5.358113764551657 7.689430242143042 7.919076180456763 7.919076180458754 10.113286409497064 10.674952013724315 10.67495201380241 11.332369122013864 11.345105995803246 11.345105996699065 12.006347637169556 12.197999976348202 12.197999979252465 12.478958779271238 12.478958786762966 13.132516883348709 13.550231482280093 13.550231484366975 14.099621149317496 16.321016532346064 16.32101686096751 16.475488567451958 17.00658019302161 17.006582589485344 17.151747878861997 17.610175442546215 18.83008168794607 18.831366163290365 19.080829361403016 22.005532676169363 
0.375 0.375 0.375 -18.131611157095676 -11.664843841201396 -11.622573025788023 -11.622573025743353 -7.659056376955186 -7.659056376946824 -7.639838509481112 -7.348579156097198 -7.149612568422882 -7.149612568422842 -5.1370718633581065 -5.030150146327842 -5.030150146327821 -3.124095749714751 -3.1240957497144564 -3.1042618610406763 0.6510031723755886 0.8078813642487822 0.8078813642488125 2.6096164440603897 3.28617334465827 3.28617334465831 3.4444502994395796 3.6900272420310327 3.806746384191971 3.8067463841920293 4.604961322088576 4.604961322088583 5.250665983390524 5.250665983390626 5.320083767655223 7.594851845113742 7.780064369051084 7.780064369051712 10.148393929849368 10.718568337622152 10.718568337651213 11.476312322744395 11.476312323208424 11.488817699866283 12.144287834782123 12.242537209023789 12.242537210367455 12.52120661958305 12.52120662185214 13.15651469034021 13.44167143342384 13.441671433717008 14.069546054481139 16.012791247624953 16.012791313500472 16.71339410762759 17.155873265836775 17.155874730393574 17.277906159374645 17.686280716950726 18.57350703576884 18.86651816612862 18.86703558102608 22.023780318020265 
0.40625 0.40625 0.40625 -18.122426584409645 -11.687669099061774 -11.662552598297403 -11.662552598210143 -7.708102754020945 -7.708102754012947 -7.68704541115101 -7.112402260508818 -6.887917794419075 -6.887917794419029 -5.364376619212772 -5.267997988260774 -5.26799798826076 -3.106210404459047 -3.106210404459031 -3.0956152245486868 0.8958030220737798 1.006053728701606 1.006053728701609 2.5149204696277607 3.140649686398596 3.1406496863986195 3.2669426690226 3.5862675755839826 3.6790539002096847 3.679053900209732 4.785477258181486 4.785477258181491 5.301065594599223 5.301065594599285 5.35960480158718 7.523105821037354 7.6524584117054975 7.652458411706208 10.236639262363349 10.74048951245841 10.74048951246745 11.601817205873916 11.601817206251198 11.623292298138526 12.246095304107254 12.246095305006575 12.259550851703072 12.542289799663553 12.542289801247295 12.903078791554487 13.403996302922955 13.403996302981867 14.356888189444543 15.71279111107362 15.71279113532275 16.91356010854745 17.293594521399445 17.293595604918966 17.399234745338905 17.886548013083235 18.06903306926374 18.93199966429026 18.932256044103287 22.04149091147912 
0.4375 0.4375 0.4375 -18.116057823933193 -11.703153272016477 -11.691243154615268 -11.691243154466276 -7.747821021837582 -7.74782102183211 -7.737191392039183 -6.86915583420315 -6.62685223238942 -6.626852232389336 -5.590554698439728 -5.509535159987588 -5.509535159987534 -3.091641709123519 -3.0916417091235107 -3.08646303542701 1.1173071183311432 1.17969347802059 1.1796934780206398 2.440894957756738 3.0158368943637885 3.015836894363854 3.0950046346070432 3.4695464638528173 3.520778674504345 3.5207786745043577 4.952760864054247 4.952760864054261 5.378992605310986 5.378992605311011 5.427400538156098 7.471493453574273 7.540282739158568 7.540282739158893 10.363046315745692 10.752307518786449 10.752307518792417 11.699800318774505 11.699800319047023 11.71855336478867 12.209615603839351 12.209615603899366 12.304165817882389 12.55138932940049 12.551389329546533 12.643577852786574 13.43765227168529 13.437652271700262 14.725158876118378 15.44861796895247 15.448617973603668 17.177474702084226 17.399412855108352 17.39941309560007 17.568141720039034 17.63800181441302 18.144989731439537 19.003250088261634 19.00334206804562 22.05460668534137 
0.46875 0.46875 0.46875 -18.111515367010792 -11.710945133714388 -11.708141650430987 -11.708141650187821 -7.771906432084378 -7.771906432081827 -7.769070408419769 -6.6618266650737095 -6.382671698825912 -6.382671698825876 -5.786791547516372 -5.7397861463747235 -5.739786146374643 -3.079104665213241 -3.079104665213191 -3.0778718542557524 1.2868077504978923 1.3057197177924882 1.3057197177924915 2.3957988832489194 2.929964761756071 2.92996476175609 2.9552233857285604 3.3906458568805165 3.4051974165252274 3.405197416525239 5.047132355192672 5.047132355192678 5.465564516320472 5.465564516320491 5.4833109339780695 7.443835940819736 7.463216773601542 7.463216773601844 10.488688293743653 10.759050620829251 10.759050620830632 11.762442197496258 11.762442197714885 11.771548759883666 12.16238216355677 12.162382163622008 12.209677038304967 12.559957599895037 12.559957599975116 12.563603469818206 13.49910443188508 13.499104431890345 15.048619107312925 15.260736611023837 15.260736615397741 17.200325418468775 17.415854440209905 17.465259695450918 17.465259795814028 18.14843057450384 18.327721275935172 19.058308352936017 19.0583227173187 22.06384385015554 
0.5 0.5 0.5 -18.11019502197922 -11.713867032483513 -11.713867031944627 -11.713867031944552 -7.780459047453599 -7.780459047453596 -7.780459047453508 -6.565761632681759 -6.239544806028003 -6.239544806027957 -5.8789254240257405 -5.878925424025733 -5.878925424025696 -3.075070402817457 -3.075070402817447 -3.075070402817438 1.3523669779219654 1.3523669779219698 1.3523669779219805 2.379999106509565 2.897794564187804 2.8977945641878446 2.8977945641878744 3.3627023377843495 3.362702337784356 3.3627023377844023 5.074043734128798 5.07404373412887 5.5034216158719245 5.503421615871951 5.503421615872034 7.4335776674596445 7.433577667460852 7.433577667460903 10.544779736234197 10.761062073360332 10.761062073360362 11.783842733971852 11.783842734242006 11.783842734242013 12.140116619894123 12.14011661989421 12.140116619894263 12.563613576680792 12.56361357668083 12.56361357668084 13.528919954276951 13.528919954276992 15.189353787969662 15.189353789721887 15.189353789721943 17.040873430396935 17.487956431896873 17.487956431896926 17.487956431896947 18.38823041504941 19.078854105565306 19.078854105565444 19.078854105565547 22.066466039585826 
0.4642857142857143 0.5 0.4642857142857143 -18.111343343462053 -11.71679857228103 -11.707362609186328 -11.704921803550365 -7.7756031204844165 -7.7730343924618 -7.767919881795734 -6.658579880769851 -6.414890217535983 -6.288429678598747 -5.881545158499261 -5.7412857813833265 -5.707273528393741 -3.0828352337501386 -3.079497502535952 -3.0724478763296283 1.2847823149167128 1.3022257876033976 1.3323015035473824 2.393771108246389 2.9079982100701858 2.943751699272634 2.946875417038332 3.370175645870239 3.406272610876585 3.41036359470954 5.042513348277494 5.060353868081905 5.440562615082242 5.480323761144263 5.504856350306365 7.424767855977387 7.448269219850182 7.487615847598596 10.494151851800828 10.739900077349459 10.780286774748156 11.73863458548043 11.772373145973177 11.793546513191709 12.142329493957083 12.180787384774327 12.197312705955161 12.554258926272091 12.557666118068942 12.571038582213033 13.487628890225956 13.517889012344307 15.093676623792785 15.195250784681713 15.279132664348959 17.182083673217647 17.43189972713857 17.455939080057405 17.47478342341509 18.23011388627697 18.355807045403804 19.055086101734346 19.07247000277666 22.061190850628055 
0.4285714285714286 0.5 0.4285714285714286 -18.115377373701694 -11.725774952852078 -11.688795817484833 -11.678518975330048 -7.76198984788475 -7.7521373244092295 -7.7329664090631764 -6.8864820589792 -6.698470018061405 -6.323027409199085 -5.890708677445303 -5.491036528665062 -5.436928584398679 -3.1062921027807824 -3.092488791752445 -3.0666960318723766 1.111345736988193 1.168526641169179 1.2793060893229402 2.4332327466809405 2.932185641413278 3.0523703758039087 3.0774213333151206 3.3929554701660565 3.52211166172364 3.5438602744228724 4.946560780120887 5.015431279656939 5.270134713980263 5.432822629017076 5.506311078905635 7.397195400646917 7.480304509562378 7.6317947842431355 10.370976617279313 10.681887386443377 10.837185450574635 11.634064767320277 11.719257400888408 11.796455879783279 12.147165915275975 12.240626101643088 12.333228780461937 12.527048062365392 12.566926557680612 12.607104927124784 13.39949263664057 13.494129903287568 14.879740270608101 15.209828012584001 15.512336928228523 17.25320732835879 17.361785050028082 17.436673516704218 17.53073307594049 17.751670168066788 18.1939717698273 18.988914327659092 19.05485616526916 22.020526178475844 
0.39285714285714285 0.5 0.39285714285714285 -18.120900380209772 -11.739610197655736 -11.655925800408408 -11.634061281685511 -7.738729820153271 -7.716857388262146 -7.678351490893463 -7.162715409921326 -6.998368031117559 -6.336279512551345 -5.902736944009526 -5.220287102853165 -5.157005019345047 -3.1454840005628473 -3.107062251519852 -3.055283777056571 0.884867030062821 0.9871602907329717 1.212498356108398 2.498871088089634 2.961056458561106 3.18197840883043 3.2601220086051717 3.442432138290967 3.6831545589161627 3.7180651245072505 4.796782720516837 4.943648624023113 5.058045701837111 5.397208459530514 5.513129266746115 7.357058046673461 7.521664187088634 7.839572032225201 10.232133427344108 10.601113958914626 10.914009726771667 11.500425320241039 11.618355891720087 11.770224243885675 12.148149170642446 12.23553051945672 12.443143867377504 12.480974541227345 12.66230011928016 12.694674510840823 13.328918147479976 13.505412988007453 14.65522855224522 15.233541604003129 15.833330280184711 17.017368584641268 17.211589181771632 17.371297225850356 17.524938138654882 17.9619192274259 17.985063824048975 18.896273246163123 19.03233918650481 21.908237365247057 
0.35714285714285715 0.5 0.35714285714285715 -18.128771110648064 -11.75798569426183 -11.609220603822981 -11.572490014381664 -7.707852996185172 -7.669829607620196 -7.63680409613626 -7.424032928540986 -7.297951989970075 -6.343085896695867 -5.919089711096164 -4.951966974571834 -4.883372286083058 -3.2011973716440294 -3.1194967904235402 -3.042786593512121 0.6398473210981481 0.7848305840215902 1.1466706351601927 2.585223775332228 2.9886550659563085 3.28024095093982 3.462057453071931 3.5468852749663835 3.816634256179019 3.8482689179746425 4.619735547061386 4.855365343905028 4.925223809668476 5.383551421712949 5.530015917672508 7.304632044740751 7.552206530776179 8.079736402023432 10.114127947696092 10.508682431084289 10.969639626987911 11.342171583697553 11.494541467007092 11.71125440521906 12.090519119317825 12.218420787273923 12.415587745749182 12.492417433185437 12.727292016423192 12.839682554066785 13.3160395745181 13.639997784794632 14.470928626225419 15.258619341234088 16.19818455640262 16.822735857979964 17.015915583063713 17.283936983676867 17.385605479092337 17.741390413167416 18.477925001607527 18.795945584773033 19.01556007550753 21.70413678292748 
0.32142857142857145 0.5 0.32142857142857145 -18.137356597559048 -11.779377747704608 -11.547763395002127 -11.492949171743923 -7.808260942159362 -7.669402014688318 -7.612846739037236 -7.6119973571971 -7.443856290418616 -6.346762754781576 -5.9363976543499914 -4.69249111021215 -4.620575061003406 -3.2682611882246824 -3.1168218212968477 -3.030233606433467 0.39567771540877866 0.5816889429841868 1.095477619222159 2.6874187770628906 3.012366327257265 3.2763840757560123 3.6406603859359574 3.7068253497538723 3.77648385627202 3.9710987985534807 4.475954916675131 4.77402639891447 5.0013207289229875 5.384501363175069 5.572460992798037 7.24505526397584 7.565086362381886 8.331525447262162 10.033781796222062 10.411401470743357 10.943068867049647 11.161413202037483 11.399261945854011 11.639638715431543 11.965849144780888 12.242504964890271 12.334139706790234 12.494752920525757 12.686943034928353 13.063473525132851 13.356389316569418 13.894642322174692 14.340401488056747 15.283165120274388 16.560795796491437 16.637358391079324 16.803593849254945 17.197687291063765 17.295927765664633 17.583723592531634 18.705005626768553 18.90046075656832 19.087706154363033 21.464503310828263 
0.2857142857142857 0.5 0.2857142857142857 -18.147040789517195 -11.80264958119522 -11.470879348930252 -11.396069859251691 -8.095295511570493 -7.907247120377405 -7.62490504164956 -7.547911217805799 -7.3547810401738305 -6.350342689056904 -5.953531270391217 -4.449444043594506 -4.376013595244218 -3.348888980679141 -3.094587055782772 -3.0197687661432093 0.15928420155429046 0.38870192687969735 1.0674799891936568 2.795127318881484 2.98449402876104 3.1263914081514415 3.6837967921772816 3.713580926897189 3.9732339002519663 4.0053998518212035 4.470681540901871 4.717122925565192 5.228591423843114 5.395725067789575 5.65490687129073 7.182182909582345 7.559016606871651 8.57957782801222 9.98668308021207 10.315849908913975 10.827678573310704 10.96246715058787 11.31521611039678 11.599032395895703 11.813609446913503 12.222391793549708 12.298373440797118 12.433602657121044 12.685699820465883 13.310630770360149 13.423796829962455 14.111548098599137 14.312746768439958 15.303427730593107 16.422273507540734 16.494490806316215 16.996581559288675 17.096206637026913 17.19668880054516 17.537921549517964 18.630540683805904 18.959455010862523 19.51260966335972 21.25543679445795 
0.25 0.5 0.25 -18.156656558945645 -11.826532348813203 -11.377935731249531 -11.28213045102777 -8.387578302992061 -8.201045719656074 -7.57626738968303 -7.477945256230526 -7.246955315283962 -6.352472518721076 -5.969626025634527 -4.226523279142605 -4.145213694746794 -3.4371882558638194 -3.041689454508285 -3.0116847244983633 -0.06393844661374379 0.2149647080528903 1.0663715006556982 2.6800755362222 2.8898424648506125 3.1016247788725946 3.624890067209626 3.713155992720611 4.002341516841558 4.229661851183081 4.614750800335571 4.690459205615209 5.415852818558564 5.495342562195395 5.785426982807924 7.120249002759863 7.539912848233998 8.814892457755825 9.941150416539259 10.243539477210183 10.68068332867213 10.753964825902663 11.216046829373916 11.58921503900974 11.647093481585037 12.12162761116085 12.34903617190574 12.385050682011014 12.727010560540773 13.494078740102186 13.575265139212071 14.090111123291724 14.520364985493412 15.316768427307634 16.192706843337007 16.232816240026224 16.95157497692062 17.084419930450142 17.36802965323545 17.602309171225947 18.579148349920256 18.97781670459367 19.933797793966573 21.127139679851357 
0.2142857142857143 0.5 0.2142857142857143 -18.167107168423996 -11.850310971102859 -11.269132737589704 -11.152156269920795 -8.678574151313544 -8.491119804948992 -7.52623189491156 -7.408187836538333 -7.139966377439132 -6.356036758606715 -5.9854210038418385 -4.029677938196673 -3.9396318477170658 -3.5336915815480627 -3.011860391945336 -2.957564396963438 -0.27727874455830315 0.06163988712242864 1.0928918488324293 2.278081556534597 2.935387039352267 3.1241321690191812 3.472969340345441 3.775351630972555 3.9913076116458477 4.491762165002882 4.664086656624619 4.82192232371251 5.447579220636135 5.734290825023275 5.948728810670272 7.056398286304395 7.5166600702912385 9.015750530078126 9.853385721289285 10.214971521376516 10.522754606201845 10.536261611839858 11.139880728150802 11.464479082773728 11.584261346679009 12.018947929213708 12.392620281322799 12.405434132689582 12.778193647740595 13.535160951711763 13.844946435808014 14.011771389490287 14.727130580031096 15.319374443054079 15.961753082779923 15.96572427586666 16.762752380933765 16.98214386062641 17.644355509497704 17.713151525119606 18.539948999533774 19.008935954773165 20.218315831809385 21.147161189031703 
0.1785714285714286 0.5 0.1785714285714286 -18.17678340674061 -11.872368021836222 -11.143784632256855 -11.005290517521168 -8.960911572406552 -8.773688206479786 -7.477088359538016 -7.3399978363095535 -7.040197355198967 -6.356325765818987 -5.996031470168038 -3.856641066755546 -3.7598196386300877 -3.628849338919826 -3.016789187431941 -2.8341447107011426 -0.48255151258297757 -0.06421028908343696 1.145821615192421 1.879022025491593 2.891448788735218 3.149428999811825 3.3496711550595593 3.8500555537680885 4.004449974364466 4.653040038448166 4.750377864288585 5.0035709206953 5.512415785487402 5.920396890811647 6.133828809439606 6.997017801847745 7.512764181289534 9.173508140550506 9.742978197702111 10.202555306109188 10.33554229176052 10.364456177196137 11.126474041702975 11.275824277056714 11.626081719034012 11.930654406828497 12.448067566033387 12.470201625607828 12.832155038688677 13.52575839860527 13.925113683412452 14.1203569921917 14.873162236368533 15.315675060407933 15.72166937388902 15.76168937598666 16.557447555209954 16.890277606070008 17.692983123594253 18.015041797648557 18.507102704273787 19.060922780811843 20.336168832899958 21.337398855576218 
0.1428571428571429 0.5 0.1428571428571429 -18.185018803330443 -11.891964856707478 -11.002457521772534 -10.842622612919781 -9.23309888397705 -9.047193591397495 -7.431202053121341 -7.277798676131028 -6.954037613670959 -6.355367399527549 -6.0023735761806325 -3.718854320727353 -3.713054194220777 -3.6069173642449743 -3.0256019955001805 -2.6752815900749707 -0.6880888964625331 -0.1638658188754294 1.2228360620240135 1.5146695393935983 2.7579545443272497 3.1730403112423087 3.269863293646515 3.9265541728847486 4.057722927319674 4.648119276286594 4.9904062906794815 5.108221142130978 5.637894489658548 6.038682653433417 6.310571245382755 6.937368274411577 7.530261012350759 9.26586207714548 9.645732902942807 10.144266751452102 10.174709298937277 10.22100197327534 11.089537313602671 11.182206626793993 11.745507976063033 11.864665102015307 12.52057090761093 12.53339601534938 12.882569336516282 13.446448097892848 13.818062151024591 14.396072411395393 14.945655475720145 15.305314579583086 15.535951166046315 15.588432323524216 16.346275024570744 16.803093204839286 17.75532177641829 18.242376310332002 18.473354071380435 19.142813558951186 20.37729150783606 21.599438882298642 
0.10714285714285715 0.5 0.10714285714285715 -18.19245925892679 -11.908142990103402 -10.84645038078713 -10.66574671953954 -9.493172921991729 -9.313349532902345 -7.39191749093134 -7.226204782006099 -6.8855395946956355 -6.356061022289434 -6.007371009457122 -3.7981871280212083 -3.5981393050992025 -3.485515105414699 -3.038754441087287 -2.4884250038912326 -0.902344574586013 -0.2374404741999888 1.2097141426640592 1.3170314733091535 2.585703262771645 3.1931537004847 3.203041428954456 3.996118388337486 4.130772215043888 4.659808137518198 5.128521317523695 5.195632027694587 5.810268573508116 6.0918836899692534 6.46286309126869 6.871270876572062 7.564570472115632 9.275640735897568 9.581535190721272 10.029265388997226 10.076978691789856 10.112300142562365 10.921177918812107 11.302168124528514 11.813563513281784 11.94499001204507 12.585735831448709 12.590786213137223 12.923354760742473 13.30193513139249 13.664503839343034 14.661257475791277 14.957270697370978 15.291190809946954 15.426157423883833 15.453597556314971 16.131792027851862 16.72085016383963 17.83602334478575 18.37276325065171 18.46072673371186 19.262554792868965 20.41645851957701 21.85656419325336 
0.07142857142857145 0.5 0.07142857142857145 -18.197978018743562 -11.920172861202586 -10.678764863498477 -10.473328630831865 -9.735590134541908 -9.568361087068945 -7.361647069836041 -7.186705475806654 -6.836369583834057 -6.355226336704051 -6.008806749686032 -3.859966606805218 -3.5113932027143537 -3.3941748850404414 -3.0505610475381726 -2.279640675051086 -1.126363975526356 -0.2869671476642424 0.9825793671694032 1.4196081811745849 2.418373029517297 3.1494313663940536 3.2082970903341317 4.052931006513057 4.198307171950931 4.69661711556829 5.101595258512027 5.3606804025525925 5.976051875874452 6.106296579292333 6.582895239124049 6.808800990191405 7.601668692301156 9.225281991089243 9.553646808948008 9.922698080763583 10.009603126166668 10.045375685373148 10.787654094926282 11.465455290330217 11.782384622970135 12.204680766274427 12.627520171600594 12.649950635411283 12.948291439931381 13.120442356103911 13.451751839632383 14.904225249421803 14.935666916596535 15.27434295724007 15.363677515477745 15.37884479560218 15.916239562787428 16.652476824933796 17.916640716941586 18.4311168101369 18.593037834637453 19.402088495980806 20.460592074764058 22.117315853407202 
0.035714285714285754 0.5 0.035714285714285754 -18.20154382210145 -11.927613749934817 -10.51185807288274 -10.267239442338687 -9.948331482603832 -9.813024993199223 -7.342479914943302 -7.162521471639968 -6.807670315202236 -6.356257758775835 -6.010115036023621 -3.8994799970295086 -3.4582334550337954 -3.3385633390543354 -3.059071236662083 -2.0728430337304053 -1.3431797993106736 -0.3168903759919742 0.842870005423478 1.509435706969897 2.2854344012382097 3.112931477536026 3.2172149066945313 4.089658114879881 4.239009664937078 4.748579921646099 5.057342991858886 5.468007424106101 6.093208331920801 6.109160011752263 6.658614861049566 6.763716286849645 7.6241909651017705 9.16640842199599 9.551858989622158 9.852966330803866 9.927438718704147 10.04381692693278 10.702045179474611 11.616364363477114 11.76396575900561 12.489508974033454 12.649320214070602 12.702275933815786 12.907921009633625 12.996791163881277 13.198251716986912 14.915957668000637 15.105891101445497 15.24506554552653 15.35216466629877 15.362574049677681 15.707216160059573 16.60565576494732 17.937546999891353 18.445971190280716 19.493273173082862 19.515222502390127 20.48452822380045 22.458089491560692 
0.0 0.5 0.0 -18.202798148621863 -11.930099469323102 -10.415568031049006 -10.07277783150933 -10.04937458503075 -10.032084296764786 -7.3359906077667665 -7.154472577241303 -6.798251437775477 -6.356129692338252 -6.010139432504214 -3.913037605792687 -3.4413630871509446 -3.3207826564840954 -3.062316036886212 -1.960877944423721 -1.4604662096037018 -0.3265563545206764 0.7960656619792381 1.5478600759025507 2.232038397270177 3.1000904229628357 3.220319679072653 4.102352515899927 4.252007214630962 4.777732118399068 5.0314014140994665 5.505103090077889 6.106229012528975 6.134690034816112 6.6851689802656065 6.7457353744278254 7.633083679960473 9.142427570749842 9.556180909578885 9.829390141703108 9.893904136076653 10.045845067322379 10.67223441970333 11.68213514149345 11.758082713020732 12.657410739763032 12.674639325079792 12.744052563034534 12.827801619908964 12.965189206696962 13.03326580862074 14.908168021881119 15.188799675898508 15.216148887501692 15.358543519509894 15.419077873597242 15.562330687911434 16.58912416438138 17.92480799759776 18.447042389158696 19.5582293745934 20.48980232627293 22.403069568907654 22.93747984965183 
