 5.09223733  5.09223733  5.09223733 90.         90.         90.        
C  2.54611866 0.         0.        
C  0.         2.54611866 0.        
C  0.         0.         2.54611866
C  2.54611866 1.29180441 0.66154281
C  2.54611866 3.80043292 0.66154281
C  2.54611866 1.29180441 4.43069452
C  2.54611866 3.80043292 4.43069452
C  0.66154281 2.54611866 1.29180441
C  0.66154281 2.54611866 3.80043292
C  4.43069452 2.54611866 1.29180441
C  4.43069452 2.54611866 3.80043292
C  1.29180441 0.66154281 2.54611866
C  3.80043292 0.66154281 2.54611866
C  1.29180441 4.43069452 2.54611866
C  3.80043292 4.43069452 2.54611866
-96.9720217
60 bands 
kx ky kz  bandenergy1 bandenergy2 bandenergy3 bandenergy4 bandenergy5 bandenergy6 bandenergy7 bandenergy8 bandenergy9 bandenergy10 bandenergy11 bandenergy12 bandenergy13 bandenergy14 bandenergy15 bandenergy16 bandenergy17 bandenergy18 bandenergy19 bandenergy20 bandenergy21 bandenergy22 bandenergy23 bandenergy24 bandenergy25 bandenergy26 bandenergy27 bandenergy28 bandenergy29 bandenergy30 bandenergy31 bandenergy32 bandenergy33 bandenergy34 bandenergy35 bandenergy36 bandenergy37 bandenergy38 bandenergy39 bandenergy40 bandenergy41 bandenergy42 bandenergy43 bandenergy44 bandenergy45 bandenergy46 bandenergy47 bandenergy48 bandenergy49 bandenergy50 bandenergy51 bandenergy52 bandenergy53 bandenergy54 bandenergy55 bandenergy56 bandenergy57 bandenergy58 bandenergy59 bandenergy60
0.0 0.0 0.0 -14.533518125580208 -13.487631628942058 -13.487631628925902 -11.520872341272584 -11.52087234127254 -11.520872341272511 -4.115910504996142 -4.115910504996138 -4.115910504996102 -3.9753262138735996 -3.9753262138735925 -3.9345160393506626 0.12119890829022831 0.12119890829023428 0.12119890829024792 0.17911835673292378 0.17911835673293558 0.1791183567329406 0.8080122744142509 1.6128671330008726 1.612867133000884 1.6128671330008864 2.18676105787943 2.1867610578794374 2.1867610578794374 3.520014205037685 3.520014205037686 3.520014205037688 5.753007073851189 5.753007073852277 6.276423131158087 7.596758599638239 7.596758599638248 7.596758599638289 9.500183961546679 9.50018396154668 9.500183961546703 10.624704106698884 10.724416069004851 10.72441606900489 10.72441606900498 11.722419306766097 11.72241930676618 11.722419306766204 13.07343321404895 13.073433214048984 13.997543328335668 13.997543331184 14.62118186218362 15.673562481914638 17.20314358627055 17.203143586270595 17.20314358627061 18.463480166812595 18.463480166813294 18.463480166815227 21.428996896661392 21.42899689669268 21.42899689670818 22.206930768557154 
0.0 0.0625 0.0 -14.525616703677295 -13.499422872543798 -13.48519828878009 -11.529446258536106 -11.521043977194681 -11.520913953209131 -4.307006052449487 -4.118322827328562 -4.114458443272086 -3.9684469070655775 -3.922824550429713 -3.7428702496866224 -0.05670692338421105 0.06002873205148894 0.09121597908964416 0.14670821679612692 0.19143983357734437 0.3245997730632149 0.7395519882921882 1.656596643393501 1.6631606868929438 1.7175384402040488 2.1451048958582164 2.1636378438849833 2.1786889913031997 3.450636599548545 3.5416162878317885 3.5674000919758933 5.72243022734531 5.762750528243192 6.362142220985932 7.549762403148022 7.570067967102529 7.583290563309896 9.434813484754569 9.494071691117943 9.51418838135682 10.668454716168261 10.668590630912252 10.718958010424082 10.796428471130817 11.672611660170785 11.68224871216368 11.71343528361159 13.045749320817748 13.080380908430397 13.994860096478659 14.02478939615041 14.635698911419537 15.693818143305293 17.167882956914855 17.20599842843376 17.271872819795277 18.381593507980142 18.483716321712595 18.487377766526855 21.363405479749712 21.410663995302997 21.452212280400612 22.29646829303804 
0.0 0.125 0.0 -14.500075414060632 -13.531739228738948 -13.475759314268542 -11.553034366717283 -11.521054331590895 -11.520231620973782 -4.528816635728363 -4.117386182502951 -4.101311034263372 -3.959185711262379 -3.812166400182889 -3.4455212689223274 -0.25774497356050013 -0.13141925603699556 0.00798114357321189 0.1218754196962285 0.2312846681326698 0.43134910785072994 0.5741571740564744 1.7645758043540845 1.7997355511434265 1.9799214458923806 2.0529898678546434 2.1132975871540647 2.1665842374616973 3.267993917520978 3.6013037934219 3.7016410418674077 5.645556205226737 5.797177517780212 6.605062461413013 7.409649730540749 7.49369816830497 7.550249338031603 9.308444679038836 9.488532662612844 9.564454833036308 10.520212477770022 10.71459807717985 10.796392436430404 10.974916374433517 11.564098173815914 11.60442606930805 11.716444258423458 12.98152973252578 13.113366603508227 13.993686660763453 14.091567157908859 14.693009257176364 15.757110644054526 17.092536575766932 17.23466043362193 17.479713586891258 18.17679203028022 18.550507641528252 18.56969011495451 21.19169668544154 21.36669190847692 21.530062545682508 21.96124650492461 
0.0 0.1875 0.0 -14.458912847041944 -13.58380014458742 -13.46150106571037 -11.588566634575047 -11.519676001807749 -11.518012943589637 -4.722198680228376 -4.115100915848337 -4.081319360165838 -3.948294158720167 -3.63225061976857 -3.129374489712465 -0.44039388640660126 -0.3614322339949237 -0.12307005794529267 0.09245108409831539 0.29617673206632295 0.35070568499293064 0.4610370410623234 1.7476280291785242 2.0320144823293775 2.0476395739753905 2.052489735918627 2.1639187210154076 2.3108263063093464 3.0224032449794103 3.6830084281727493 3.9076534951542437 5.531235944761327 5.8437871960007595 6.954924052214454 7.178752381808952 7.366921996117573 7.498149995212999 9.191590600939737 9.467551521490256 9.641180065681993 10.298156636582949 10.683528671312406 10.997416500174312 11.173413970080574 11.42172305984791 11.522126620453367 11.728880316104707 12.894737093333985 13.153546591668297 13.992497022440043 14.144821980215289 14.792674889463708 15.871214752652884 16.97448430061375 17.27701805525905 17.758561355022977 17.929618102080976 18.65770520883826 18.714575211394187 20.96046799463336 21.30999551881627 21.52584225540785 21.65510081611798 
0.0 0.25 0.0 -14.402940666719033 -13.652407586851748 -13.44374318978461 -11.629225540349532 -11.517801515802267 -11.515198927984548 -4.88121247196858 -4.111889583638043 -4.05591304718062 -3.9353835951941645 -3.3940865625379724 -2.8052050951767264 -0.5927567612348258 -0.5809067293087423 -0.29132200857241647 0.059582746765600055 0.08892111945357037 0.38207929396796475 0.4345118171776064 1.5905352771471966 1.9866708955794132 2.1184369566973156 2.1695498734783794 2.3827985382126275 2.651159861581793 2.7567431503377904 3.7682257160517345 4.170097950367323 5.402376846594365 5.893661752285431 6.870117726385131 7.184391502218531 7.369082191258938 7.437906965589725 9.119714107129262 9.405276303168765 9.732487636860775 10.069816433278538 10.577996537149698 11.25586777027772 11.30206410788203 11.336495486713176 11.45095712966618 11.774021016272814 12.786694517159816 13.199067436968367 13.99052078569525 14.158620638235787 14.87190087257234 16.058553426199502 16.83074942163519 17.3177829261931 17.737803979066477 18.045658833339644 18.796568728754345 18.91630950912246 20.718901515901294 21.076074206352608 21.24038395016225 21.818222146516206 
0.0 0.3125 0.0 -14.334341875226649 -13.733457758042118 -13.425563473378572 -11.669355653502594 -11.51516214089449 -11.512777255909368 -5.005981169931373 -4.10971184246721 -4.028906163178245 -3.9219087731254665 -3.1148724850378655 -2.4874491622506825 -0.7684745805349292 -0.7101681916165095 -0.4994406431301652 -0.19287141595479976 0.02739131817087572 0.38225107190340657 0.48241734158166577 1.4269995041526289 1.9344771219207517 2.1134889908846506 2.287912952844433 2.5029636429922686 2.739617556489837 2.9568284220791026 3.8378177776130005 4.481451317141715 5.280263192934513 5.938083039803368 6.521255349879741 6.942015993756185 7.376434882932136 7.81924178711237 9.084282157050172 9.275003460232291 9.824822265367938 9.91894446685236 10.357287634272096 11.252621013324799 11.390732848422697 11.429061344975107 11.550187739082379 11.860070718211981 12.675911882920298 13.239119940084414 13.987654091294425 14.143230539791178 14.832343726731132 16.335637294196058 16.682407529306804 17.350805006276683 17.683926618013345 18.304895068810527 18.94980936114328 19.120463693339712 20.51946521256765 20.674848584847958 21.15779941402876 22.00759332047038 
0.0 0.375 0.0 -14.257780268423993 -13.821066399163302 -13.410006009180258 -11.704381713057002 -11.513926689080918 -11.51198534755988 -5.097326300356111 -4.107451902239471 -4.006267399592853 -3.909236818925219 -2.8270488621958667 -2.191589097989188 -0.9112940408854381 -0.7932748715944309 -0.7510893704547519 -0.4495451134285776 -0.0013810165482293709 0.3276790596797158 0.5840997936795674 1.2946232850043249 1.8944248222379263 2.107079793755165 2.2850994026419054 2.3725186562436558 3.103823781227811 3.190638854284507 3.8648852126361954 4.834965738056036 5.182371235711684 5.9757078075318635 6.183383809854177 6.641538414266815 7.321695626981679 8.282992737507032 9.071969335575195 9.103946725759604 9.859609427684342 9.898508183539324 10.035102457626222 11.253479513525056 11.345318085739752 11.460522012177098 11.846994500608016 11.963177682294063 12.575028654494158 13.268579211139391 13.979317757916998 14.114854149066698 14.671276698270862 16.549191919856874 16.647160732872187 17.38086013148293 17.756704581848346 18.54493841346023 19.093970109809522 19.220599603940798 20.379831152258404 20.42049338971731 21.070223181453184 22.195460241358308 
0.0 0.4375 0.0 -14.181368819657779 -13.904501797471282 -13.399270297866021 -11.727106346373953 -11.512829594504968 -11.51057461418082 -5.151295420379397 -4.106273061450892 -3.989874459132392 -3.9016922089708235 -2.5783935886026987 -1.9481065819546532 -1.0117436940183226 -1.0000764785822782 -0.8424863902819114 -0.6300090275573936 -0.019403197871214313 0.2888905738459864 0.6642762474962138 1.2114680756684333 1.8713900253681244 2.102990392468099 2.1309892859306814 2.4254394835034874 3.3380408717001413 3.432999892071419 3.8296723509455033 5.12318378252247 5.1922865913660505 5.922843249408182 6.000033176801276 6.319466253657841 7.285272293110102 8.747625917881678 8.975405626282452 9.072394132781037 9.650494003541297 9.844124468343296 9.951623226582784 11.273552457275633 11.316760792705823 11.471128839236437 12.046594461972012 12.089379959289621 12.504330538991066 13.288824905095376 13.959210057193786 14.095647927448693 14.493889115124057 16.457205302384857 16.89887646494094 17.41203236341031 17.875853350161176 18.772698782683257 19.157465943173854 19.200359471616274 20.34369165058766 20.432505035210312 21.000437923865707 22.33895031549262 
0.0 0.5 0.0 -14.139995913276277 -13.948049392607665 -13.395315134616808 -11.735463773001776 -11.512501505880739 -11.510136176331631 -5.168997908537052 -4.10491984878209 -3.983927928182394 -3.8982513570817505 -2.47140208706355 -1.8352873850220741 -1.1436368000153887 -1.0303224013843661 -0.8584559394571387 -0.6993283322796896 -0.026604620847128786 0.27396162429194054 0.6959018780196011 1.1846271632899577 1.8636990247105334 2.074037594517535 2.1015321649479173 2.4436117305863485 3.385541071436044 3.644456680348041 3.7287700114735736 5.102851654611826 5.392330787969756 5.821433259394736 6.0083611344242716 6.130539588820766 7.271771371040038 8.929306326764264 9.073342579075788 9.123092174373983 9.29898371815765 9.843821793251351 9.968822117451086 11.282630370210596 11.308339694948305 11.472654094289032 12.076221633624263 12.188119314814626 12.48003046533184 13.293685324830584 13.9435185519037 14.09274431232561 14.41743332297123 16.42400350701101 16.994878760866378 17.42554652568022 17.936640432262326 18.977644279123382 18.993708749934267 19.240813911058336 20.45190045104085 20.566975674734355 20.973645400562077 22.39263686277223 
0.0625 0.5 0.0 -14.132473653231662 -13.945128178586893 -13.400958992750677 -11.741509770539261 -11.519086449347945 -11.512035227330411 -5.163191514089484 -4.126981463792656 -3.975307313090454 -3.859185402262197 -2.4287584606502217 -1.8429541220692773 -1.1326084679572799 -1.071824224495672 -0.911947931708148 -0.6481107774391472 -0.08204091937060101 0.15956263434398366 0.7606748752826089 1.293226404077292 1.8715773753397702 1.9748640059889786 2.130147956657306 2.5232510022909294 3.3920597796201695 3.6056571979737404 3.7172579202014 5.137424572032651 5.3546547113507685 5.813592515632529 6.028907623874843 6.1299527559880165 7.258583925196445 8.875544068284515 9.024834267039346 9.079616753137028 9.352744246481649 9.961305796430098 9.982586979233902 11.222802550901388 11.36690192953207 11.403011948442286 11.988423532405946 12.25962163250258 12.452731396149781 13.288260411246034 13.926736634358093 14.164522290512936 14.46231479387875 16.451402497515325 16.990819205691313 17.475978027718185 17.947798917414048 18.956535014916764 19.03029308091537 19.107543661804055 20.458760001638847 20.46000867131656 21.146720874466258 22.400987846676074 
0.125 0.5 0.0 -14.110188950758113 -13.936028236288942 -13.418023010538878 -11.758888152612059 -11.542996549123503 -11.511952939408014 -5.146050784343097 -4.18247721224691 -3.950245310594847 -3.7432999416605 -2.312884775778777 -1.8628886483384235 -1.1774720962017018 -1.0957659088408638 -0.9965686231814684 -0.5748960254878633 -0.22847152093403825 -0.08053050124350236 0.9313619558563715 1.4984000659275512 1.7329023947474318 1.897431706195141 2.2768053236181576 2.626433368950299 3.411124359881025 3.5246480934770807 3.6941557847589452 5.221753143986806 5.243702235177763 5.788139087730144 6.085066082084097 6.12734157650842 7.21950695914417 8.777295702283821 8.833221717860344 9.09851786108111 9.447772681671447 10.019840255485224 10.205789455044782 11.129809313150732 11.205755151273715 11.460444772684735 11.816347910993297 12.366205930430223 12.391768052870509 13.264818434486148 13.87967037369476 14.36754074206277 14.59277817325114 16.51754580363567 16.974649568804598 17.561251452592852 18.03056376943742 18.784441365967883 18.895055049320725 19.138850811000843 20.39007280553598 20.426509044632933 20.481638617292017 22.41971577180454 
0.1875 0.5 0.0 -14.073831482844794 -13.922661060602966 -13.446373311047667 -11.784042719593003 -11.577607610685453 -11.509458102373518 -5.118363550364545 -4.2571914286564745 -3.9091673458757845 -3.5548221529115693 -2.152895431638297 -1.8934687762902362 -1.3108792692576938 -1.0712010283832436 -1.0246311118767928 -0.537936610379909 -0.4228056312922531 -0.3387676182146572 1.156001822036325 1.4740802842759948 1.6421159447555802 1.9579111670538338 2.470238699291173 2.674834637638638 3.4395490055441287 3.492457800000508 3.679013242897236 5.063669010922681 5.318569574929519 5.758368879062054 6.123283911497421 6.166576227723932 7.157647655361022 8.646553146541256 8.693256144258013 9.142814854867446 9.527274215816679 10.076036050356734 10.479715422872728 10.935318118704673 11.021972101829265 11.590498177298853 11.593712682416374 12.247113166198167 12.566765695313524 13.225925653452292 13.814272642526356 14.674420297095315 14.799952662905202 16.62060403110023 16.948508983907953 17.552916241032204 18.267011045147115 18.389120783897766 18.79799039304804 19.31632419027017 20.23111997746405 20.50795552947956 20.679346599283047 22.432655311245686 
0.25 0.5 0.0 -14.024907520080719 -13.9059188982784 -13.486288489409576 -11.815169716189835 -11.618134535163449 -11.5074551634184 -5.082492594208041 -4.335593470973014 -3.860630183860943 -3.3019930598271876 -1.9864501322250065 -1.9312271258918816 -1.4439980260965644 -1.1290147398452368 -0.9098997530316524 -0.6293694479257317 -0.579301531313462 -0.5672167427811128 1.2509921226263179 1.3717841647007545 1.6256617421289752 2.0830157722719322 2.654970190382871 2.6714599366827003 3.4766876126393864 3.5919191734754876 3.6874065399715805 4.816366830663653 5.388998530578751 5.730591071904665 6.114712785419709 6.256477493973721 7.0746349292519985 8.493186491445657 8.641010208056624 9.218371646349906 9.57087136983323 10.138301047662468 10.631519437168235 10.730779118241985 10.903660051023019 11.31950129559087 11.762521465820686 12.11267830800063 12.780571196144157 13.155279009283497 13.745556626725747 15.037860963144052 15.07033314425609 16.73491282172924 16.905193625051407 17.45130438496698 18.009810038045448 18.602821832747892 18.681427936785315 19.553762291473134 20.158526339880368 21.014265553609405 22.260744339462036 22.806283633831587 
0.3125 0.5 0.0 -13.965839323980912 -13.889047755757597 -13.536678738600783 -11.84680183397881 -11.6569110302835 -11.504945865747572 -5.043851239129367 -4.409992298084851 -3.808434260580855 -2.996804707678779 -1.9697592591735353 -1.8457433583608625 -1.5591662552402192 -1.1699908050577545 -0.8555651934129984 -0.8190650081114933 -0.7335650004276265 -0.629656350393107 1.1049361438158214 1.4416812337504632 1.5171363920194414 2.313003158649817 2.5903879427528587 2.8534604366333602 3.5138995863134403 3.717712663817732 3.8295276086405763 4.515461085135469 5.411936487285558 5.7022442675047476 6.101700113592189 6.341413439638021 6.984815794311875 8.380366373239603 8.620173822203673 9.331210307251252 9.577836350714085 10.202131101079628 10.337767891207152 10.793139756859343 10.929936807025737 11.022729380377834 11.95536079206129 11.99706386192681 13.017215739461706 13.054926094991787 13.682609291041711 15.384060851157145 15.387428878355768 16.850235356984673 16.861985973763453 17.285706369674333 17.716547293240016 18.556451106131743 18.95654323899953 19.84239160016863 20.162210597540305 20.991598361068217 22.02893703132148 22.84238775262985 
0.375 0.5 0.0 -13.899496194043703 -13.874632148564457 -13.596187842524456 -11.873922140112454 -11.690054428767798 -11.50314610456337 -5.00642067587033 -4.471516570200216 -3.7613737455502383 -2.6580976725238146 -2.0032666930810517 -1.7469717357991783 -1.6467177057508198 -1.2023170929352571 -0.9845569357053527 -0.9794655417587242 -0.9726101615512599 -0.40312022781145906 1.038004272776627 1.1536107115224932 1.590689737158161 2.5097563017036855 2.6306413250533165 2.993078479197161 3.5471409176588398 3.7521981421396893 4.131092542755056 4.1721327958339085 5.384830929325079 5.656848752245629 6.086984996477757 6.407755887955836 6.907603296473748 8.311052897229773 8.619961825010108 9.480172531353755 9.560127652144915 10.095660513556107 10.245655891268568 10.698639504260699 10.723710902313554 11.049267588648997 11.92361442655982 12.162853979835644 12.919635187264857 13.248214137702808 13.63447976271762 15.590020629042666 15.733334390993587 16.890862484411482 16.934542360272385 17.066306270785233 17.536510981302765 18.443608066857674 19.26425354010911 20.169696548081717 20.239876349889318 20.586847760689174 21.729344539704464 22.901744881153917 
0.4375 0.5 0.0 -13.864397970532035 -13.831334259999053 -13.660096093844954 -11.89205074009553 -11.711733941704042 -11.502420282194613 -4.977274908715165 -4.513060673338737 -3.7278624764750887 -2.320350432755766 -2.025734539029065 -1.7015983383990507 -1.689462700865931 -1.329451220097857 -1.1783850080784781 -1.0759321131554214 -1.07147982495816 -0.1201961830573243 0.8410721639159525 1.019798814692665 1.622468420302751 2.4473606690981344 2.991723047797748 3.080371433461883 3.5719076687441667 3.778623083165091 3.8073933762021532 4.411336941833751 5.3172049553562175 5.606825360040158 6.077026468718142 6.450245244532076 6.859050327039898 8.276344479102049 8.632916313623005 9.534286325518835 9.652933115630978 9.936998219871576 10.255445323343514 10.475751361209326 10.645126817049482 11.096241204208622 11.900900514066672 12.370712253447818 12.75997591181574 13.42844916707736 13.60423414970755 15.617552522862809 16.085999002069673 16.783631451214415 17.004645501835494 17.03146445868169 17.449129584549244 18.367827495857853 19.48040425110037 20.21156745928513 20.365426002392788 20.5080020417469 21.40195657119676 22.94644408382818 
0.5 0.5 0.0 -13.860968342629352 -13.786625711182092 -13.702855852254297 -11.898441768080101 -11.71983465253563 -11.501160371495791 -4.965846381633664 -4.528619738731324 -3.71505791180348 -2.120982381516228 -2.0352659200663186 -1.719164766778696 -1.6703265180176285 -1.5053927267700784 -1.1955525913961194 -1.1107270927594282 -1.1048754446495908 0.05118296313864465 0.6604778290834474 1.019790240489984 1.6320088019387449 2.424752430201719 3.1108602690566727 3.2789281139398256 3.5239968112165174 3.5814725055526426 3.7894565678019165 4.54188163318977 5.2643448980536025 5.586569997282633 6.072340331780201 6.462996982831052 6.842207723042399 8.267597802557498 8.640391354638705 9.523028649452424 9.753253188276917 9.883911610266292 10.219041201704165 10.388335448333551 10.622977139217337 11.106848633474804 11.897510599830255 12.547604315311117 12.602954814297046 13.500509700571866 13.595433629333883 15.597995068631912 16.353315098695223 16.546421110905918 17.02553887032536 17.117877297354493 17.422502697854554 18.34101662393167 19.56369568597823 20.062155795879786 20.431116000958482 20.724764428013756 21.189286900427557 22.968565531402213 
0.46153846153846156 0.46153846153846156 0.0 -13.87719010766159 -13.801861847593896 -13.675456396410665 -11.89040540066423 -11.717008538349821 -11.501813494706894 -4.964207214543089 -4.530835360006507 -3.7272307553070143 -2.2152320329289017 -2.0546176694079406 -1.7049795243500117 -1.69361293584604 -1.392439221871612 -1.2726490982350964 -1.0884236807887997 -1.005106498607893 -0.0022164594276056072 0.7235158083888058 1.0411702319551588 1.6309626055319568 2.4111164266214344 3.0218437322990157 3.1729048601065646 3.569892526110351 3.6835048147484994 3.796020593851063 4.499128117211943 5.286428473986015 5.6090125676133775 6.055398364708742 6.454912881292427 6.841632613892295 8.27455659495166 8.683792464389102 9.530772715893212 9.70880875411417 9.879395244806071 10.265004547921352 10.42025038370544 10.589874388694453 11.133297081915755 11.898561796600543 12.456810177319678 12.695492415457442 13.429071278519457 13.623521503091348 15.58380359222728 16.194211647850018 16.669644962269864 16.971725419516197 17.110963488502552 17.508437719279662 18.32661979987443 19.522213475381292 20.11249976215816 20.37831082404214 20.536253173790996 21.244274017792513 22.874732791596294 
0.4230769230769231 0.4230769230769231 0.0 -13.932572116937775 -13.802759652480486 -13.631833595396143 -11.867653290423606 -11.70897582539395 -11.503071522934748 -4.958942398854258 -4.538062502943228 -3.7629730889213655 -2.4152989285268474 -2.1197542973983565 -1.749168227176074 -1.6206784440814366 -1.391827394868338 -1.1431118367498234 -1.0400039319888248 -0.8628723829374435 -0.09163056969356959 0.8405909874680636 1.1141296192477115 1.6248014053687003 2.3733904487450586 2.753337740322419 3.134924866026224 3.5492601956035563 3.8082522304557926 3.864986888684253 4.394891534971241 5.331700629159815 5.670130762995351 6.0273716142950615 6.423185488329745 6.852867749639169 8.287597335035912 8.798697360275773 9.550604329475352 9.612591781772695 9.891069913617976 10.291117409611564 10.518503114712779 10.557872967300394 11.189203027483728 11.896392567092974 12.360877858089014 12.8031041158669 13.257480999487552 13.67095003296514 15.533359135301668 15.959640515346752 16.743190158185595 16.889107572234774 17.178777986967514 17.659586005042566 18.281172033178354 19.409166071947663 20.131421688292075 20.24801177543529 20.356434943095955 21.1297542272811 22.625853154340213 
0.3846153846153846 0.3846153846153846 0.0 -14.00705163866694 -13.78567207735059 -13.592326007306607 -11.831667427023447 -11.695631904731755 -11.50394190717829 -4.945889365518493 -4.548928093274446 -3.8119729150544366 -2.640203427689506 -2.2247190730865873 -1.8346992390505525 -1.5094126883116257 -1.4206487963028551 -0.956138355914039 -0.9155849173177447 -0.7290646602697345 -0.12437695894484721 0.9408695909717705 1.238058301183389 1.6094159031558175 2.32321194771803 2.468575970609697 3.11037010533346 3.5126804510242753 3.8053056709439574 3.9640125793069116 4.272396000631012 5.37231292999202 5.754126402336077 6.042079024042471 6.374725612455069 6.900103945073988 8.296170174341333 8.94237604467298 9.518630434489602 9.58363804209443 9.91062214672328 10.289920341584805 10.461389418467679 10.753054367278462 11.237502538841973 11.883790244183356 12.31354076889064 12.898984960095115 13.01156317584103 13.734007549848053 15.432401750255083 15.725867572120565 16.739737504900834 16.794616072252662 17.351217392898267 17.796537162789217 18.205740467984825 19.24349264858339 19.96480350527187 20.002883690677862 20.55854192021912 20.98155474467303 22.44094169246745 
0.34615384615384615 0.34615384615384615 0.0 -14.086999434935427 -13.758835315981594 -13.560665009227495 -11.787036088621226 -11.678129027256942 -11.505929131490506 -4.924742633750692 -4.5609720659988895 -3.867353929988435 -2.8636876007692567 -2.3633707794809666 -1.9870133695656922 -1.3866078413618685 -1.3725415235445788 -0.8404886808066263 -0.7192647225395172 -0.5949882523087503 -0.06581883453768173 1.027149058121824 1.372952717062611 1.5698646044851308 2.2136088240129466 2.2686402788353837 3.086037346733362 3.4487471819043667 3.7594305317811463 3.9606053993399835 4.158497681894619 5.396882103442807 5.829111790917924 6.135981117015776 6.351744489221496 6.983976385049873 8.277867665389921 9.044387470140826 9.44207501378561 9.65315527082569 9.910384737876273 10.311272238249233 10.46286255640228 10.951420087538501 11.269185444354115 11.82951730883033 12.341627904625772 12.711673562322924 12.975424091515357 13.80729397914506 15.272116776025287 15.514375099899542 16.668522088451105 16.78039413294968 17.481499598770256 17.944482961392385 18.10463404386221 19.02339764542071 19.782663114228534 19.855504014285447 20.807970788905987 20.928712640003443 22.249670272889322 
0.3076923076923077 0.3076923076923077 0.0 -14.167166659620777 -13.725718301949007 -13.536904889016814 -11.73883305194301 -11.657697318316224 -11.508283658871314 -4.892802367991309 -4.571139773202336 -3.9237698110015007 -3.077415321092703 -2.5292377019938352 -2.1894593544599608 -1.3031532825634162 -1.219871058168004 -0.6988408682467687 -0.584614463745862 -0.42455316591548836 0.05739691141269667 1.1201806490453345 1.4718530885405554 1.4871891686304173 2.035028940489564 2.2131022115118086 3.055028652689489 3.3477905503543384 3.6512671144662012 3.8867874262969093 4.063024861722174 5.412463396396334 5.856603807023836 6.305797763560344 6.412973561852261 7.089208182810384 8.198314326666582 9.067913036445919 9.386266204412916 9.787990416496797 9.873905106825001 10.369325755314614 10.536282430628338 11.128230017972463 11.294742231214972 11.732836480013638 12.382344479605518 12.430523623992237 13.032634274274642 13.880619135507361 15.065519354601054 15.33389182940299 16.543100550184523 16.8488283516567 17.501047977184054 17.983435509276315 18.137845479856118 18.761558304267627 19.570281646866658 19.871160481038903 20.93267618389408 21.070547425868693 22.062525297609547 
0.2692307692307692 0.2692307692307692 0.0 -14.244344945885949 -13.688108077001548 -13.519413117092967 -11.689809700637333 -11.634535830665406 -11.51033720670538 -4.847196088900559 -4.5736417552650455 -3.975106704949702 -3.273796431860714 -2.713432237957155 -2.4225698778914992 -1.1810982653993953 -1.0562960717054437 -0.540104344332002 -0.4587629731404538 -0.25516127317518733 0.20030442383438712 1.2281995045659002 1.2984477160427572 1.579958069324487 1.9616694121741842 2.158605817357851 2.991953133606149 3.228499135734298 3.4696335760215122 3.795048347501887 3.9903793179195053 5.43322990332982 5.83940692832591 6.523535817105254 6.564007508376743 7.200745650646485 8.031682636256786 9.069308290740418 9.348728057309092 9.813646044967042 9.96237382513368 10.459019977766951 10.671476633123284 11.275079687088944 11.331441370617963 11.612563345426976 12.046077562881397 12.553348467205051 13.07117129855965 13.94571749063929 14.844172200819255 15.177433239957665 16.40098607183191 16.938066168160965 17.493160723780495 17.852605176898596 18.30973481605529 18.49842042730375 19.35853995049366 20.000713419114213 20.9696360084047 21.350781123909712 21.904278125573274 
0.23076923076923073 0.23076923076923073 0.0 -14.315494681224505 -13.647389592643782 -13.507034043308531 -11.644447034172062 -11.610270308301395 -11.512076179742083 -4.785477781916043 -4.562873985220699 -4.018751658256527 -3.4492310487710522 -2.9091320918513657 -2.668785326438013 -1.0259426245127496 -0.8836062799317648 -0.3751774089695029 -0.3157026499816114 -0.11201990394999488 0.3295039212670209 1.0898216875104012 1.3543777403598432 1.6675084398095064 1.960502999719938 2.100736159269583 2.8272403392698453 3.172376883253481 3.222029727925541 3.716750917574293 3.9328912454016893 5.4693825159896114 5.812673964482712 6.7591148146678295 6.762740412306635 7.305568856434183 7.775070166654694 9.098855410572556 9.331743984274041 9.743711547764962 10.13963234107903 10.56183636345767 10.839064533176819 11.37479648464086 11.385823394664081 11.492143733661674 11.727314293415684 12.682726385204516 13.094873163230536 13.996060136621937 14.633891335015802 15.040323198343229 16.24451679727514 17.017223844146617 17.548291650586528 17.72057098705499 18.177657360427897 18.48719872068693 19.14932417890829 20.25282427912869 21.027823449533884 21.781004103901868 21.800640257008826 
0.1923076923076923 0.1923076923076923 0.0 -14.379195491897878 -13.607086184506224 -13.49898098969574 -11.605313633091932 -11.586938507335121 -11.514821712370221 -4.707893386405469 -4.536001987460693 -4.054480026846357 -3.6026070565142763 -3.110520675330496 -2.9192622810543534 -0.8423130235547561 -0.7031985671591265 -0.22006568850148214 -0.16775322066813236 0.003542249881188879 0.43080834998700435 0.879847764761609 1.4838386214294648 1.7566839865603703 1.993775334419555 2.0466078423818628 2.58060747799833 2.9258996926773175 3.185059295349281 3.654588253634362 3.8716984869120923 5.519588700772426 5.789458386529602 6.9743251433417335 6.987739015261716 7.396733362633329 7.460817559288642 9.154456130577328 9.328428895727862 9.671785849864756 10.299123668559366 10.656155147995332 10.994472377810423 11.349728077255497 11.363729141800547 11.467449200988286 11.532420505912235 12.800415982501947 13.102033209200473 14.025787546263011 14.443928226105168 14.918307711057615 16.083087815501397 17.06912962985188 17.588035677132012 17.683709033879726 17.923389275857893 18.533762666999376 18.95063216951847 20.476479073443087 21.09796998722135 21.680326815382333 21.88234486919921 
0.15384615384615385 0.15384615384615385 0.0 -14.433420298769612 -13.569379905413749 -13.493948342634294 -11.57399247160869 -11.565444263759233 -11.516752416852887 -4.611967307315148 -4.488345738811674 -4.0807663847927405 -3.731659847652421 -3.3134883892158453 -3.1652384968317206 -0.6364217599753529 -0.5163944743087521 -0.08457300769877427 -0.03768059232380475 0.10531642762461293 0.5086285523968607 0.6889050956104908 1.589868575237053 1.848674518843298 2.0198989842282726 2.045145007918137 2.3122975293827546 2.6076586644914195 3.237331149826491 3.6049251696275597 3.795071655262632 5.580060475946249 5.774995450377349 7.12567248374597 7.175716985520557 7.193752355650858 7.47132750215928 9.2321668836016 9.3478479072457 9.608716815526885 10.440144479921242 10.725484055288598 11.035246650443996 11.129699834979913 11.359436939608075 11.531069572458026 11.568036455279577 12.897832007026803 13.099506820480402 14.03530563686974 14.283467657828341 14.81310035981996 15.937535735337535 17.11046098675962 17.464879316853818 17.676268105770063 17.886816751497555 18.534292517095928 18.77557001038889 20.77127862458053 21.178217704485345 21.596221208724334 22.02156093194249 
0.11538461538461536 0.11538461538461536 0.0 -14.476806678090247 -13.536190234035553 -13.491087701992614 -11.550390943056902 -11.547131575379215 -11.518915123076589 -4.498475488112613 -4.416876120476949 -4.099205778960272 -3.833992264040581 -3.5108125533186896 -3.4014335444041475 -0.41748738311517625 -0.3285001612472713 0.025546079392060234 0.047946283321195 0.19945543163365423 0.5238189321564662 0.5784852879834536 1.6381576198232346 1.9269672822807111 2.0473883706952467 2.0521263135437064 2.0992060753177615 2.3056733115764922 3.31776887025122 3.5673854798325584 3.7049848570657096 5.643864667131933 5.765166279117845 6.80374748151378 7.350263758087293 7.363762109683734 7.527031406863107 9.319952325502731 9.386180404040788 9.558402165987696 10.556783998305821 10.756136811438884 10.91744776053335 10.942567078434104 11.480159979467407 11.59940038572491 11.619974204102567 12.973446119307471 13.089418717582312 14.029232331845169 14.157356271332148 14.728551009064649 15.82032840284683 17.143727011680564 17.357465895378567 17.48100692619062 18.090779729782543 18.51098105811815 18.63569620045794 21.054844384670513 21.264256939610817 21.527304047633734 22.168801321006175 
0.07692307692307687 0.07692307692307687 0.0 -14.508393084993536 -13.510426216990142 -13.489450622492516 -11.534223014245612 -11.533533780743179 -11.520714032659292 -4.367585956655541 -4.321716676474474 -4.1109658234906945 -3.9082114503672507 -3.698858269664601 -3.622406027612685 -0.1995405773670672 -0.14823005159682393 0.0924918277669414 0.10728071064478027 0.2536577618311069 0.38586115756246714 0.6638957821273526 1.634021163782284 1.8270628528593356 1.8845013458890016 2.1077912935979897 2.144371249705966 2.144945440297233 3.4105033686028245 3.5403176748992817 3.6143232293535337 5.699420916407746 5.757630796338779 6.528731142085839 7.482763590338342 7.489742009725786 7.5647402171518845 9.405310472788022 9.434469674726149 9.523523523384684 10.644815301664824 10.74696646522937 10.760745750468589 10.833278668531998 11.601351703770197 11.658301726951114 11.66564819611618 13.024485848927306 13.076836228602499 14.014346394519988 14.066901251528103 14.667168221587424 15.737235462643495 17.17122557474648 17.27094575177039 17.326760992796796 18.278267316627456 18.48469252676894 18.536714124310052 21.271390436752988 21.344716480619176 21.472796062942912 22.28317276578636 
0.038461538461538436 0.038461538461538436 0.0 -14.527674420569003 -13.494065579367142 -13.488684097287631 -11.524526984629313 -11.524293614873129 -11.52110488514658 -4.224014389489903 -4.207030622452638 -4.117004184301751 -3.9537790772873302 -3.8698650209307526 -3.820138330875555 -0.004823713394247518 0.011528128429283059 0.1138171566921879 0.15935732207017528 0.23934365168867258 0.2684560593271554 0.7584801478202566 1.617377611393744 1.6689295837217344 1.6993151827094866 2.1612177583762127 2.166979729698708 2.173790757208905 3.4885866552560496 3.524792638357827 3.54562859928192 5.736670683224008 5.752083380829989 6.340781591399442 7.566526717084399 7.568361596238615 7.587266819091514 9.470326834922632 9.477289721299051 9.501769376452724 10.657824800795677 10.699658774910016 10.729442554895442 10.749541415513402 11.683442185889492 11.698328658906298 11.699810507313508 13.056857702719045 13.070480762104786 14.000559684690392 14.012973073262197 14.630834673339145 15.688746226784154 17.187787597877037 17.21417762385311 17.22799364505653 18.41213899901166 18.46691211316583 18.479614046257925 21.39354270473282 21.40431698782616 21.438467803470658 22.355613993225212 
0.0 0.0 0.0 -14.533518125580208 -13.487631628942058 -13.487631628925902 -11.520872341272584 -11.52087234127254 -11.520872341272511 -4.115910504996142 -4.115910504996138 -4.115910504996102 -3.9753262138735996 -3.9753262138735925 -3.9345160393506626 0.12119890829022831 0.12119890829023428 0.12119890829024792 0.17911835673292378 0.17911835673293558 0.1791183567329406 0.8080122744142509 1.6128671330008726 1.612867133000884 1.6128671330008864 2.18676105787943 2.1867610578794374 2.1867610578794374 3.520014205037685 3.520014205037686 3.520014205037688 5.753007073851189 5.753007073852277 6.276423131158087 7.596758599638239 7.596758599638248 7.596758599638289 9.500183961546679 9.50018396154668 9.500183961546703 10.624704106698884 10.724416069004851 10.72441606900489 10.72441606900498 11.722419306766097 11.72241930676618 11.722419306766204 13.07343321404895 13.073433214048984 13.997543328335668 13.997543331184 14.62118186218362 15.673562481914638 17.20314358627055 17.203143586270595 17.20314358627061 18.463480166812595 18.463480166813294 18.463480166815227 21.428996896661392 21.42899689669268 21.42899689670818 22.206930768557154 
0.03125 0.03125 0.03125 -14.527736719903164 -13.491331079585436 -13.49133107955493 -11.523452748777732 -11.523238487974 -11.523238487967221 -4.200653605034868 -4.1833429578627825 -4.1833429578621075 -3.8950852293913574 -3.8950852293912916 -3.8347595728431276 -0.017228803057221444 0.05566260059234777 0.05566260059244829 0.21529378486093012 0.2394395252222654 0.23943952522233128 0.7597739972597999 1.636202042227416 1.636202042228123 1.7109007294696434 2.16680339686529 2.1668033968652956 2.1690069550693183 3.4962839106592285 3.531315295496033 3.5313152954960354 5.744447734392443 5.744447734396154 6.34015356748296 7.567856942647859 7.567856942724875 7.587108798692241 9.479945215003085 9.484725699101869 9.484725699236702 10.657507887014562 10.72402353838561 10.724023538524545 10.730480836591854 11.691409023121734 11.691409023152454 11.699572832385346 13.063368540375278 13.063368540391911 14.006793509032866 14.006793517553355 14.630525819544605 15.688618795324548 17.206371769735064 17.211704859766645 17.211705614241698 18.434743897986426 18.434890185515666 18.48915466219285 21.393521428551036 21.421153493830115 21.42156333007362 22.380232837656376 
0.0625 0.0625 0.0625 -14.508678348645924 -13.499764429364662 -13.499764429344424 -11.529381120973001 -11.529195134290028 -11.529195134288877 -4.317569371041488 -4.272455135863234 -4.272455135863016 -3.753084062540084 -3.753084062539988 -3.6616280235356253 -0.25563073284117893 -0.027343273827610818 -0.027343273827493436 0.17406757115234697 0.3138682741757507 0.3138682741758187 0.6685128405515285 1.711782805569997 1.7117828055705497 1.9070705094126876 2.120155263310207 2.1201552633103535 2.169087914349974 3.435273405462947 3.5647657162996786 3.5647657162997075 5.728819922925596 5.728819922929252 6.526767440904673 7.48844689467661 7.488446894733581 7.565902562535102 9.44091657479006 9.458135591742838 9.45813559182913 10.736912312658465 10.736912313080966 10.751074607046839 10.76700524887794 11.631659643740145 11.631659643834348 11.662009264677717 13.051609244638334 13.051609244863469 14.042525766960573 14.042525774972043 14.664530105818187 15.737150281183041 17.24440415848743 17.262932995646462 17.262933244272627 18.364303505031362 18.36443231145923 18.570455187083486 21.290712708649128 21.389391366378923 21.39163022108824 22.39374811410786 
0.09375 0.09375 0.09375 -14.477210907702082 -13.512959483639055 -13.51295948362078 -11.539748372490063 -11.538906691527115 -11.538906691525046 -4.420606997134791 -4.34592776350885 -4.345927763508817 -3.590490892969406 -3.5904908929692807 -3.4670334309954467 -0.5399340038371698 -0.10219483464460305 -0.10219483464449962 0.04413552194426629 0.37870003519194084 0.37870003519200895 0.5717511325669751 1.8140156310589979 1.814015631059067 1.938602309700964 2.062900745284173 2.0629007452844346 2.3820589443570013 3.3530768991473634 3.6153842225549218 3.6153842225549275 5.706798531778584 5.706798531783294 6.796025006871043 7.359698938597636 7.359698938631043 7.531699628343525 9.393114480555552 9.425116557170298 9.425116557237015 10.745899400464223 10.745899401026817 10.79718425067009 10.917434588553862 11.541161806553347 11.541161806731319 11.602907667379043 13.029752924751422 13.0297529253375 14.102822355153526 14.102822360994827 14.719319569800808 15.821426945281392 17.30844232211899 17.341428804280827 17.34142902267958 18.269673193371208 18.269758453902284 18.692560422332132 21.135507213056194 21.309078218220886 21.31315117045584 22.446921356288044 
0.125 0.125 0.125 -14.434157497162849 -13.530008193658153 -13.530008193632236 -11.55372010769239 -11.553357375337521 -11.553357375336077 -4.502462633287605 -4.399434076092793 -4.399434076092769 -3.412057117974779 -3.4120571179747516 -3.2604791328817533 -0.8432424136366369 -0.16610661490805553 -0.16610661490799558 -0.1496054101181387 0.4349359069114118 0.4349359069115044 0.4656256764780631 1.837264424892258 1.8372644248923269 1.8642996814375155 2.0944464596379535 2.0944464596382057 2.7202590183053807 3.26629941580098 3.677013427906101 3.677013427906128 5.68443603000247 5.684436030006956 7.10639033624721 7.185511282074949 7.185511282089207 7.487686376426236 9.353564735129268 9.393131747412989 9.393131747485661 10.735087407448715 10.735087407866246 10.821323437047745 11.131603705244698 11.432567770721185 11.432567770869206 11.529246511705761 12.99260025685722 12.992600257649784 14.187558911236735 14.187558918630577 14.790797233849853 15.943175149429036 17.39530046308702 17.4348976990053 17.434899643052287 18.179033323855673 18.17908150909659 18.833993447848975 20.94776050305594 21.176924935135155 21.181341271041486 22.54682544131192 
0.15625 0.15625 0.15625 -14.380339223845178 -13.54997493671581 -13.549974936715792 -11.572683996694476 -11.572683996694405 -11.572594982131626 -4.562475336523962 -4.431332427962108 -4.431332427962095 -3.2204489572676853 -3.2204489572676733 -3.049033614162083 -1.1501778859829406 -0.381042253116192 -0.2185392706478364 -0.21853927064782672 0.3442054877054027 0.48977843465432075 0.4897784346543247 1.7374038093923565 1.7374038093923587 1.7782288597913745 2.2410523476803594 2.241052347680372 3.0398148391499658 3.2261109329538438 3.7445196799136 3.744519679913615 5.672050969063423 5.672050969063457 6.973132601161206 6.97313260116123 7.419406093198174 7.436754723676663 9.339103094183063 9.369548382179783 9.369548382179806 10.691779617597897 10.69177961759792 10.81418915231707 11.320104435658896 11.320104435658948 11.359051365197919 11.488702048513984 12.934097882652207 12.934097882652251 14.295689779671813 14.295689779671815 14.879287023734783 16.100831280131963 17.504525232231348 17.519286548130466 17.519286548130736 18.125966371440494 18.12596637144096 19.048278995974847 21.004064591781646 21.004064591906193 22.677286158111194 22.677286160754555 
0.1875 0.1875 0.1875 -14.317016687355164 -13.571344527958573 -13.571344527958532 -11.598186722547814 -11.598186722547744 -11.595476296981284 -4.599666004695866 -4.44166863706473 -4.441668637064719 -3.017838475908081 -3.017838475908056 -2.8400734569150137 -1.4535735357554593 -0.6254501621197274 -0.2603743259292419 -0.2603743259292203 0.2049743778806275 0.5505523920759097 0.5505523920759373 1.6026177548974707 1.6026177548974756 1.6920619836305988 2.3901278763641067 2.390127876364114 3.0457597038883755 3.508858956206959 3.819770694474589 3.819770694474601 5.682049502868904 5.682049502868916 6.730209410095907 6.73020941009591 7.379630256986334 7.702714685378992 9.355699941837317 9.355699941837322 9.366740736669769 10.613573691678116 10.613573691678193 10.751848593535634 11.213476227955145 11.213476227955155 11.357898768697865 11.734145967875428 12.847833732631758 12.847833732631809 14.424413848418036 14.424413848418157 14.98711626770001 16.286314260502362 17.563182470490815 17.563182470490826 17.63905778962446 18.14734504509631 18.14734504509701 19.108905377825366 20.803600359480257 20.80360035964094 22.797909913580213 22.797909914834783 
0.21875 0.21875 0.21875 -14.245891099882977 -13.593366103086902 -13.593366103086852 -11.628775108270395 -11.62877510827038 -11.622788901537753 -4.615388460794202 -4.4329212370526925 -4.432921237052683 -2.805315991781071 -2.8053159917810437 -2.6483856807982473 -1.7498388328737045 -0.8555823240883701 -0.29279037823080556 -0.2927903782308024 0.05499727499177215 0.6221156024531233 0.6221156024531518 1.4587996473893712 1.4587996473893798 1.6061443278183005 2.481421612467747 2.4814216124677566 2.967842265297571 3.8784506247773822 3.914266935791515 3.914266935791517 5.724737977491925 5.724737977491933 6.472721135436309 6.472721135436321 7.319828983418748 7.9336356181523655 9.351601918944777 9.351601918944787 9.431640773026617 10.4992388013653 10.499238801365339 10.640567270617645 11.115071332395052 11.115071332395058 11.315360621241155 12.070134776176157 12.73189424129871 12.731894241298734 14.56995170752755 14.569951707527593 15.119301754000317 16.484883144682716 17.56303034368906 17.563030343689093 17.793149597334406 18.246853049676762 18.24685304967737 19.073681648368357 20.582508368199832 20.582508368376807 22.81381443157608 22.813814431886357 
0.25 0.25 0.25 -14.168515422995084 -13.614276701209008 -13.614276701209 -11.663252593977479 -11.663252593977445 -11.653730618649325 -4.608444263154209 -4.4045088527220235 -4.404508852722014 -2.584981078168441 -2.584981078168408 -2.492631553761748 -2.0351286481462565 -1.0429771581218479 -0.3161956950652682 -0.3161956950652539 -0.09826704199191749 0.7057572051051241 0.7057572051051311 1.3231371158218521 1.3231371158218737 1.5156272321576276 2.4827430420977143 2.482743042097737 2.8943194025586614 4.034989121709293 4.034989121709294 4.2480258899555565 5.80149364567639 5.801493645676422 6.222552840169123 6.22255284016913 7.261918414533928 8.10804467335243 9.360286605463346 9.360286605463388 9.51468478072531 10.361109265896486 10.36110926589656 10.51329821239513 11.024588779619577 11.024588779619577 11.27778798268603 12.428851943531123 12.589563738977462 12.58956373897748 14.728218723233956 14.728218723234002 15.285724783823381 16.67863663701234 17.551200493817127 17.551200493817436 17.965605855292047 18.395986608295715 18.395986608296305 18.978571373965906 20.358207392099047 20.358207392347996 22.737654559798887 22.737654559966565 
0.28125 0.28125 0.28125 -14.087376975409203 -13.633608768332584 -13.633608768326216 -11.700229401042057 -11.700229401041684 -11.68810737525595 -4.5799336743423495 -4.361441688981808 -4.361441688981755 -2.41015128044123 -2.360627035475546 -2.3606270354755123 -2.297933104531146 -1.1577502262582071 -0.3290368289580728 -0.32903682895806685 -0.24343127508599896 0.7855311635782495 0.7855311635783138 1.222334001163251 1.2223340011632915 1.4181628141078824 2.388573154687091 2.388573154687097 2.8310588659050624 4.150415814495512 4.1504158144955445 4.608308546806916 5.890070245345913 5.890070245349738 6.034072642587984 6.034072642588457 7.209662126321168 8.23683094932141 9.37884423290587 9.378844232958441 9.562341992008308 10.209426728181018 10.209426728219645 10.406938133272444 10.935673217766647 10.935673218912063 11.24082336463812 12.422232114181805 12.422232117587175 12.797330765370882 14.8910016727246 14.891002215059315 15.495601500980822 16.843107852055258 17.553059901623275 17.553067041018437 18.139774689113885 18.56323792912782 18.563245017737195 18.859522054412047 20.140233876950678 20.141463718687763 20.64236225299946 22.61425538812688 
0.3125 0.3125 0.3125 -14.005192239505025 -13.650417433324487 -13.650417433319687 -11.73849243687432 -11.738492436874086 -11.72466158514034 -4.532110107422001 -4.306919518065146 -4.306919518065096 -2.585633717505674 -2.369192721329192 -2.1374593752934277 -2.1374593752933575 -1.1939830807175766 -0.3577792235604193 -0.328572899727797 -0.32857289972778936 0.8086822898777714 0.8086822898777828 1.2151121745965119 1.2151121745965767 1.3090602367974262 2.2162661026969768 2.2162661026970065 2.7807908331733837 4.191127584949618 4.191127584949725 4.952743988682426 5.846535406774668 5.846535406776157 6.09463368463017 6.094633684630903 7.16415652588504 8.336460743161819 9.409137305504006 9.409137305560815 9.520028392422281 10.057716048962629 10.057716048981812 10.353569709164463 10.842753715883566 10.842753716867678 11.209629906961274 12.234579061760533 12.234579063813843 13.169517209965775 15.047692483192701 15.047693139561849 15.742360174575705 16.962303235767102 17.58412521945151 17.584130247607547 18.294309190399424 18.72117601136301 18.721181491601257 18.79070146428544 19.935310371097792 19.935847918875634 20.699602855737513 22.496034388367853 
0.34375 0.34375 0.34375 -13.925377426226941 -13.664522885113204 -13.66452288510622 -11.775793282464107 -11.77579328246391 -11.76233396696365 -4.4662611071519045 -4.247021061445809 -4.247021061445804 -2.830703605657413 -2.4168353214098715 -1.9233214478672103 -1.9233214478671856 -1.191455303540202 -0.41144005990866456 -0.30998459462091016 -0.30998459462090766 0.751872918481862 0.7518729184818672 1.1891164136368422 1.3302749956405053 1.330274995640565 1.992947710476238 1.9929477104762527 2.7457947709286166 4.100983366051959 4.100983366052217 5.270296649577953 5.837179003269405 5.83717900327051 6.264966103024823 6.264966103024947 7.128602844766796 8.423958496467074 9.396640921970913 9.451357763124612 9.451357763226387 9.910296940753497 9.910296940766205 10.313172870319045 10.74597711891818 10.745977119622372 11.198218139630548 12.03437870174052 12.034378702806126 13.544395639223813 15.188648905489297 15.188649552788233 15.99534524086224 17.045816964900457 17.64990000338651 17.64990387774501 18.388503093727678 18.795895527198628 18.85010051837338 18.850120948644953 19.75287665298555 19.753095175094092 20.665155759264152 22.403158827028342 
0.375 0.375 0.375 -13.851206290179235 -13.675972529896368 -13.675972529887456 -11.81052991269666 -11.81052991269638 -11.798025508036668 -4.384845695768365 -4.1863556531388815 -4.186355653138867 -3.0603146158150794 -2.48791287860594 -1.730591088042966 -1.7305910880429447 -1.2075994245969182 -0.37989176455498586 -0.26461557370019634 -0.2646155737001904 0.6701411972935843 0.6701411972936132 1.054245556630241 1.513669621396288 1.5136696213965182 1.7439599588645098 1.743959958864526 2.722147801952963 3.8890390198782065 3.8890390198786253 5.5562938194904605 5.908547245092022 5.908547245092904 6.467218588815334 6.467218588815846 7.102897876051339 8.505856618102444 9.240427839023498 9.495905376293802 9.495905376410462 9.779119489634189 9.779119489647142 10.237140974857411 10.647406011140202 10.647406011618996 11.220049854516915 11.833306637778737 11.833306638201757 13.923518827590309 15.30726770126772 15.307268233289212 16.173131994796606 17.160789436188082 17.756009475314343 17.756012693242553 18.419518930268232 18.85721325005338 18.924381026211314 18.92444501222113 19.60395290450017 19.60450476950055 20.42523937480544 22.33154517371009 
0.40625 0.40625 0.40625 -13.787351881692697 -13.684473174610213 -13.68447317460604 -11.839551834644675 -11.839551834644045 -11.830700104513161 -4.291125364459809 -4.131397016094287 -4.131397016094271 -3.2680936745846094 -2.556977833014415 -1.5712176756173784 -1.5712176756173497 -1.254818946054983 -0.27258769131216043 -0.1870824870518394 -0.1870824870518058 0.5993528970791882 0.5993528970792146 0.9105557226909041 1.4597499081810008 1.4597499081810161 1.7632473520157368 1.7632473520159015 2.7092000973409944 3.603905937237999 3.603905937238529 5.798934320955936 6.001169225969123 6.001169225969668 6.683024776644186 6.683024776645074 7.08778101515287 8.588070181005968 9.090707134647888 9.506337981815342 9.506337981912127 9.705989825750484 9.705989825776184 10.116940396130282 10.550003253943611 10.55000325409815 11.266189808594966 11.647714002672068 11.647714003314022 14.307571011002366 15.39882793993035 15.398828211394681 16.176328433947354 17.399346192402422 17.898110429225564 17.89811317557933 18.428917796190618 18.91435417583828 18.92010665809833 18.920232459257004 19.50765262341562 19.508202611027798 20.08646931507526 22.275141049159053 
0.4375 0.4375 0.4375 -13.737744145037935 -13.69058645083555 -13.690586450835498 -11.86189006655117 -11.861890066550906 -11.857015773358613 -4.190612100179176 -4.087586497223489 -4.087586497223449 -3.449643185423459 -2.6119168107760724 -1.4565642737712685 -1.4565642737712585 -1.3106096189005636 -0.12839909763006935 -0.08030573011370959 -0.08030573011369782 0.5549265093139868 0.5549265093139919 0.7638488516941615 1.2029504072785497 1.2029504072785568 2.0226532550885805 2.0226532550889247 2.702319253824514 3.2857136139815513 3.285713613982053 5.985563680659687 6.0785565605065255 6.078556560506982 6.881656099154197 6.88165609915496 7.080532266415535 8.667987149801474 8.967890005008188 9.440537714023863 9.440537714081353 9.734288460030873 9.734288460097382 9.979333418408606 10.456024444408513 10.456024444589213 11.311751871761718 11.494501117424061 11.49450111796758 14.692005775879784 15.460847492015755 15.460847564507572 16.01812545833812 17.74382519727286 18.066569236023025 18.066572898983342 18.43295046483776 18.831354302448673 18.831473816583067 18.9160327764238 19.461586104597274 19.461930775521104 19.757241956246855 22.241430933664777 
0.46875 0.46875 0.46875 -13.70610311092571 -13.694023280489537 -13.694023280486999 -11.875873189677705 -11.875873189675358 -11.87421537695274 -4.095961460762156 -4.059514888172093 -4.059514888172066 -3.59240185612973 -2.6463488579204366 -1.3894034428541215 -1.3894034428540911 -1.352244269145585 0.00900886707223105 0.02684571536478177 0.02684571536478492 0.5510117528008781 0.551011752800885 0.6322745320950506 0.979698032815899 0.9796980328159188 2.3093041542971147 2.3093041542975805 2.699871173422279 2.9601732509470025 2.960173250947395 6.103990145262205 6.127874560388814 6.127874560389336 7.0247974523881656 7.024797452388467 7.077483648038138 8.732318861684078 8.888000092886747 9.369286712650146 9.369286712712787 9.793252498793915 9.793252498929473 9.866921601563654 10.380407214440712 10.380407214565098 11.345575592540094 11.392723979812942 11.39272398008725 15.065444890797034 15.496807536615389 15.496807679217412 15.761835109510555 18.11932171552238 18.244696718625978 18.244704141820403 18.43910515783179 18.692028515369653 18.69206929866241 18.803297847399975 19.444648165946685 19.44479721648045 19.51944018881091 22.22998993400771 
0.5 0.5 0.5 -13.69607145171046 -13.696071451710361 -13.696071451710308 -11.881954528554713 -11.881954528554688 -11.881954528554648 -4.052008125004945 -4.052008125004915 -4.052008125004914 -3.6555369670876168 -2.6633368542480866 -1.3699605424347845 -1.3699605424346935 -1.3699605424345391 0.07115019169916374 0.07115019169917251 0.07115019169917332 0.567554759004143 0.5675547590041673 0.5675547590041685 0.8689459809463783 0.8689459809463834 2.554837485509707 2.5548374855105287 2.696144131114431 2.696144131114447 2.696144131114461 6.142629659446562 6.142629659446586 6.142629659446594 7.075645557525197 7.075645557525208 7.075645557525208 8.754554519467925 8.856310905089801 9.338477710676647 9.338477710725108 9.818443338167382 9.818443338167398 9.8184433381674 10.3446294679398 10.344629467939807 11.352441005066009 11.35244100506605 11.352441005066051 15.350470097739022 15.505677246314624 15.50567724631467 15.505677246314715 18.353577292763614 18.353577292763976 18.353577292764122 18.498701836727086 18.58821382697416 18.58821382697421 18.58821382697423 19.435258502341 19.435258502347217 19.43525850235101 22.217240174975434 
0.4642857142857143 0.5 0.4642857142857143 -13.702325832993003 -13.698869097735598 -13.691874821889513 -11.878816563742106 -11.875571545785014 -11.873753481769214 -4.0915478001918055 -4.060127073424498 -4.055473992871672 -3.5997140703362014 -2.6480108032304197 -1.3912979631944877 -1.3775304927502983 -1.3583587650974813 -0.010724714764894398 0.0061504551347092195 0.09745991841336282 0.4846741219760405 0.5843960922291763 0.6589092672067901 0.9247836495660878 0.999757136634039 2.260509486253521 2.412204360016572 2.7093280167096565 2.852149297896217 3.0006944820344277 6.107265364853737 6.128926512370825 6.132927779099019 7.012714464374022 7.0588608721301265 7.068982387161122 8.735216357135817 8.884181779381674 9.34540987336292 9.386263634222164 9.785597750631787 9.817488331657186 9.850799630769288 10.363259589691978 10.390237118760346 11.351385163751527 11.373585143891384 11.397775759193626 15.092445477616703 15.4832248094854 15.50512054104665 15.74758926296252 18.137694476884967 18.217703209319055 18.3456495236588 18.393989121168712 18.629159782849285 18.741929347427885 18.784514754338225 19.42174808227207 19.484803973661588 19.49024964717783 22.22002364023903 
0.4285714285714286 0.5 0.4285714285714286 -13.723076525263915 -13.709439084709699 -13.681801166652257 -11.873304263474207 -11.86139427952055 -11.853258656051596 -4.1820769312032215 -4.0897776536155215 -4.071108078286978 -3.4703023849422556 -2.6168561643227544 -1.4619680369628185 -1.4062691088192565 -1.3332381036581338 -0.18015476766255953 -0.13637594248574358 0.16340548346969225 0.3516751453731977 0.6160337038757185 0.8398168677382013 1.04937330602061 1.2450929485503304 1.9161660492227675 2.2260567903063313 2.7395203440345575 3.065721227992767 3.361062174084601 5.9995423355155095 6.084219579187299 6.096592816279814 6.84180709866971 7.00698910687678 7.043750246617392 8.67830662787502 8.95023447832526 9.359739457086249 9.505230212033768 9.704025449379113 9.813437488114165 9.920118914540204 10.408778990670196 10.489873335492312 11.333661448448499 11.425407719812773 11.515283875215067 14.756724631269773 15.41130924980967 15.491347302492713 16.012099654426954 17.76833208539146 18.048861200711432 18.28356067814524 18.320995503150943 18.67393537127074 18.911447670078683 18.941667056947413 19.374193826664047 19.619368095017553 19.645424532930754 22.204626940887156 
0.39285714285714285 0.5 0.39285714285714285 -13.75575617083788 -13.726618321418682 -13.6657776415758 -11.865029732505132 -11.839277615501175 -11.82239067792627 -4.2876347750629105 -4.134895503684679 -4.093632431311712 -3.303190736220545 -2.569476068489114 -1.5832379408770407 -1.4537308186025564 -1.2989521607366403 -0.36415929155342697 -0.27981376211188563 0.22575635223653007 0.26316272172809807 0.6617936901283676 1.0377394381077747 1.2002564056312426 1.5238819146638451 1.5897247071870655 2.04999088641377 2.7834779435468593 3.2869705013635424 3.705707994166151 5.832000737067125 6.013928904855575 6.029099571795945 6.61206989911092 6.930262054990653 7.001183984098351 8.606318856239987 9.035434511638984 9.389150497477418 9.609370009607945 9.662690988462796 9.82054118918666 9.994146448711042 10.479740341402687 10.614749731897959 11.307682320866013 11.506115220780009 11.686199306229307 14.4169049254538 15.296707512748918 15.451378153417055 16.228638151857844 17.370319026352668 17.953810739247324 18.155379740903406 18.29471066530778 18.66133179764346 18.941678320706103 19.089410465070056 19.315842776537934 19.83711797331708 19.863822714844424 22.198429976601393 
0.35714285714285715 0.5 0.35714285714285715 -13.79674150761006 -13.748206287422228 -13.643815516448333 -11.853517362854454 -11.809264752340221 -11.783425774784417 -4.397394408983121 -4.1867801421119 -4.116818060961169 -3.1092043477008366 -2.5057782832840876 -1.7461790508783264 -1.5167181345822323 -1.2626866525173557 -0.5379339213220972 -0.3908990461736343 0.11751264814128197 0.3853735510778908 0.7262615471017032 1.1980727701801808 1.324480869882713 1.3604127249421771 1.813032629963856 1.8964337878453692 2.83782783663734 3.510389839819329 4.0129538745580415 5.620428875018174 5.925903084375342 5.927307973398951 6.3821251479469 6.842933849723739 6.944235490713918 8.53988819656406 9.100347345634164 9.462454205034224 9.520990280253391 9.823642004915031 9.864344862651711 10.051700513393216 10.560829661607698 10.758953189326155 11.280254576982447 11.61542009553794 11.895654505934964 14.088823357376807 15.152217797618171 15.372915384181718 16.394884138114534 16.965989974083165 17.965328061735153 18.017731333605557 18.282617006955498 18.568173049554172 18.897951050948453 19.176669783292542 19.304262996469575 20.07756080204529 20.1199675907897 22.217304387568596 
0.32142857142857145 0.5 0.32142857142857145 -13.843744489269099 -13.773859931968026 -13.617379440243917 -11.840342883047926 -11.774308999776094 -11.740499574374597 -4.509066871886742 -4.241780681137377 -4.137775564256879 -2.8946984447263024 -2.441494508935031 -1.9321905838990678 -1.596053483046516 -1.231982273833309 -0.6915158073424794 -0.468738463431808 0.028945214885511 0.4967791208476321 0.8104593226321045 1.0276432553065844 1.4035461869204686 1.5208040909902505 1.788761874503726 2.092077287549518 2.893312390716651 3.7261244040153163 4.243799930244991 5.377554077566229 5.799184088034786 5.832284811399554 6.192135934802071 6.757466935107087 6.87422206399671 8.487924179401189 9.112578684976663 9.441865709079789 9.589815012416532 9.89817334579123 10.01821353953524 10.087498621916838 10.6200410562938 10.918022258810513 11.255472013151321 11.73973956936479 12.12034711099582 13.778877147519033 14.986723352168225 15.244118641046514 16.523016829742954 16.563615123190875 17.87243618611409 18.07826286127231 18.295440725864758 18.410572912609783 18.769276148907107 19.211620464494903 19.358750349004957 20.23323717871007 20.445500822574047 22.250052205115058 
0.2857142857142857 0.5 0.2857142857142857 -13.893387965274268 -13.801505134206787 -13.586930999219641 -11.825138983482253 -11.735085257917287 -11.696327684217902 -4.620806184254332 -4.28895951686135 -4.152704196023194 -2.66411175236961 -2.423020082693099 -2.0828675597728292 -1.6885140665021319 -1.2090622635002282 -0.8159896924955664 -0.5176372400804226 -0.03771049969220394 0.4950717948898361 0.9175701951755227 0.9390479766907877 1.4364398135181717 1.6777866576273215 1.7977036961398967 2.3450532767835104 2.9466032898771726 3.9136283172262853 4.360806009702544 5.1173295345372605 5.719417945557259 5.747153549030915 6.044071569850099 6.691958393160208 6.794757110064983 8.458483260218264 9.089824522619818 9.378485978251657 9.719926012338256 9.997758008322702 10.102883589897932 10.190013251181178 10.642853119871635 11.088502069886692 11.246676989482674 11.871530934156688 12.350318187546167 13.494030429511747 14.812333007202097 15.078410554663643 16.174529280298337 16.630083284603288 17.72371057549691 18.220903819590653 18.25234826052461 18.357482890774254 18.59132319956117 19.211483737818075 19.44385830871807 20.299131070247718 20.785982591079026 21.90376106334509 
0.25 0.5 0.25 -13.943052529226655 -13.830090985600952 -13.554294012737065 -11.809237318920664 -11.694774528029107 -11.65419494016563 -4.730559188329301 -4.324641258237412 -4.160998681341369 -2.547615218622874 -2.42877575129608 -2.098236381998007 -1.7861289104061715 -1.1914705470998268 -0.9080684863040045 -0.550328909277492 -0.08381479183745229 0.3379442955196621 1.030932515400835 1.044655659085219 1.3692541263169085 1.8279752997592664 1.8941996236698748 2.5391572031408285 3.004979133544832 3.9880903664041583 4.41762824977229 4.847477923356898 5.682201869021622 5.726494040845583 5.91412119906427 6.665366165777256 6.708333638076624 8.454955648536295 9.051452823519327 9.327483722434419 9.777914836503534 10.101092285066857 10.165863444393873 10.362373495097815 10.619610851236628 11.25644841938703 11.260804844298173 11.999459394272648 12.565266162591804 13.235592212071078 14.635809174652048 14.892415873578358 15.805286893912083 16.72465211111226 17.56471345392839 18.02779859556569 18.377077150149233 18.389701755211558 18.55063725375456 19.19093299952667 19.52068396485186 20.300834477853954 21.14095051327113 21.838753555436643 
0.2142857142857143 0.5 0.2142857142857143 -13.990207897795832 -13.857854944045615 -13.520724443692256 -11.793223970446899 -11.654458762842332 -11.615711844528832 -4.833916211796987 -4.341990078454329 -4.16232388697576 -2.7565545349542218 -2.227336145822869 -2.032181166916851 -1.8492643753899138 -1.1703339706255593 -0.9674143535498179 -0.5726116542261516 -0.1090477868636831 0.15423156273854985 1.1548504423657477 1.1922725581547375 1.3081219641120254 1.9678159259642687 1.9745706743971791 2.6318292785608857 3.1029504536394317 3.886218635475641 4.553485902031138 4.579696453346896 5.652716256916235 5.749681766040897 5.816697516339611 6.619151094667202 6.70155500717691 8.481083724830711 9.009790081964177 9.287178862842472 9.767534385573478 10.08518493122227 10.376116820504008 10.54308191427495 10.555543614743613 11.283549579143026 11.428459334149187 12.11934699478494 12.760400187087818 13.00502052841264 14.470012586453304 14.70837740909185 15.465510269100012 16.80614847199058 17.382763924060274 17.871731589838927 18.1841012190854 18.48989774244738 18.80366505653764 19.186318564193165 19.558871878402844 20.279297376828747 21.48195749992247 21.92402500491305 
0.1785714285714286 0.5 0.1785714285714286 -14.03307000531518 -13.883394263689091 -13.488011631437013 -11.777893117906913 -11.61622043276487 -11.582414430066889 -4.928131153960694 -4.33877478799895 -4.1558177875338504 -2.9826161903152832 -2.179330171132161 -1.959630728170915 -1.7618853735899693 -1.136156884379428 -0.9947916598515459 -0.5926241244244312 -0.11507222250044385 -0.00429315422351022 1.1504584099638726 1.3542599412903213 1.3842801445993385 1.9811177639706024 2.091791318408446 2.6161547042812 3.236639509001113 3.73337479976635 4.3206520153380765 4.725739283248027 5.661688494974558 5.666562209901655 5.811998178199647 6.5311817358896125 6.799956073249131 8.537614110475314 8.970028315534748 9.260290733046233 9.708515523219262 10.056351219823204 10.454841694204669 10.587267921135116 10.733704771256535 11.324584120907428 11.585247519445598 12.22147534696586 12.79973609190615 12.926838386468964 14.319291282629592 14.535317946861191 15.162650215599163 16.87223458583961 17.16953719538721 17.774266381685365 17.991939138988027 18.623864900677184 18.97546262319512 19.292339196327678 19.532834859067446 20.2854942340806 21.746955341783245 22.039950217674164 
0.1428571428571429 0.5 0.1428571428571429 -14.07015289201183 -13.905670535277924 -13.457675699568272 -11.763534265688781 -11.58153884801792 -11.555360375295518 -5.011063345553335 -4.311357499155166 -4.1447444674627185 -3.204524031681297 -2.2517969185025755 -1.9020937500615607 -1.5677836866590782 -1.0829424565475572 -0.9941213645683552 -0.611917409153706 -0.11055455667053979 -0.10509251736517757 1.0846120796527718 1.5110472048006653 1.5262625911212342 1.8925601387644668 2.1920495753241793 2.543392697059447 3.3661420712913337 3.630107175928136 4.079647527156935 4.883631348953416 5.571737288326022 5.706870499204717 5.807519148193251 6.443905776404725 6.9352349467390555 8.623157430398258 8.939365347373975 9.240573354734169 9.619659005806868 10.01982079189992 10.329475494530946 10.783218258863547 10.928248794987812 11.371346701832213 11.731199554569054 12.305815697132699 12.62376769254176 13.066266571765672 14.18936347273503 14.384739903919694 14.90368094457907 16.92182459373245 16.946833153690022 17.715939617968534 17.846465342722265 18.772183451601386 19.013964650896536 19.441638872294405 19.553229053987646 20.33161086873251 22.153377263648036 22.30678347693951 
0.10714285714285715 0.5 0.10714285714285715 -14.100142155487411 -13.923863759472118 -13.431827924404073 -11.7515896298883 -11.552585880913586 -11.534975545353081 -5.078246641387411 -4.258692830258367 -4.13139329478554 -3.414272211129067 -2.3377853583729977 -1.8660657399755574 -1.3907274009687172 -1.0141899796244203 -0.9784352728422402 -0.6345147945055167 -0.13164860722905217 -0.08314372222382303 1.0156689112067232 1.5623987859031079 1.7006306315158684 1.7714598917291233 2.244843079822018 2.4657131001015675 3.4586098744991314 3.59764725849913 3.875009046051684 5.0025346059926585 5.4926486513683015 5.777641928442829 5.800295564220511 6.356753170444687 7.0688006797090575 8.734433411419484 8.920613474856541 9.225048737296962 9.513949523527554 9.975853923259189 10.193591799683162 10.95718406229308 11.105189775635203 11.414253828539735 11.854793315561665 12.351662478247945 12.49077068465646 13.17243156260822 14.083934018833824 14.261142566406052 14.695255103767995 16.74212039558164 16.956236642641638 17.619646923099204 17.81389557477964 18.904838887808637 19.037927821545384 19.30387190059212 19.83459824091895 20.3623477012607 21.5024124336276 22.273860975279913 
0.07142857142857145 0.5 0.07142857142857145 -14.122181084889927 -13.937234622825056 -13.412139283701414 -11.742783384594844 -11.53073466047153 -11.521153086837593 -5.12838345757583 -4.18022366445819 -4.118170295660729 -3.6082450314843815 -2.409207626057453 -1.8462780642021697 -1.2651841215150894 -0.9781708168610839 -0.9424706526203912 -0.6604468416636017 -0.05763715357656666 -0.0368845298023334 0.9327596666672039 1.4035097841360606 1.7957259613685772 1.8630260327835555 2.2189743927167127 2.4398441282530032 3.4744900865771027 3.609901227735732 3.751574502521328 5.070749892698159 5.4346876622423395 5.803678787199113 5.864558179134177 6.268178572431652 7.177156110741599 8.861036953344602 8.916786970769694 9.206594039183157 9.410486088015412 9.928361112747808 10.068517370304324 11.106475268570431 11.238277096483115 11.444156607991134 11.959419538222372 12.30518076310031 12.458390593815587 13.240963551840904 14.006715415776844 14.16860859805048 14.542358546160505 16.57347792372817 16.97836586638095 17.51562241932158 17.856296679967706 18.9634439540855 19.11714041027585 19.157824337821136 20.07613288015388 20.44073963541728 21.239020546389284 22.34358534316629 
0.035714285714285754 0.5 0.035714285714285754 -14.135484435367026 -13.94554957779239 -13.399686856540647 -11.737387827837495 -11.517051478955839 -11.513132498384671 -5.159017067882776 -4.109031884833807 -4.077731348580877 -3.7808564965703844 -2.455681393521944 -1.8383060529980124 -1.1820551069373793 -1.006003390787649 -0.8836763235640097 -0.6864795487887134 -0.03561063936340167 0.14565526787766725 0.8049139981683906 1.2381076589788376 1.84526959400491 1.995719539911933 2.155295401480447 2.4423446790764385 3.418178335357183 3.633586009526297 3.726353823107574 5.097414012626225 5.402141151948549 5.815615779436406 5.953247070046625 6.18331265127091 7.247321798975989 8.9232940182347 8.98827584626927 9.170877706888872 9.331174126274345 9.872576188768011 9.990585260302213 11.224229628462366 11.30554369517934 11.464532291964462 12.038024520296442 12.226976771017236 12.472784406432833 13.281345329140747 13.959150002077838 14.111534997975086 14.448872158296084 16.46393453724937 16.990539866858217 17.44749473684646 17.91056199785103 18.975850830357732 19.040393229364806 19.205481743299543 20.278866667446472 20.522090921632525 21.05112559857218 22.38161153297869 
0.0 0.5 0.0 -14.139995913276277 -13.948049392607665 -13.395315134616808 -11.735463773001776 -11.512501505880739 -11.510136176331631 -5.168997908537052 -4.10491984878209 -3.983927928182394 -3.8982513570817505 -2.47140208706355 -1.8352873850220741 -1.1436368000153887 -1.0303224013843661 -0.8584559394571387 -0.6993283322796896 -0.026604620847128786 0.27396162429194054 0.6959018780196011 1.1846271632899577 1.8636990247105334 2.074037594517535 2.1015321649479173 2.4436117305863485 3.385541071436044 3.644456680348041 3.7287700114735736 5.102851654611826 5.392330787969756 5.821433259394736 6.0083611344242716 6.130539588820766 7.271771371040038 8.929306326764264 9.073342579075788 9.123092174373983 9.29898371815765 9.843821793251351 9.968822117451086 11.282630370210596 11.308339694948305 11.472654094289032 12.076221633624263 12.188119314814626 12.48003046533184 13.293685324830584 13.9435185519037 14.09274431232561 14.41743332297123 16.42400350701101 16.994878760866378 17.42554652568022 17.936640432262326 18.977644279123382 18.993708749934267 19.240813911058336 20.45190045104085 20.566975674734355 20.973645400562077 22.39263686277223 
